117
11256 9706 13631 1378 9719 3719 7556 5726 7811 10510 8104 8943 7068 10580 400 6342 12592 8634 6998 3283 4425 3204 3520 10135 124 9358 191 13167 12990 2687 1802 694 7429 492 1099 2467 2082 12449 3055 12107 11559 11168 5891 9785 5573 9589 83 13488 7824 11259 5574 2116 9838 13591 436 12863 1062 12796 12635 7245 12146 796 926 5441 9858 2714 1287 10042 10355 2314 3528 5453 4813 4581 11530 4152 8611 8522 4837 4253 2047 912 1354 2192 13407 3750 7142 10753 2609 8511 9978 4930 6255 248 12125 2548 4646 2887 8832 219 4845 13598 130 295 12750 639 1221 7601 5144 8758 2491 9557 6874 12715 9091 9241 781
6630 12554 3995 11375 13157 7011 13140 8934 1091 3769 2419 13244 9362 2749 10096 5044 7364 13284 7653 7076 2807 11033 2267 7606 12957 576 8780 3124 3128 3231 4591 6631 11296 13262 1509 347 5852 2370 6907 1217 1310 4201 4290 4219 5388 13173 5393 5575 8965 4512 5580 8407 12688 7733 9008 8664 3123 12854 1263 13292 6368 330 4112 10438 5069 7981 5601 4872 1308 51 4978 4486 5361 2428 9985 12602 8281 763 9138 2968 1170 2799 13391 9484 10407 11036 1211 5848 4287 3856 13318 12569 2201 3369 3841 12867 8947 7992 13214 5270 2356 1329 1452 890 5199 4367 8382 4260 2949 7019 1355 13488 793 1822 1932 12116 12828
11213 9298 414 12825 1487 3077 11585 8197 6050 12231 6713 3473 13582 3788 1498 2807 12933 587 11151 9829 3547 1235 1258 10124 2044 3801 726 250 4909 629 7310 8043 7049 9873 6606 5231 7622 8482 1329 8556 3953 4804 3126 3019 8767 7709 4063 365 2456 13244 10587 2780 21 10486 9949 12701 7859 7815 11203 12641 9565 6841 2349 3200 4860 11523 5313 8820 4566 9742 10080 10935 7038 8961 1496 9946 3124 1154 8976 13678 6240 267 1476 1854 11136 11039 8221 6490 9421 3556 3464 3401 12531 3153 6626 6342 5540 4192 10631 354 4693 6968 3346 71 13191 1912 4777 10900 10603 9500 553 47 653 3274 6813 4759 1936
10971 2125 10829 5941 13257 13169 12922 7651 4896 5869 5557 1524 3154 9542 12853 2793 12422 1091 2962 12271 12816 8913 2069 876 8878 2573 6551 2240 7526 6032 9199 3724 1416 156 5133 3716 4667 7786 6027 7933 2420 3819 7341 5595 156 7496 2131 4315 7622 2114 2259 9554 1702 4171 4038 7779 9939 267 8288 11166 12294 4626 7675 9214 11688 2302 9803 12946 5257 13434 11519 11354 11464 9144 8373 5862 1594 10962 9882 11344 13378 12431 6956 1637 6227 8431 9975 5582 8205 5047 11860 98 4105 11345 11883 13682 5028 6296 7416 12434 10090 9130 7279 13636 5614 6747 7670 8128 7909 9166 880 7309 6410 1505 4407 9136 4623
9575 7055 1251 3830 3308 10318 5298 12775 6876 7253 10132 4576 6754 6166 4731 13324 11084 11943 10735 10923 7200 5451 4537 2882 5038 7995 6508 6163 5193 1853 7067 10519 3955 7322 5142 8639 396 3892 2535 13045 10837 9820 524 1738 1681 7277 9893 3438 2271 7191 2240 10823 365 8601 11963 9581 965 12531 11713 345 2408 5703 4209 3990 5201 7741 10572 108 6982 6707 4743 10941 4807 5193 6708 1004 3089 136 11587 12058 6193 10722 4561 13447 12463 11118 415 7219 5909 666 11071 5490 10981 12493 6475 10876 3869 10692 6268 3557 7860 4052 2153 8659 11256 5751 5663 9384 6601 7925 7231 3385 4801 2058 11920 4535 5947
11839 4941 8103 236 532 11808 12096 4385 6879 13195 9141 2185 7097 7260 11579 1287 9766 1354 2206 4330 8485 8765 10496 4709 13272 11347 3802 12414 5525 6628 7473 13599 3554 10652 7477 3547 435 9338 6788 12738 8677 11299 558 13093 10286 13376 5288 8604 548 1443 5656 1325 6717 9982 11339 13590 418 4484 6081 8910 5377 8642 922 1491 1644 11880 9877 11474 8435 10483 396 3911 625 4869 7889 11372 6271 2507 7822 4867 638 4372 11302 6715 10942 2727 2314 4200 9803 3574 8625 6548 10771 5763 11350 11658 7754 11092 3213 5347 12546 6432 2701 11569 11250 5603 2102 9420 12762 9915 3789 12171 13680 10777 3640 7064 1452
6927 11570 10611 11804 11068 8135 2180 12917 6945 10588 7595 9121 2018 12712 1178 1342 1621 9248 10773 593 9719 10661 4732 2244 9951 1071 2951 13509 13341 1938 2097 10738 2427 10360 1842 373 10893 1386 9004 6525 7630 6660 10419 1014 8304 12794 4718 5052 11284 4258 6753 5372 11118 4526 7477 8417 5329 7038 2506 8774 2035 4978 11122 11700 10377 3010 12819 4810 7382 8371 5907 8355 11289 2105 1540 11941 9559 6877 12970 2399 6016 12549 13121 4233 2882 9647 4265 4652 12702 7882 3418 2653 12857 4185 3824 8890 10867 5649 7948 10591 12298 12785 12640 12458 5578 7780 5026 6478 3090 3582 8840 11649 3811 5211 13355 1377 5187
7660 12769 7359 12766 13664 13600 7628 1065 13522 6394 5984 4726 13191 5101 8304 918 4646 10895 12078 11913 1288 2217 10655 4105 13286 9091 7949 1958 6381 6802 5490 9421 11689 5659 1084 4152 8188 4019 11882 11402 2968 5496 13262 10358 5890 4908 1691 13322 13351 8385 2099 9014 7916 563 9037 9731 681 4871 9626 4753 11025 7311 9385 216 6965 6901 6604 10620 5010 13470 2326 5616 6292 3086 957 1188 1062 777 1386 6149 148 11317 8372 7157 3968 13202 1582 3124 2532 6485 8037 4805 6892 7876 2374 10253 10716 189 10081 10750 5679 12006 12505 3334 10504 2339 1859 6410 2807 357 6074 9179 2550 8087 1438 10699 9423
864 3019 3070 773 113 5232 9066 5701 5111 6897 1160 5967 2521 4744 13641 4646 5002 6180 11 8599 12973 7410 5831 6735 5290 3583 8867 2841 1672 1356 9437 5427 9260 243 12754 11450 12520 7564 11593 6899 4753 4825 2813 13435 473 11482 6950 7843 1196 1817 13302 13358 13498 1706 3304 10053 12996 11550 3326 2026 5131 12513 4580 6915 5365 9173 5893 4603 2245 11600 5539 573 3385 480 633 7161 11696 3336 5834 11291 2795 3524 1341 12889 12949 7181 4921 12810 9365 880 13325 5118 5035 11674 11068 5751 9605 8959 8098 12288 3263 7723 6058 4439 9372 10452 12570 1568 7194 1960 10330 3385 10574 11876 3309 6591 11683
6237 98 8674 6142 8972 3964 8259 13034 13438 2502 11322 6469 5153 12927 1940 8655 10920 5492 1519 6367 3732 10053 210 826 10528 1966 5202 5472 10858 7210 473 1966 1526 9251 10561 4246 4494 2030 3650 10012 7343 3364 11719 7611 7889 7183 3695 3253 8922 11912 6315 10965 6593 5946 5511 12903 1972 6315 9020 10403 409 9920 11092 13492 10961 12865 8273 10592 6648 5059 12948 330 537 216 13303 2955 5065 6804 11451 4623 8320 2264 4229 9035 130 12397 4066 3264 6470 2825 6126 12575 7189 3795 2723 6152 2295 3741 8075 4836 7561 13585 5814 12920 7358 459 5469 10998 912 7040 13028 1594 12923 3287 7698 10698 13191
8168 9502 11371 12857 6866 6879 10245 11005 9493 7309 5318 13060 10173 1711 12461 2552 12040 7862 13514 12514 8055 644 13052 7383 8430 7194 10136 13199 18 11009 7165 961 13483 13127 8726 6265 572 3022 8090 10818 5312 12040 4972 9348 10933 6847 2586 4456 8445 448 1113 4606 3091 8607 9022 4668 9175 4277 12723 8620 13055 5129 1097 8260 4275 21 4623 6107 12462 4615 766 6291 3599 8135 1101 3116 610 5316 6632 7766 1482 4989 12520 2594 13170 11544 7111 12183 11315 2565 4690 13056 10094 10369 12747 9775 13574 9328 3963 4686 1713 9174 7780 9432 2377 12152 10202 7534 5270 2482 5329 6852 4492 9235 5522 9542 5224
7185 13291 1566 3958 10503 9779 605 9546 1069 2551 1972 3162 12415 3276 11372 1113 745 812 2498 10360 10224 10272 1885 4587 10163 5649 12944 3772 398 6891 8214 5610 4576 3283 9418 1105 3685 3037 1430 4701 11345 5650 10352 4692 1309 12524 7226 10418 6957 8271 1268 12085 13165 8870 12805 11773 5453 2439 4864 2332 5407 4720 1481 6730 10930 3821 6742 7164 12949 7399 11645 9506 1568 9487 5260 10404 6520 11328 12046 4675 5566 13257 9137 2954 8143 11685 1128 6414 1398 8633 3441 12382 12337 2643 5983 2081 4890 5312 11987 1917 9488 11636 1309 4653 419 12459 10167 11411 896 7405 3840 2345 13096 3444 104 5506 4593
13615 2778 4065 2960 8199 5023 3633 772 2044 10682 11803 2032 366 3213 4750 7263 9242 12204 11617 400 3480 1063 12581 9581 6699 10909 6649 10826 5353 2983 7553 10848 1251 8094 11869 9826 5348 8549 1484 9921 3577 1298 7681 662 1323 4627 13685 9969 8015 4439 423 9370 7132 7454 7294 13339 7395 6938 11474 12318 10322 461 672 6421 10010 7286 7817 8452 13320 951 11806 12884 5098 10090 7707 11741 11147 7272 51 11310 857 4553 8046 303 11168 9040 6192 3929 6578 5780 6574 2331 444 3213 4500 2423 1160 12561 10822 8278 10991 1964 1117 6638 9832 6042 3912 7377 5788 7971 6611 3146 6397 5300 3847 6125 1539
7770 8591 1533 5086 4552 12220 8549 11010 6361 7764 4229 595 11457 13122 12842 4477 2106 4633 13614 12444 9903 9714 1983 8855 3827 6612 13329 3600 647 4304 3812 3423 953 8207 6757 10139 10279 13526 906 8283 2198 3053 13004 11839 926 1377 6301 3147 7642 873 13659 5364 6485 3644 12344 5885 6742 13414 4014 4879 8876 10945 12577 8702 7819 13073 2425 4435 12694 12814 10642 13565 3862 1260 3213 6366 9418 5551 1019 13137 3522 8102 7126 5367 731 1457 5161 10020 3701 5450 8656 13099 6002 13458 2925 1737 2263 11724 5622 11326 6792 2086 2854 1540 1398 3469 10989 997 7639 11520 1332 5634 1432 4358 7457 822 5334
4749 9402 10404 11831 3812 11803 9130 8397 12353 6367 8134 8439 9381 12317 11738 10002 12683 12210 1257 75 10954 12868 5391 11057 308 5362 9277 4994 2367 10539 6050 7890 3361 4530 4656 5826 3617 12783 6780 2744 7177 547 9993 5426 2905 12355 7430 5427 13520 12376 2211 3711 9018 10693 9155 4406 3490 2277 8323 8394 4640 685 4302 2420 3732 4862 1618 6712 12749 8599 9986 9320 2449 1558 8559 8328 9411 11769 5109 2317 11317 2179 10141 1596 7147 3230 9589 12815 8502 6291 12625 1524 4603 9431 7120 2516 10376 8341 4685 10607 2133 5083 4270 4953 1179 12934 12549 9514 9489 2389 245 13104 3950 4565 9537 7552 2920
3182 1550 9923 8025 6928 3293 10245 6886 1143 6162 3620 11474 11854 12835 3709 13418 2548 7981 2392 2093 1307 8287 7924 11067 4799 12791 2770 8385 4030 12707 1714 12902 7318 5470 11434 3954 4272 2070 11104 6990 944 7751 7810 8999 7592 8255 11118 2750 3716 2019 10732 12435 1147 4162 1017 8893 4185 8205 4532 13381 7562 6542 13501 13318 1791 5912 1135 3676 13266 6042 10623 5737 10915 6526 7308 7463 4193 9512 11892 217 8634 9182 13557 5252 9447 2081 6269 13125 5455 7265 605 12026 3223 4634 4693 5990 10247 6269 6973 3733 5624 13106 10922 6335 6487 3779 10136 8687 7320 1705 8975 2045 1099 8298 63 5039 9943
7652 4194 1270 2209 4432 742 7304 12198 4708 5221 8012 3984 2673 6076 10066 9682 2870 5548 9025 9978 8119 8968 2989 3321 7645 12186 10630 5461 5683 2627 10813 5969 7746 11455 4785 11775 3304 11465 7574 45 6322 11789 82 652 12822 9151 8495 5649 1456 1028 12018 6872 8358 3123 1942 13379 12050 9178 11070 6705 448 5571 504 6438 10576 13596 10279 9962 3908 12430 13622 5455 1502 12214 9929 423 9658 5087 8748 12180 1664 8257 7183 2128 7103 10228 791 11211 6301 6777 942 8438 7607 10134 4408 1368 11848 1342 7480 5464 6492 7977 7591 1263 2814 2054 6620 11262 10261 2305 8409 12654 1099 5523 9983 9564 6643
10599 6479 12008 13044 12338 13130 4 4237 10985 10822 7845 1036 11927 3850 13641 5349 2590 6207 6962 2221 10437 9308 9705 11936 9261 12633 8220 9519 9487 7929 12023 6684 3759 7213 299 3039 13343 10387 2438 772 10873 11810 3483 819 1315 9296 7097 8159 4851 8885 5012 1537 3027 7365 11602 1370 9067 1452 9682 9658 751 67 7534 11997 8758 4175 8401 12236 5495 7000 12808 1954 836 7976 11099 8841 779 8082 6527 3021 587 11902 139 13599 4500 3590 12320 1549 6789 2363 5541 6148 2198 5646 12016 157 9392 1882 11788 6634 6114 251 11470 9156 305 3074 2141 9876 2710 8074 1825 600 1913 12282 5606 13484 6682
11763 1436 7892 11917 8493 3658 8059 10182 4723 5111 1875 9807 5429 8725 815 936 155 8807 10934 4357 2305 9617 11036 9430 8458 3109 11727 4367 9038 8167 2546 4235 2000 4691 6435 2054 12466 8240 3220 5836 9761 8123 13527 668 8068 12949 7827 4743 639 5837 5842 5885 3620 13588 2963 11013 2087 4615 4322 12288 7124 12965 12 1697 1846 7548 12132 10909 10214 1325 9914 1010 171 11163 5896 6833 1350 4437 4613 4283 5949 1543 743 8814 13329 13658 4374 4030 9496 8023 6183 2211 1572 386 6167 7830 4493 8362 6774 10728 6758 10342 1650 12480 11042 5619 5766 5745 5095 2990 8539 1319 1759 3357 2004 5254 10316
7150 5681 9984 5724 6900 11661 9403 648 9616 6834 266 6438 4681 3869 510 7397 3041 4078 4976 12765 5429 2622 10123 5908 5065 654 9432 304 8154 10329 11791 3866 2713 3883 1320 6648 1526 11391 10109 9185 12572 699 3135 6455 10223 5343 12187 3621 13668 6482 10593 8356 11046 7818 10485 5949 12994 7662 13167 1111 1885 6574 5986 11808 11275 2083 2457 11829 416 6329 1313 459 9644 3477 12761 7480 4346 6941 5039 10704 2932 2949 10356 5443 9205 1852 8589 10381 3695 2553 4156 535 11745 2670 13127 4867 5145 8327 11980 6014 13036 11966 10846 11785 12022 3475 6492 2803 12793 3741 960 5394 9476 6899 8703 9069 5283
9816 668 1464 9361 1838 11173 10133 11246 10045 8574 11643 4761 12310 12213 3512 7708 5306 448 5287 9819 3850 10362 8147 6775 1994 13054 12515 12777 10604 1190 3224 8447 9054 11532 3191 1466 9311 794 2434 4850 107 4294 9793 3801 3414 8660 9146 12712 3877 4387 2482 9885 7104 4103 4961 13152 12585 966 7698 7148 11876 8794 12558 1064 4283 10121 7254 5292 7731 11571 9730 2358 9117 10888 312 6170 3104 3106 10406 10949 9335 13315 1915 7941 13648 8832 5949 11300 11878 5028 13473 7562 1854 4061 11518 1472 5249 8948 7416 5256 7740 11827 6909 5626 9274 1192 13627 2941 2658 4127 7670 9748 7424 7937 6918 13370 13339
3536 13421 1472 2834 10015 2564 10224 13056 6883 10153 9477 11010 6109 13591 5975 5577 7859 12851 13045 6074 10453 9175 3210 13425 9513 9778 7610 5698 9460 12071 7772 3356 4715 12141 9260 13078 10737 883 9567 1219 10909 530 11150 10224 919 11799 12971 6419 7784 12165 4247 4298 4308 2885 8633 8113 6637 4879 7025 10123 3975 9652 1296 12391 898 3821 11022 9994 6804 4853 8804 2501 4762 8808 8080 5217 6401 13394 7942 9403 3609 4829 1095 9089 212 8003 11519 6919 10118 13006 7239 1363 5474 4558 967 4590 3840 10024 6 12235 10554 2157 9247 9439 5975 2981 10819 9110 6803 8857 4655 9788 7894 5016 7343 11200 2715
2488 3629 5157 12350 280 12542 6205 10917 3977 1154 2440 11471 2589 805 11076 5864 766 13356 11003 8865 13030 329 7805 2020 5281 1759 11121 6121 8830 7187 6514 2029 7333 4683 6034 3255 1104 12074 6179 12784 10634 9158 8895 5045 8615 2587 910 1892 1112 6313 6203 6391 1712 5422 10185 9358 3181 307 12625 4784 1294 9955 5686 8595 3184 11387 6866 9532 1081 11396 5969 1138 1644 9209 5961 12646 11184 12189 9672 6590 1459 7445 9782 7552 5443 12432 8685 10425 7353 12057 1604 6347 11071 2106 5973 9728 7979 2421 12527 2869 8327 6410 6295 6904 4856 11255 4802 11021 6118 12523 3193 8603 43 1047 832 940 5334
9327 849 1713 1539 10752 11374 11551 11610 935 5223 2535 8664 1735 4028 13362 5270 4675 10587 1702 2164 10560 5532 10934 5420 711 11270 9161 10242 635 5981 9023 433 8477 683 216 6100 8492 12965 6699 2295 5698 7219 684 13442 5834 5723 185 10806 2924 12394 7862 12104 1881 4081 3210 12709 10880 144 10958 7673 1517 2935 11806 13471 12129 12913 2760 11167 3665 6176 1822 1799 3424 8564 6226 2278 2689 363 851 1475 5924 12471 3363 13353 7164 10393 1806 12815 7173 5111 8739 3296 1815 11405 11402 76 6463 7504 13170 12656 3149 12358 294 9160 1562 11545 7745 10016 1703 5275 4007 13246 8379 7543 5718 8850 9824
11699 11591 3346 1103 408 5503 12201 5775 8011 12331 3841 8591 8151 9029 13629 9496 4756 7835 9910 11693 4285 11048 7603 6683 10855 6770 11154 7288 12072 10501 7555 5114 8378 11322 241 5709 7026 6874 12274 6429 2542 5334 8451 7153 6457 6419 13676 8216 9312 8921 7916 11338 4570 9023 9539 3035 5810 3596 11164 4556 5368 11069 12172 6443 10652 10085 10685 8947 7666 3497 9011 7908 4724 6579 13007 1308 8738 7073 5620 6567 8520 10608 11928 758 4778 2254 11881 6773 9899 10558 4821 13172 1263 9168 644 13504 12455 1574 3346 12877 5559 12504 6067 9301 1892 6362 5228 8647 3528 8990 2114 1160 943 6318 12497 2694 4491
8035 10167 5131 10489 878 10148 2736 3546 11935 11095 1973 2991 13605 57 12222 2111 3902 5229 3271 7033 4709 648 4216 10492 6742 12718 10521 12341 7798 2779 3688 3121 653 985 3637 13069 6788 9339 8013 11536 12491 977 11817 2545 3067 10362 6539 11243 9194 8824 9890 860 5979 5054 4706 5499 12632 7259 5172 9157 12183 250 5204 4865 4517 261 12000 5402 2226 1908 3706 4500 4386 7556 519 2930 6212 1596 9595 7992 746 13575 11208 7600 3042 12270 786 6298 13684 10533 9858 8035 3636 9311 9267 5178 7086 9108 1289 833 8911 9832 900 8729 2262 12749 4414 8971 13463 7615 10817 5224 10413 12376 7835 190 8740
13235 11558 9455 10668 7243 1092 13372 9747 12450 12046 10758 1435 2570 13330 1360 1080 7288 1451 10088 7097 2034 9098 4586 13665 5260 8550 7070 9958 6914 3813 5713 2755 2241 9651 10808 8779 742 12484 5999 7036 3285 8402 5000 639 7661 7429 11078 6372 6292 8635 12725 1673 4593 8979 13460 6549 12609 11333 3982 12448 6275 12349 9824 8314 12628 8795 6353 4271 3367 10107 6167 11049 3188 6931 2237 4686 12289 2889 6903 6061 7232 8495 8593 6259 12096 10149 2896 238 11622 9315 3493 2552 1192 6633 10717 10480 7221 1161 1317 11870 8701 13224 5469 10501 6049 572 5415 10295 2766 9456 2730 2946 609 830 6597 156 6592
7508 13527 5567 10677 3338 11554 12402 3438 2453 5968 10014 5103 13324 445 12158 6263 2125 8245 4064 851 11625 7665 348 1990 315 5631 10926 9945 4433 2722 11578 4644 3399 880 2520 3801 7465 4830 5479 4542 3123 8052 5387 13642 6039 1046 8449 7142 195 11112 8615 2895 5235 1918 9822 12489 7167 10940 9294 2476 8309 12767 11062 4174 12289 7898 6944 13525 8141 5707 8167 7911 7582 1702 2267 12476 9857 13175 2982 4775 4222 9033 11942 13574 681 1672 4222 13552 10223 1134 1257 10512 2950 5639 1239 11435 13026 2982 10397 9860 520 11810 8290 9694 2504 6300 10611 1511 2836 12028 9402 9225 10449 8762 6433 8702 10237
6963 5185 10304 4863 3809 510 10944 5431 2697 4394 5544 4690 8297 13193 7144 12606 8299 8718 8785 11388 8165 12821 3070 7934 4499 6737 11724 11265 6296 13510 3357 12435 1837 13246 11211 697 7114 7258 6859 5673 4169 8467 8759 3098 5935 12826 1819 11901 4405 9817 1186 12189 9923 6310 748 4767 7080 5030 2781 1173 6786 2821 4060 12620 1439 13097 7427 2545 10697 3888 13281 1489 12220 2976 6868 3314 4570 332 7300 2925 10022 4908 3736 13683 7012 175 1702 11250 8522 11317 1850 13663 1522 12128 9245 984 7105 12775 7634 352 7721 5779 4637 6046 5911 4472 6041 13466 7227 6238 3533 3298 5117 10422 1439 2911 562
3792 7976 2636 8520 12890 11144 11808 2789 6228 1259 5239 8891 965 8648 3218 7721 2039 12233 8929 9010 12324 3239 4956 9487 11997 1384 9035 2562 1198 8948 12140 7519 3823 11492 5203 3751 7247 13005 1478 7466 3089 10964 3109 2013 11197 11138 8587 10143 3907 3251 1144 13167 11473 12129 3074 10118 11325 9876 12585 6090 7995 7479 7879 11617 609 5290 6762 6621 12059 1335 214 11518 6854 6409 9094 99 2616 2124 6482 8035 13206 12278 2468 7902 11926 3464 1767 12394 6985 8330 6167 2996 93 12433 9743 8058 1529 3683 10489 11546 1092 3099 3253 7825 6154 448 9407 12365 5917 5923 835 10163 1747 7 1956 5541 6170
11705 4369 2367 7636 7102 6548 5786 9329 4521 338 9529 34 8714 13581 11016 3192 10093 511 4046 10073 1001 9983 12518 6836 11447 3767 5785 7665 9428 1145 13006 10051 1338 8628 944 3789 3765 12191 11956 426 9745 5098 8686 7131 6917 7026 4402 13111 2942 1072 11535 9517 10688 12675 416 8966 8001 678 5115 1578 5981 12233 9749 7925 1796 6804 3653 10027 10067 13413 8697 6185 10057 7366 7401 6156 5643 10921 1671 8793 7903 12265 5972 4536 11210 11774 8026 8268 12407 4058 7112 529 931 11424 6975 8766 10530 11267 2819 302 3299 1049 2909 7961 11230 2047 4769 7496 2667 8858 6240 3520 611 8620 8913 10950 10178
5219 2144 13174 11767 2892 12519 639 10443 5168 952 7543 8429 12771 1491 12649 9306 7523 12164 5341 3959 6753 6150 3956 12451 8954 7133 640 13145 7463 9422 6255 7169 1590 4155 10686 10267 6710 4908 336 9701 172 1237 2386 7109 6582 3073 7584 224 9363 10086 3565 331 442 1682 7095 11462 6182 8774 13279 5665 6741 9993 5246 3056 692 11624 12965 939 9440 3007 9381 7252 548 13121 1549 5065 8451 3161 3778 6088 4855 3745 8174 6095 1303 6151 1884 12478 9828 3634 4956 10644 6244 6315 5172 2867 3100 5324 8350 6165 7417 37 2464 12505 309 2880 11473 2075 8305 6393 12839 7569 6670 9190 10815 684 7192
8680 6018 5482 13589 448 3962 7975 12157 11677 2859 12686 9284 5925 5730 1087 10759 7840 1999 6238 10716 11972 1155 7758 8708 11258 10948 8485 4747 9142 12410 2541 1363 6182 5743 1474 879 2448 307 4886 12776 10198 8700 239 7977 11031 10974 10445 333 5841 801 3803 11517 3762 8945 12183 13421 7507 4453 254 4711 5802 5253 10754 6305 11675 7744 1368 3618 12700 12126 7613 12800 2478 1816 6265 6254 5343 2407 9611 5259 13297 13443 3977 10765 6973 12229 3065 3467 7737 10259 11045 9445 590 7004 12280 8209 4025 10088 4067 10250 5337 372 9941 3363 13345 7777 9584 9956 1935 5036 8788 9403 12484 1670 7490 5685 2354
8833 6698 969 11680 8832 10509 11244 12134 2782 12600 1868 9225 10210 1133 5533 12281 4717 2448 6274 1496 11552 4438 7880 9924 13041 11784 409 2469 2051 11269 11337 10800 3951 747 3012 6341 12003 12620 9571 6884 6887 4080 9513 11431 8503 5300 8083 10389 5119 7691 566 4527 3926 10972 1433 11340 2041 13564 5776 4227 11973 8042 13231 306 13168 6022 11057 5867 10126 7945 3400 8880 11762 10004 12003 6204 338 12179 13506 3014 13178 5074 3072 5314 3289 8883 3900 9146 6002 6718 12302 7879 13006 10972 9591 726 8739 2218 2047 4301 3907 6734 12330 6178 8349 1896 9953 6551 10017 13542 7490 6263 4484 4063 2093 249 5159
8001 3656 11474 11252 8717 4759 2117 4628 4651 8369 11433 12568 1176 10398 3648 4381 2765 1628 2523 1911 968 12860 10406 788 3427 7102 11389 11165 1107 7991 2655 10110 10495 11467 5698 3947 1135 13425 5253 12737 7683 7919 11888 1143 3912 6957 1863 3275 13110 4502 573 12043 2901 4941 7804 231 9242 11693 5314 7213 7842 4112 1603 12101 9195 4711 9259 9531 6577 13227 11712 4120 1724 1890 6272 4792 10008 4356 12906 237 7344 11746 10548 5181 6109 12292 10314 5262 8509 8941 7807 8635 1925 11401 3645 1187 1177 4083 239 6722 7639 7363 6358 7616 10242 3453 10911 1499 2094 5194 951 8497 7140 274 2823 4214 8950
12861 9286 8916 5795 1962 2596 12110 7731 7871 6311 2910 13635 2112 12888 9910 8840 3489 3460 944 11544 6820 4970 1060 1917 13085 9439 1874 9930 1395 8493 4278 11285 11134 12448 3875 11741 2897 11476 5350 11435 9057 3435 13247 5400 4322 5714 8745 5926 4437 6787 7538 1436 1624 9049 503 538 306 4137 11858 9397 11360 4816 5464 7574 10698 1032 4231 1888 1300 2884 1767 4773 924 6732 9846 7353 12829 11443 2944 13510 13060 1290 2363 7559 6532 7693 1372 671 4869 13151 13052 5841 7875 5069 13322 1926 12808 11678 12140 9404 7204 8433 11482 12540 7538 9530 10598 955 10689 10 10014 1580 13091 524 11796 10324 7406
4895 4162 4837 11937 11080 283 604 11915 1475 1252 2198 12123 6774 11714 11289 7171 10473 9772 5511 11987 4556 4754 58 13161 13513 10727 6169 11601 2446 4465 5399 9048 5213 563 5439 4410 4531 6577 10930 8826 1683 10595 861 12810 12061 4819 7117 3651 2669 6607 10430 6831 8954 10896 12037 6203 292 3984 11862 11836 11248 5265 13132 7889 6961 12710 5156 7061 12301 6518 908 7827 740 2353 5748 4740 2047 11604 8246 5452 5846 10519 10178 5654 999 1171 11499 6160 5607 2246 7725 10290 7051 34 292 9583 10939 2535 11485 299 7284 6493 10924 9927 5101 9291 11144 9219 817 7010 10637 10083 5704 10804 8016 5622 11496
896 6392 8570 12264 10525 1391 3792 6206 9780 544 8641 7651 8573 3256 7379 5701 8221 4051 5563 10723 6600 8015 2839 3782 9740 9562 10146 11218 7938 11059 7171 8934 1734 287 10295 9366 13377 5525 5895 2618 11154 4975 456 3359 2810 12007 10324 10636 9478 6911 1043 13271 7551 6023 11131 126 11556 11569 12452 2879 930 9381 174 555 7383 12371 7554 1043 8238 8690 6634 6747 1487 12875 1977 7305 13023 12850 1132 9915 9357 1866 1718 11556 8012 11059 4420 6196 8429 1153 10033 4347 9005 6497 12267 1464 5517 1932 8331 12978 11453 4762 4120 13455 490 12006 10423 4004 233 5857 13146 5906 4090 42 7915 13639 210
2481 1508 10922 5919 7834 13497 7011 8338 10560 5764 6822 12318 10245 449 9859 13542 5842 2309 6444 11701 1980 7449 3448 8617 7300 3086 9789 5725 7343 7908 7885 7245 10109 12292 11066 12406 13370 4494 8017 12816 13532 11423 1984 3952 9325 7252 6945 13237 1948 5720 9156 5956 5217 7683 486 4986 1826 12919 11391 5823 12826 5248 11736 680 6631 6610 6266 12047 8651 6121 6266 7010 11406 6269 1797 5435 1007 10237 711 2692 2643 5403 9646 11634 13084 2663 12440 9911 8805 8359 1798 1272 11436 162 2301 1349 12512 4393 10242 13298 11857 2305 2987 8302 7693 8229 9803 1696 10938 5946 948 8545 12347 12565 3485 2360 13123
13581 9908 9377 11803 5945 1854 7196 2403 905 954 8448 12398 1798 5706 7922 10301 1213 13175 7966 12046 5985 7011 11442 5197 4118 5545 6712 12069 703 9421 11621 6281 11154 10690 9931 1313 12819 4871 11407 10581 9576 549 2582 13413 7609 9024 11409 5785 349 308 7723 9446 7275 10236 512 10085 2932 6111 1902 2607 123 11794 6307 11332 4010 855 9821 12711 2971 9409 12771 7777 2579 7616 3962 6199 5785 2504 7724 2515 5864 10820 7118 3180 13637 11992 10463 11746 2003 907 9516 12616 3688 9337 10891 11097 6441 6907 10132 3180 1904 1567 11414 8940 5807 9523 8790 12275 12578 2985 2707 9075 357 2004 12981 13115 12646
11747 10727 3772 1653 12340 3661 11716 1743 9755 4298 2052 1684 1045 267 12576 795 6057 1592 1740 8910 2933 7229 11249 4294 4972 120 12117 12136 4100 6964 8535 8295 4175 6540 2575 12450 7642 10063 8506 3838 11122 1512 1381 12559 11179 13378 2737 6567 8068 9312 4781 3250 12649 3324 7340 7264 13259 3501 12546 6310 4199 10625 1721 12328 7167 641 13572 12651 7696 2566 1639 10327 10908 13462 11759 10487 6069 7864 12680 8277 4332 11583 2739 7062 1395 9125 3065 1274 2245 9188 1127 7303 3164 11295 2685 3773 5606 1073 5469 485 4833 7184 11771 12142 8780 2876 2047 1544 4123 7501 2505 12962 11747 923 10537 2174 1049
7095 11685 7749 195 9301 12415 4971 9942 1338 11323 3843 8247 3720 3604 12677 13014 1501 7049 137 9782 1240 12513 2462 6067 10876 12637 10395 9336 4533 915 10023 11707 3271 2794 8638 7411 2267 5474 2138 559 10692 8771 3320 917 2904 2974 2576 13016 13582 6523 8321 8976 5030 1864 3067 7645 770 7950 8269 10554 771 8412 7015 1265 6877 5198 9546 12003 6804 6686 3364 4617 2645 9330 3414 220 10412 4652 8752 3393 10859 7204 2135 545 3033 13100 8593 8770 9653 3678 11709 478 12678 239 6105 11216 2937 10475 1786 1181 9319 3205 5288 2842 12092 65 2816 5158 10107 327 5374 5966 12214 10510 1796 9359 1122
6338 913 2928 2152 5976 4503 9794 761 8188 4222 6042 8098 3889 11322 3885 7667 7444 924 5661 688 6853 8904 3248 12369 3963 2113 1886 6193 10132 2485 12038 1102 6588 1104 11165 8247 5492 8162 1222 5973 11556 3962 603 6439 3056 10982 166 11018 10597 12146 6669 750 4402 7355 4073 3106 8682 6950 5936 5273 7772 3443 13117 1806 5202 1652 6653 9695 7316 12208 7572 186 3145 5223 720 828 69 10984 4148 10674 11752 11372 7924 4371 9273 8806 12703 6977 12139 259 2198 6386 7381 9366 2661 4803 7170 10943 8556 12211 1070 10204 7305 13327 3626 2607 3880 11362 1505 13197 10552 5342 7220 885 9565 6815 8908
13325 4023 3195 412 12953 4555 12703 8944 8426 5008 10286 1666 1509 10268 10706 4812 7409 13088 4200 4949 4383 2792 5101 4175 3918 6060 9292 6251 3555 1006 13492 8896 10269 3813 5448 1736 602 7072 2589 6855 7810 1421 8936 11898 13685 6738 4209 4876 3345 9845 3589 7519 6730 1553 10461 6791 6361 6953 8764 8945 1038 9392 7450 6314 11713 5628 4542 1687 1347 1277 1327 9531 12844 7213 6468 3041 4486 5530 3454 49 1199 10998 633 6048 6820 71 11976 2949 2001 8213 11470 10086 8106 4417 3111 10197 8305 7490 4446 1410 7465 10291 6908 5867 5562 8846 10736 4957 9085 10728 6266 5123 1422 4858 12523 8937 11221
9757 5671 4857 7313 10294 12885 4470 111 7434 2856 3767 12429 9804 12629 3981 2198 10083 12063 11897 13195 10651 11112 8809 998 1696 10341 11933 7633 1047 12597 4525 10937 2350 1097 527 3317 2815 13158 2095 12824 5833 11661 6464 13011 850 7169 10638 6949 7514 10188 10591 4736 4604 6553 6209 10082 11949 2962 1246 13374 5726 4972 9304 3322 11296 1416 10106 7838 4439 9191 10951 7595 1863 9659 11603 10922 272 7904 6849 8411 2213 2372 2381 3969 11811 4432 8076 9627 6843 2853 2303 12048 9550 13334 9849 4300 9534 8131 106 8208 5675 5325 3050 8179 5995 188 232 8939 12858 6960 370 7427 12112 10582 11693 1321 7837
4615 7158 253 423 12720 12776 957 8113 5598 8058 10342 8664 2163 1562 217 2183 3198 7497 10626 6305 4520 5476 7796 1140 2241 8305 9951 4583 6505 6515 4569 11668 6194 611 5846 5757 8195 12950 12056 8362 1651 10962 2577 8998 4542 12285 7659 10035 2765 343 6729 7756 4209 13214 10084 7689 5870 11537 124 5335 4049 8306 8343 10470 12437 11803 3594 10714 1242 4391 1233 6864 3539 11870 2614 4074 11793 5786 13127 1165 839 13177 3211 11080 7425 7384 12142 872 9038 2591 12626 150 13621 10453 451 9663 12394 3433 2099 10493 13388 7159 12692 1699 13066 2219 12760 9527 11927 5486 12506 3396 5022 12677 12429 13429 7100
1931 2125 6021 6615 4021 10169 8729 8619 11852 8161 4163 13472 10923 418 6670 5794 301 3480 5685 1038 8979 10074 1965 3124 1977 9960 7745 1436 13488 1577 5561 12015 12917 1238 1642 6062 1244 3832 2697 8124 3971 9092 10156 5288 11972 9792 7369 8425 405 763 11914 6632 5912 5682 133 9848 872 9488 12422 11956 1490 3465 750 7416 1508 3775 10588 1994 295 12902 3553 10931 2598 7550 836 11560 10908 11538 6143 11946 2083 8597 9099 12487 11584 8525 406 11778 11654 5224 6119 11646 10426 3472 12835 2367 4954 5875 3817 4746 13231 4819 3560 5559 5913 12142 4573 11226 11966 6075 9168 7197 8855 8333 2105 12543 2965
8887 6551 11190 9666 10074 12258 1578 4307 12295 3970 7728 4467 10647 3305 7215 8031 5067 13208 6218 10295 2566 9654 1777 3925 4670 8702 12499 522 7297 8666 8615 12401 9429 9958 10548 4876 10843 5961 6842 4866 1709 1784 6132 1839 3479 3941 11787 10726 5805 12703 8157 11272 6973 12991 9858 10184 392 8430 11782 3973 10148 2173 12065 3361 7432 10179 11175 956 330 6213 209 4448 13421 5518 7489 4255 6076 7826 946 11628 12522 11645 11785 7668 10831 876 9463 8040 205 98 5029 9153 817 5476 1217 6886 9444 10878 11328 1549 13280 10892 11929 6417 8510 4953 5745 7129 2533 354 1984 1423 11612 13604 8857 12042 11955
3325 7750 9241 1429 13392 961 2384 376 4079 3382 8563 3235 964 4791 11559 4696 5750 3935 4454 7304 13505 10458 4466 11736 4443 8529 1833 2184 2253 12448 3109 7065 875 6843 5534 3625 12925 10884 5135 2903 8905 12533 13334 5216 5820 8175 2827 11237 573 10666 7667 7567 3817 8475 1906 10839 8873 8650 13460 6848 11419 3076 4688 12146 4844 13112 6251 5634 7645 8837 9482 4804 3692 1954 6922 8066 10397 6650 515 4793 6200 2680 7756 13141 6021 1619 11991 4116 5747 11387 1085 11315 1663 8582 161 5895 13324 5771 7447 9764 8883 4577 9759 11905 8876 6862 5040 11764 10478 7239 11461 11379 11525 647 8833 1344 10654
12678 7065 4120 5564 3849 411 2527 6484 5946 6558 10893 9827 10649 2201 11881 6896 9245 12066 11076 10211 12918 2872 6097 4928 10662 7142 272 3149 3331 5511 3457 5972 1816 12777 7944 2822 1002 621 12184 6340 2611 1124 12776 12837 13456 6355 12527 5836 11454 5097 5628 9787 1744 4849 8052 1212 5668 4288 1660 11895 9518 1739 9219 459 12994 6680 13265 12373 7857 10125 4115 1041 6180 1909 734 8905 8439 2765 1964 11547 13589 532 1239 5263 9906 7251 10922 798 3547 5033 8456 5255 5169 5438 12316 5700 8970 9197 11435 3724 3841 9630 6074 11611 12408 7639 2391 181 6547 3613 8642 2740 6498 13629 13229 3747 1036
8825 4274 5766 7172 10962 7398 8609 320 5029 10076 116 11195 8165 1657 12978 12576 8599 9067 3775 2008 4209 2576 12418 7007 7878 11127 12832 13122 7303 9907 5965 9728 7695 2415 4285 12552 11494 6355 3519 2364 1917 8007 2692 7453 4111 10450 13076 8703 11503 13413 4161 10890 156 2400 1349 2694 11667 6238 11970 4751 11924 6747 10493 12907 10430 4502 5381 11442 3061 9892 9543 5354 8415 2493 6184 2973 11157 969 7172 13680 9281 11280 8108 7819 8099 8810 6361 9905 7729 12554 1278 8623 10163 6893 4580 357 10296 2388 9617 12638 463 13045 5738 4708 714 10282 8321 4721 9449 1371 5938 3304 10037 5756 12301 13054 9367
12127 5536 6832 9161 5368 12238 2928 8886 10989 300 1190 2717 7427 3804 11380 11892 9636 13080 12202 13057 6586 10712 9890 12229 8092 7868 12635 11444 9194 4772 3273 2330 923 508 11621 7390 3137 13389 7324 3580 12067 11622 868 8949 1923 842 6361 5736 1184 945 11101 12749 10878 1629 12645 12793 5290 4512 5012 109 9221 12109 1131 12233 4302 6182 8622 340 9407 6906 13010 4352 7011 3326 9850 1486 3823 45 10791 5230 5233 6109 8497 729 3218 3820 3989 13047 11466 12151 7606 8538 10757 13555 6887 7790 12788 7934 8651 12975 7546 678 2516 5216 4633 2471 4671 5796 6345 981 583 6439 8568 8509 9995 7890 9156
9303 11146 8882 7751 1822 4794 12843 1424 7448 6974 12862 12147 10445 444 3871 7058 912 6839 6612 8623 11355 5126 7273 11110 3981 956 2169 5139 10095 6841 11082 8100 1602 5345 1186 9085 12198 7284 136 7884 12133 6144 5248 13301 758 6996 1427 5488 2480 1835 9217 1495 10288 6007 849 11437 5568 4371 5715 4649 640 3027 10453 9882 2653 13581 6358 9370 3470 1772 4693 4043 13532 3110 2644 1689 8216 4309 589 1361 4729 5588 4860 2169 1943 983 3731 1999 3352 311 8385 4788 8194 10636 1724 10892 1731 9254 3222 12872 13627 2930 1166 12682 2949 3790 10727 5709 13516 11051 3945 10950 9807 5455 8429 2195 12649
1209 1042 12347 7758 11668 4839 4397 4860 5200 4871 7969 1020 4961 1601 4121 1863 2590 289 3408 2158 4919 6626 9506 4464 3024 13593 4522 7552 10517 271 13242 4184 8807 12196 577 11409 3281 11987 3238 3162 8155 2983 13689 13409 2364 9146 5361 5716 4968 9320 6609 3217 13320 12939 5660 4255 9116 13291 8817 3868 287 12253 978 8895 11086 3455 4452 9662 6274 12832 11620 72 5376 6084 3680 7401 10603 7565 299 11077 376 3401 4097 8183 5769 4944 7369 13027 13355 12401 4044 8700 5026 12489 3716 8323 13005 3868 8910 1800 7646 2863 9513 2613 5539 169 4878 11434 9467 13509 9197 3645 5146 6311 8873 5915 4043
7436 4873 9693 2061 9356 13508 2777 3615 738 12168 11762 3949 7977 1502 7422 1377 5016 11216 10629 7192 4763 877 5705 4445 12933 5832 7224 5372 8136 13643 10969 10508 13514 11539 8419 1132 13298 13370 9741 11657 3347 3044 3915 3151 6838 1382 6383 6065 7959 1196 2987 13628 8101 9275 2542 12472 1300 10751 1528 9958 12450 12004 2759 759 6442 13636 4893 13224 4376 12140 1222 2700 13459 8986 11287 7433 2555 3576 7090 4299 9154 2613 12221 4511 6307 2195 631 5626 4089 5155 12328 2980 4895 2165 2422 3663 7959 12077 4827 186 7316 3755 13260 13382 1901 10268 3859 12462 10184 11010 2087 12384 10502 6621 3324 8496 3745
4805 10416 2233 4975 10164 5839 3816 4656 2845 5695 1798 1856 12673 11351 9124 4885 5140 2178 9347 988 7747 9059 903 9431 9488 1702 11762 2121 9389 10771 1783 7914 2748 3985 508 8548 4804 2851 13517 7620 13445 9259 423 7137 6173 6853 5072 8129 13260 12521 3451 6031 5787 1110 5418 3017 8469 1800 9379 2324 6101 5518 8510 9218 3515 5283 2256 5572 12933 2047 6035 2562 1649 3494 2135 11741 8253 12540 5622 223 7198 8112 12966 12482 11449 11595 10726 3784 10721 8606 11299 12118 12917 8775 11928 1894 4578 5376 6088 8705 5197 2808 10216 12982 7090 1516 154 7096 3806 7425 3756 6537 4920 11176 12906 4793 12427
4697 82 8250 816 10569 1608 8480 8101 470 4408 4160 11449 13375 1077 8681 2363 3273 7287 12742 3581 8135 8150 5896 407 11795 4103 2000 2062 1921 13529 6591 7072 5884 11488 7824 4594 4650 12822 5882 12854 3528 3920 3163 1743 11590 8111 8259 12103 10908 11563 11646 596 667 11992 5789 145 13555 2698 5838 4170 6147 4132 11303 7424 4242 4058 7310 6163 300 1212 5755 7960 2894 10740 1265 5160 12869 6815 73 10263 4551 6782 10557 627 5391 5622 11224 9365 3630 1745 20 8371 12035 13398 9828 7601 6691 4361 11913 5088 12845 2271 4671 10090 4210 9599 4845 7522 3683 11414 4470 12874 5615 3135 4538 3352 1379
7473 2059 1850 4877 10824 11817 4850 6480 4738 2434 7909 12843 10063 1562 902 10 648 4664 1799 10829 6410 3655 10961 11042 4505 3044 4426 1768 10248 9179 9540 7915 8323 381 7635 5488 641 1642 10902 1252 5837 8429 11174 4868 4353 8778 7005 6423 5696 1684 8495 12710 11790 9386 923 2278 3771 2659 4561 8875 2566 13352 8491 3933 768 2606 11555 6689 2118 12831 12285 8144 11792 11452 10630 2792 2615 12627 5654 1629 12766 11869 12064 2557 423 10146 9552 2293 12936 8166 301 5410 9016 3727 12830 13676 9583 11092 5915 3713 6921 5307 11732 3203 6932 12244 1764 8742 1313 4267 12103 2281 11505 12197 318 70 9844
10158 10819 1125 3656 6778 8983 4671 3906 4242 8385 9246 2196 11473 11264 1874 6958 194 922 10800 9387 9452 13058 2297 11684 3958 5348 8200 12344 12449 1042 3152 763 1555 8825 5151 4237 1274 3949 13033 10771 9470 11824 10182 11786 12857 8218 6968 9923 9592 11782 12608 10166 12834 2001 4930 9292 7005 1606 12481 4806 11268 6814 3287 3103 4179 7440 5820 7619 94 5370 3291 11612 9342 11090 7123 88 11194 9644 3718 5119 9905 3137 3400 11899 5513 4322 509 9171 13578 11068 11891 6158 4218 8451 11690 6714 7428 6014 7296 9503 13578 11109 11369 7433 5951 5123 5537 10501 8866 9481 6236 94 12587 8930 7692 9838 5512
13412 4955 2582 12709 5030 5700 2322 1911 12746 7192 11869 6528 10622 5857 5941 9958 7671 211 5275 265 7851 10105 7807 214 3876 10033 2172 10605 9611 10912 10475 11734 2395 7958 5604 973 10711 11622 4711 10634 11656 165 6348 1705 7577 12065 12581 13624 3973 9403 11129 5157 511 12660 8554 5514 2115 9585 5950 1308 3458 3446 3315 135 11342 11902 1380 12980 12555 13107 5146 3396 10677 7099 8857 12857 1612 8439 11152 1933 10065 10866 512 12178 2054 7777 1232 484 10499 13465 12702 533 7216 12826 1618 592 308 696 13544 12043 935 1594 4303 12693 2148 9883 12084 11370 8767 13653 12212 3200 5575 9710 754 13160 12965
2687 6693 11441 1932 122 5694 1201 13239 2952 13095 9423 2254 7028 1032 2047 1612 4274 9141 12413 5659 1391 10698 1027 13347 11489 13058 6138 11812 8644 12098 5004 10333 2740 7621 4206 8433 9420 8733 4763 11430 7719 7674 6115 5389 2155 11137 2483 3037 5602 7660 1378 13142 4219 5979 7094 9059 7907 9252 2414 1488 2328 11603 6742 9961 9636 1746 12177 10811 13070 8191 8864 13522 9313 12573 12189 10572 7624 3269 6241 12541 7788 1082 9967 10635 4398 1719 6501 8201 9757 5028 1176 6965 6095 8806 13543 6050 2383 11799 4801 5050 2932 2541 3054 579 734 5968 2083 10766 8155 10278 375 12696 6598 2288 13070 8235 5034
9074 1952 3658 10473 7724 8557 8939 1074 6654 3471 4888 2832 1444 4596 4168 13551 7543 8540 4174 3762 632 12152 4166 4271 3457 4855 5994 4897 10376 6406 13342 787 1869 6087 7385 4319 2962 5763 4887 5282 533 3326 9163 2912 4511 7578 8941 5305 9788 7263 3515 12806 4959 1569 10765 2703 12025 11126 5900 6118 8129 10105 10484 2772 1064 328 3868 9279 11488 12090 7079 6759 3290 12614 10803 7740 9845 12947 5047 5859 1126 13629 2048 6153 561 9813 6597 11561 172 13298 9036 12366 10772 10504 5455 10603 2186 9463 11300 9633 9842 6974 8019 1336 10078 5680 6517 13119 10680 4053 12967 3793 5594 9721 8713 1515 6075
1521 12688 8610 1644 7777 11304 1336 5931 7942 2945 13294 9022 2034 9953 3296 13682 8123 6050 2014 1776 11888 7916 2240 6450 2439 4488 3176 6747 9896 7147 10767 12964 8001 9178 7733 7478 2606 1833 2470 12038 13682 13638 444 1695 1400 7573 1476 13284 11403 10060 7257 6067 12303 12362 1253 13200 4113 8693 5465 10950 6910 3703 7400 11302 7695 5875 1434 13368 1528 10525 9669 7854 12907 8968 11455 2314 12420 3219 6857 9347 9346 12393 9216 7416 10026 181 10422 11024 2032 11119 4685 2580 13681 341 5379 10451 5338 3064 6187 689 5510 2787 10157 4204 7060 4214 1765 11173 7692 2776 4370 4530 6084 5900 258 8777 7445
9543 5575 2793 7410 525 1686 6428 8390 12181 3260 12813 2094 9105 4330 6432 9032 7075 8073 5151 6950 12159 8670 6344 4625 5454 12241 13100 11786 5557 6734 8876 7586 10780 3962 12407 11352 12587 12557 3480 3901 7064 11356 9929 12362 4074 6624 1182 3009 13138 11472 3609 10145 12092 9782 2328 533 9507 9531 3292 3100 3337 1180 7836 2088 12849 6502 10547 12627 5998 8165 10623 2486 1249 13181 7405 593 10560 13089 3654 10389 1813 3448 12168 9017 8577 1618 1585 5472 11160 4871 4563 5399 3928 657 10137 5065 7927 7076 2832 8950 908 8523 10639 4074 1755 11030 4018 13044 5521 9395 11134 1871 503 9720 11068 6269 11125
307 859 10683 10522 12889 38 12745 4039 5175 13324 5502 3272 6989 5390 11500 11445 7614 2377 902 221 10281 1649 4989 7310 12644 799 2471 13255 3459 4386 10474 10586 3840 12722 3056 9789 4861 12705 730 13657 6787 7036 6963 10010 4989 8831 11385 3178 366 1460 9290 1 9814 1769 7781 1172 660 12304 2405 11710 7981 11082 643 7749 1479 414 3943 12369 4723 1319 7198 6909 1702 13053 1389 3709 9240 7794 11684 9167 10584 11052 6798 12017 9819 7615 2329 12945 1396 214 2835 945 13411 7067 11669 7697 3454 7657 3881 5689 8379 2097 711 12640 6270 5327 2967 11569 7793 8413 2200 8848 86 13011 11026 6355 10034
12170 11573 7702 3184 4172 1279 234 7231 4033 8796 5500 8351 83 6228 9321 6346 484 4433 9094 8819 5696 9772 9302 12375 10812 4238 9841 7658 2794 8814 3408 458 11494 2025 8448 10740 5903 12869 6564 1899 8858 5553 8161 4298 6360 5635 2133 4972 8169 9870 12085 12760 1196 11743 8263 1876 5846 8760 4550 5172 2772 4944 1956 5455 8763 11475 3829 2443 8139 3243 12189 6576 7322 10681 11064 10863 9017 10182 10473 8355 7369 1996 12968 11738 11539 10479 8308 8271 2878 7600 193 9972 2260 13346 11353 436 280 8569 478 7623 3370 5085 2714 13404 9335 8884 5361 1725 4238 4739 2200 6804 9241 6518 2557 10598 9213
2812 11797 1434 2815 11022 9847 7424 8703 8640 11890 12449 12084 12823 7061 1280 12293 7408 7108 3422 10109 2184 10638 10755 7988 7108 990 10034 11406 3738 4356 9149 10097 12837 4885 3897 9278 12276 494 8218 9090 13509 6311 8590 13407 8646 11839 471 11799 9159 3022 9357 11070 7233 4642 9034 2489 13081 10609 682 1491 621 7687 7425 8864 7927 2834 13047 9577 4837 11283 7409 8012 9845 8691 1471 11876 1805 691 7344 6415 6685 11654 933 2665 2422 7925 2668 7563 12052 12764 301 8733 11122 11235 10534 6637 3377 3419 9504 223 13209 11554 13186 6010 4314 3627 11912 4294 4965 2278 1823 10423 4453 8721 13338 9899 8888
1836 275 6560 11679 1048 10029 1722 6984 6017 7232 11370 12532 8022 1726 8643 4264 4434 12662 7530 5466 106 5739 5679 11993 11174 8853 3684 1378 5452 12676 4429 4429 12043 8363 9484 7794 773 10669 10282 4083 1511 6517 11074 4164 7498 4494 5189 3032 6323 1050 6683 1891 1835 2636 8771 3145 5224 13499 2711 8147 13338 3295 5767 8030 10267 1310 11784 2786 6166 7217 9092 2 2492 4625 12531 10073 7583 12586 10850 9139 11763 9720 9431 2622 10932 1220 5575 11652 2000 11827 10878 6395 12399 11259 8152 6769 4017 10299 9220 3961 5384 4803 9083 9826 745 7090 2787 6339 8338 12832 11275 5420 3697 9897 6754 12404 7650
4574 12307 692 9879 13300 3848 7953 1876 3124 12811 4283 3964 9401 8851 10578 9946 13196 4693 4881 11537 8577 5188 2175 10921 4687 12762 13600 4395 8639 11076 10567 682 659 443 4334 13656 300 1585 84 6782 6656 5877 2038 5027 3509 3350 1012 9813 7853 12691 3133 12403 508 13079 5205 984 11772 10536 9156 1089 6526 3892 5828 9020 13235 5097 5970 11093 8300 6338 10875 1896 6132 11574 5311 11599 12278 6954 3709 12188 13046 447 6820 7474 6900 9465 2735 8925 3926 3334 7418 13351 2556 12693 496 12219 11431 1677 4839 8008 4662 9117 9065 2588 9382 13453 13588 86 5632 10767 9721 1574 2110 9361 3882 9003 2703
1667 10155 11143 11991 1708 11062 7680 646 12766 13054 13550 4462 6932 11183 12962 3788 9481 5054 6373 8292 4384 11701 2291 9023 5503 1145 11060 6134 9637 9835 13060 2954 12546 6528 4632 6298 1469 3766 7275 8238 2060 11114 780 3180 11389 7834 8347 12032 9797 1207 5390 10619 6181 7076 1480 13053 9552 425 1907 7318 6035 5532 6635 4339 4800 3318 13470 7916 6520 3619 9291 6483 13624 9731 9665 1567 6736 5702 13088 59 369 1272 12228 11683 5427 9612 7257 2315 11686 8227 8560 11960 4505 9414 7458 335 5584 10459 11600 12189 13192 1209 2533 8708 5791 8521 5715 10727 4307 11964 6273 9645 1402 13026 9529 8537 10887
1900 6574 8027 10295 2024 10260 8921 6859 13232 8858 11394 2352 12578 8623 9405 5382 5081 5247 7215 12314 12323 11237 11637 4964 3878 5787 12304 7037 7428 7991 3180 7164 3603 1355 4231 4153 1584 969 4436 9650 5070 12958 13528 8517 4987 7513 12167 7612 8922 12783 9718 596 10563 5426 11022 2018 9011 4786 8423 6709 5951 16 12686 4368 11852 5291 901 4560 12778 7735 7108 445 2395 13369 1628 3681 7500 13133 108 502 8809 7340 4974 11784 11106 6420 7602 12422 408 4906 400 4135 866 3090 11586 3554 2647 8262 3491 9076 10480 2981 322 10465 2719 5484 9106 1628 10609 12741 8588 1350 9782 8307 3593 5902 8720
4022 11613 10672 3731 9050 12897 8924 6738 4692 6852 3869 488 4019 8985 2810 267 12835 6217 12415 6065 536 6339 4152 11194 12171 3974 5582 12171 9024 2155 9193 9989 2886 2328 4536 6469 2747 11251 11449 3771 1866 13478 11360 8057 6265 2760 11295 2611 11125 11595 728 443 11183 8919 6228 6885 9644 8920 6986 6804 10183 3858 6997 4439 7607 7007 4061 9075 13570 2438 2499 11719 235 6060 11219 1096 6569 13321 11908 8533 8554 1107 7682 7724 11858 4149 12798 13430 8493 2890 6029 12335 5487 7983 9100 12890 7447 11950 3634 12956 2746 6447 10291 8168 4412 13334 6054 6207 12402 109 5623 8863 9415 7174 584 7452 13050
1872 2342 10681 8982 1130 10574 9293 3030 6910 957 8984 3643 10303 8885 4080 9190 12116 3062 4774 677 1339 1423 5104 2103 2 3604 11032 12172 6138 4996 12780 11172 10274 10318 5495 6910 10208 9919 13485 3352 12314 10983 3315 10516 8627 10295 2489 7739 10374 9439 1258 3113 9752 8747 4534 1127 3123 8646 3131 11987 4285 9040 161 13677 12713 2787 5713 5976 6614 4998 11623 9413 5226 3008 4247 8391 3820 5283 2902 7797 4450 6223 5408 1385 12706 4260 2738 6029 4606 1325 5852 4990 9858 2157 4060 12111 12726 8107 7737 156 4760 8139 13370 8212 2075 4153 5802 11199 11513 7212 5614 6310 7260 6955 1111 7623 11275
8451 6458 6749 416 8407 11274 10343 11834 8936 1854 1347 5141 7250 3462 1017 8037 5622 10780 1793 1906 13636 9918 2655 216 10106 4692 7587 6717 5574 1668 8014 11657 6074 6639 4640 10601 2516 10667 11769 10033 1715 3498 1301 7648 8513 12486 8157 5276 8339 2518 6982 2331 7179 10885 6746 5792 8536 11187 4343 11223 11357 6277 1874 3424 6384 4335 13380 5543 13302 124 1467 1805 2882 2894 81 1394 2999 4710 1030 588 1786 613 5947 5890 11557 8685 2668 8820 113 10730 2694 738 13131 13314 8582 13400 4741 1721 7535 9399 9800 7478 13357 3577 8652 945 1312 11606 2520 12839 10156 7706 3709 10929 5674 675 5295
11079 599 12559 6884 272 8853 6861 691 13057 8022 3483 6748 6203 11083 3742 12259 7886 5726 1664 8537 1678 12788 1979 6795 7550 2354 11061 13593 11344 8068 4623 5316 11173 10934 9332 8298 4313 10763 7215 12450 12227 11345 1703 13255 312 11391 4135 9746 12432 3471 10113 12282 4722 10756 11126 2908 1914 5225 10219 4159 9148 9503 9858 3597 6243 11033 10112 5235 8199 4333 11645 4152 1091 9558 7437 7040 3449 4675 13221 3404 8671 5029 10886 10274 11801 934 11756 13023 3457 10118 6598 10768 4895 3322 3666 13335 5151 11210 9044 5155 7049 3101 3129 2938 13038 7045 12015 7571 11877 10850 2392 10204 9329 12734 7195 10164 5224
270 7940 6863 7047 12848 10734 3235 1926 724 5929 2334 8691 12637 6113 9715 5931 12647 3087 8829 4167 2320 8924 1029 3255 385 1980 5918 12556 12485 13071 11533 1479 7971 11841 5523 10963 11126 1646 2033 1577 435 6849 2849 585 12443 656 8765 10885 6891 2229 12836 4576 8051 7722 13671 7722 2696 7563 10287 8631 702 7383 12919 7670 938 12556 13641 4990 10156 10901 8660 3227 12310 5697 8137 5433 12360 473 3926 9408 4125 13231 6916 2970 2793 5505 9349 32 11115 3932 5752 4438 11488 8386 5603 2814 10800 2708 4169 942 8438 13654 13491 3484 8598 11439 13251 5772 12091 4979 6008 5709 6444 1017 11965 7643 6000
5051 12464 11781 2975 10779 11292 4983 10131 6276 3897 2549 2151 6109 9181 9320 4844 8054 7028 742 6823 10170 2559 5727 3781 1136 10096 12239 5559 9146 10938 12430 10508 11383 8296 4961 8767 11604 2931 6753 11981 2848 10766 10081 7287 6433 3799 13102 4702 13147 7562 7725 2637 9731 2397 9556 3181 8856 1273 448 6886 8127 10006 12754 6263 6978 11227 11008 10286 9801 8035 12582 11935 8616 4850 12963 1053 8666 1102 3914 4411 4691 2924 7546 5742 3264 13527 10184 8389 5303 7154 2458 4170 1062 11758 6330 11015 9058 3807 6953 4386 13655 11200 6616 12931 10844 2668 6911 6254 11244 4434 12238 7412 13511 8538 13161 655 3348
11202 31 11566 9153 11491 2035 1532 2181 12587 11914 16 4967 6794 8317 9098 6373 6878 2644 7940 5050 6436 3204 12553 11543 6381 4518 6156 3335 2828 1884 3962 160 8326 6250 43 10466 12586 9865 9411 9024 422 11097 1974 3817 12009 8680 3909 11985 10653 11755 7514 5982 5821 13480 5893 7469 7074 6363 12551 4609 11223 3769 13437 197 1813 9601 10011 5613 11906 1861 13223 2034 13193 12965 1429 1145 10730 13583 6558 2675 8566 2819 12459 7034 3704 7428 7215 2800 3129 6343 2137 8981 4478 11440 154 1389 4809 10423 990 1352 3532 12986 8221 5165 9303 5313 2475 13443 7557 136 3470 12894 10664 336 10340 5391 1363
8893 5881 5420 2121 7228 9780 9060 9997 4194 9649 1029 10159 7016 205 10247 1342 12189 9198 12337 10554 11869 11459 11777 12562 1436 13130 8551 6309 3315 6238 12017 4424 13003 8250 2700 9398 10197 3632 2566 6878 9598 1077 9616 953 9302 3765 12698 12784 6046 5209 10399 11484 11986 2420 9604 3127 6758 8475 11865 4681 9870 2982 8891 10801 8359 9876 7294 314 4329 10296 11062 14 13605 3279 7409 620 8782 345 2461 325 2011 8562 1014 4895 3396 8425 10565 1402 5262 9378 4794 3100 6122 12382 5288 4651 9511 10639 10372 1587 3772 6195 9810 10040 1388 8478 13305 3260 11191 11931 2922 2936 5038 6275 2749 1219 11789
8342 8200 12412 8295 8454 7306 96 1296 6696 7867 4751 6992 13307 8031 4244 2008 2433 62 9990 10595 10252 11399 5204 142 12949 3453 6445 5677 9005 9757 5279 4077 10057 1720 665 858 6536 10666 9935 12252 6328 7282 2367 3461 6340 12534 2060 880 2690 9935 10977 13251 12422 4238 12956 3924 5910 7393 8628 7321 8932 1402 6564 6471 5276 9853 8230 1082 3697 11550 10142 8361 9819 6337 8901 8480 11786 11088 7400 1969 12278 12654 7769 8946 6460 1266 12060 7882 1660 5236 13362 2837 12844 11885 4580 10159 13491 4252 10037 1699 1353 8962 464 3250 6527 10124 6268 7994 2819 4136 7047 3579 1806 10492 7317 5978 11637
10567 10952 2902 12497 519 9123 9048 8849 7345 4030 2515 3657 8963 5205 7546 9814 9109 4943 13462 4731 7831 10921 1658 8435 10274 1008 2090 6229 5200 5839 10104 3822 9531 13397 776 2413 2818 2355 3965 6941 11592 12170 2377 1758 9229 3731 11472 3544 10627 5443 8249 12064 8654 13437 6616 340 10474 7811 134 9503 12923 3814 11467 8501 3584 2989 4929 8557 3471 2660 4765 11596 4165 8785 11089 2128 8621 12136 12414 7789 10044 6511 10555 3446 6765 12176 9540 2115 7865 11464 12411 12782 8689 1940 104 955 7801 229 11085 4665 2146 13490 3084 11443 7165 13505 7359 7735 6838 13677 7434 10762 1891 499 4100 47 359
612 4715 2296 7472 10043 6880 7783 9676 2580 10961 5232 11111 11629 4024 8324 10213 1316 8867 4192 9060 1124 520 5920 5229 10486 10296 3495 12126 6294 8063 9408 2027 8277 8942 711 7671 12019 10886 13689 10001 8328 2819 1535 5576 4358 7519 7099 12225 12670 8611 7828 9924 2389 8077 8991 6485 8925 2741 4553 12038 13385 7055 1433 4853 3875 7509 6123 5924 3715 5421 2655 10860 2297 5891 3373 448 5811 12504 3384 6278 8991 1552 7241 7380 6941 9909 13266 12433 11451 10185 3542 2516 6993 13446 2929 6910 8571 949 9411 9815 10437 8036 718 12735 10190 11903 11475 6047 8552 9827 4509 4710 6455 11892 9494 9896 5707
1611 6251 2479 3961 1854 11065 12991 11958 9886 9665 11697 4263 3402 10819 6104 12660 2544 9247 649 1839 2639 9655 7098 3148 13069 9201 6968 7715 13401 652 13313 1781 8284 2604 5523 11070 6071 12795 6795 9993 1778 4306 3198 308 7120 6578 7744 1327 6799 3219 4211 5912 4982 3162 8507 6829 7837 4874 7560 6663 11728 795 776 58 3180 12559 3956 9182 8910 10450 4474 8123 226 2150 5639 13172 9481 11497 13612 5055 5375 3349 13017 2311 247 10931 7887 2562 1367 2316 10100 12956 4996 3102 8813 7504 4674 7559 2364 9228 559 10768 6347 5640 3397 7188 8297 454 6733 4090 1020 4559 12551 8184 6235 314 246
1170 9974 8048 9861 8653 4697 5728 7001 290 12637 11537 6326 4606 6228 11280 4347 6575 10627 4504 8428 9594 8938 10255 224 6192 4217 3336 5621 1801 4382 4850 11399 392 11349 11863 12788 13294 1338 4484 1401 3058 845 2327 7913 2834 8461 1269 12706 3575 6345 5208 863 13042 2256 7517 8846 6327 11810 7109 11194 12257 1818 10237 3542 9206 6989 3197 5657 11410 5583 7012 3990 10086 9713 3774 5148 11807 6453 13058 2220 3909 11022 9233 4415 1744 5277 5213 191 7973 5678 12744 344 12990 8086 8534 2256 5937 8504 6054 3848 7494 6062 12820 6481 12637 539 13108 10987 6148 1594 5294 12046 9783 10526 12713 2151 3162
2311 11538 5449 11679 4764 487 13636 2089 11317 4726 6511 5514 7266 10720 9519 9455 1941 639 4888 7171 5349 711 5355 11738 127 11090 4235 3532 6143 10812 1592 9644 7901 3282 8074 3662 676 8590 47 6033 8239 8798 12612 12080 1995 6083 301 8882 6606 1082 1259 11886 10113 361 8929 12795 7497 13129 12902 408 2534 9260 6397 6046 7713 9740 1086 13250 34 10777 13596 7470 8057 8544 1845 3906 12214 6983 2300 12274 13580 5795 12074 8904 8273 3118 13108 9460 196 7246 449 8953 5633 11281 10026 5591 1399 13008 1900 166 12149 1189 8032 6619 10195 398 10589 7895 12106 3969 10136 3428 8058 5388 7407 2718 1002
13470 8321 6235 9293 10223 1373 11860 6560 3826 9000 3573 6078 2203 2497 7238 326 1451 3588 13479 8659 7814 2162 5801 6579 1337 7233 1007 942 10846 988 11407 4777 1689 2945 5604 8597 5893 5144 7936 6472 7886 1257 6641 4877 6352 3809 8076 10665 10239 6593 1608 2800 606 8690 5277 4058 12812 6015 803 2110 5642 3667 10650 9558 11746 5521 1837 1081 9195 4392 11838 6385 5479 4996 576 5790 8034 2449 12895 3053 27 12940 8629 12314 250 11587 576 644 382 10986 6973 1034 2237 4717 1657 6928 1274 3192 12234 8421 10727 5201 12460 7231 3258 12715 8698 1961 5164 5076 8298 12957 537 11019 10857 9609 10597
12998 12849 13135 10993 7932 12529 2712 12286 2001 9609 378 11143 12195 3184 3868 943 3670 1556 1767 7881 13402 10145 8764 13570 8503 12363 1277 4045 345 6992 8883 6521 4642 4260 8599 6421 1072 3643 3691 2451 605 6522 6445 12274 2739 3440 2080 1026 11181 10605 945 5086 4930 6402 5315 7625 10000 10517 11940 8786 9471 2520 7708 249 7435 574 1101 1902 3313 3655 9329 3288 530 770 2281 1845 5895 1520 2550 6144 13582 10275 12472 6087 1586 13302 11594 11587 1856 5521 4926 10795 3372 6608 6458 9438 3758 10460 4351 3947 7025 11689 5418 1896 8214 7473 8058 7430 4323 5357 1755 2274 3751 728 1527 4855 10741
8916 4557 13204 3027 5060 5332 5497 13284 12404 5787 7023 1586 3495 1945 13 4675 8152 3235 1049 7347 9120 9835 12829 12926 9239 4119 6753 13668 10858 4716 12885 908 10473 2585 7979 13351 13266 11141 4231 7468 7872 2875 8334 11118 10253 5954 4288 2869 6087 11278 4201 11721 5312 3942 5714 8049 5120 9008 3577 698 3900 8418 9396 1965 6255 2665 4227 3929 8889 4421 6256 3927 3729 13656 13352 2304 1174 12791 2283 4098 11373 13609 11984 12857 2511 2140 6127 7287 3487 2225 10218 2327 11748 6815 1952 11959 8494 10910 4460 2541 6726 6569 940 6114 11618 2488 7102 11717 3320 189 3147 8597 4683 7538 2094 10341 2790
1813 6471 10444 12135 11570 8768 9983 5338 5047 8772 4203 2843 12830 2104 12359 4921 6887 7749 11374 5163 3760 4442 12683 8651 8534 138 1221 11935 10661 10621 1857 3734 2949 8352 12078 6606 10986 8408 4722 10766 5120 3443 996 4345 11963 9359 1978 8340 6861 13154 6808 2089 7901 11444 13000 10203 6738 1818 4307 12893 2297 6524 6559 11061 7348 3411 13524 1192 5762 800 9670 8305 9518 8275 10128 12009 11479 6514 9450 986 4673 12814 21 5129 7432 5881 9245 12738 572 11045 12424 8150 940 3926 2678 13250 5818 2888 11021 1517 8775 2631 12212 9270 6798 4175 7851 6169 3570 5393 12355 2070 918 12087 9172 7773 10014
11812 12921 1643 7686 8924 8264 4679 2020 3343 5663 4203 11128 13388 4837 2880 12664 4430 277 3127 13446 6717 1612 1442 5014 4013 2573 11530 7356 4076 222 6683 12289 9812 8162 5686 209 9938 2164 11338 11015 11991 2546 9002 5270 831 6227 5890 13230 3717 1782 10246 2310 1304 5424 1709 13146 13213 9701 9536 11886 7490 2498 10092 6732 4627 887 13249 7038 6327 2241 1912 3162 547 13267 7684 12915 13386 551 1340 6469 566 12246 9576 4180 65 12366 4293 459 5093 4706 2945 2903 9485 11418 4918 6613 116 6495 10940 10869 7850 11942 12927 3810 2659 6054 9444 13032 4299 5579 9753 6717 3470 2856 4710 1068 5517
7585 9714 839 2738 1654 9360 9820 3285 7900 8489 7890 7182 12004 12498 11018 6549 12136 7205 7431 7209 11976 4372 2289 11040 10235 13415 8607 3052 11059 4860 591 9217 12003 11009 7287 12439 10388 11943 9422 9261 12892 2588 12240 1460 11509 10837 4853 1245 373 11874 9815 6381 8121 1583 1155 3570 6656 12405 1890 6651 11630 1490 12500 278 446 3191 11432 10659 7756 6020 8882 6534 8993 9394 5599 10326 11882 10906 11655 6738 12057 6846 11098 2970 1870 10141 3361 13689 12298 11862 7403 6445 9111 12326 8051 7511 2938 6760 12544 7332 10742 8101 7560 13155 1488 9551 2626 12662 12419 6759 12346 13673 9584 6643 6713 13397 118
7132 12582 8798 13445 2280 2720 9563 10721 9071 766 829 1429 9217 13047 10585 1767 12072 738 10563 7166 12912 12399 3060 1169 12005 11834 141 6462 8101 6870 10685 10773 12989 840 9978 6991 7377 6499 10876 8119 1568 6602 6529 6688 13227 2230 10144 9792 7723 3817 13236 10894 13255 939 13610 11265 3722 2859 12042 6696 2413 12721 2839 9782 11387 3159 6755 4445 10773 10690 2253 12626 1299 12104 8676 204 4102 5240 12192 13598 6989 8279 13300 917 5784 8114 9015 12862 1769 10909 12156 966 10367 166 5382 3880 9733 8664 10807 13663 3086 9608 3903 6654 12335 4004 7192 2207 11436 5255 7713 5411 13416 1741 1822 2219 429
10384 435 13610 9807 395 3086 7000 7886 713 2951 5849 10259 2941 1722 7871 1524 9404 11865 6015 7875 12212 13303 1618 1590 1304 13516 6243 599 8886 1411 12685 3485 520 12151 12333 13237 2838 13464 1989 962 1891 7441 5763 10831 8849 10642 2064 2946 6192 1416 5370 10593 9110 1612 4466 10088 9690 7088 9029 10483 9365 6242 10627 9660 6175 7113 1140 2989 980 11718 11231 5319 13053 12621 9083 9481 1383 3937 9465 13180 6973 5827 42 12859 1647 2442 6427 10301 3161 4674 10355 4315 4241 1477 1630 4555 10605 348 10017 13026 10902 9137 1749 11905 8689 6601 2653 12812 5637 2273 2155 12103 4562 10789 11487 12878 12351
4716 6368 5049 3533 3748 2575 3028 910 1737 698 5752 935 8186 1567 9032 6741 12850 11224 13281 10833 9404 3838 12220 6459 4658 1401 1147 8305 454 12417 3815 4039 11836 3049 8327 3563 6961 8756 9181 5903 10971 10184 1671 5668 9147 6531 2207 4453 8909 9371 2625 6878 11967 3831 7009 1700 3077 3929 4232 7756 7922 11664 12964 9775 8046 7453 5276 2038 10944 281 9625 7369 11137 605 1106 7191 4058 630 11490 1612 11991 12483 6053 1231 5027 5319 11306 2563 4822 184 10640 4735 13579 6013 6250 5375 1263 12667 7726 13224 5738 6506 862 9085 392 448 286 923 1270 8435 12196 11266 1011 8692 9972 4658 10175
9876 6828 2496 2185 8123 10471 12575 6884 2089 2476 3344 8927 6421 6398 9559 13022 12728 12396 5129 1557 633 7005 1038 1849 5062 12574 6935 1410 723 9374 6075 1274 2452 3717 7626 3312 7105 1887 13280 12861 6760 10959 5860 4515 4499 6549 11714 2491 2466 4637 6764 9170 4339 1393 12190 13049 10865 9317 9054 2887 3152 6847 5564 5979 10933 8785 6122 8178 4207 5167 2184 7214 268 166 2797 3628 861 2321 1975 2714 13229 3386 4638 3302 410 4857 7702 878 9903 7591 11031 8234 3990 12616 10469 12216 12916 6304 12208 9036 6917 7986 10685 12479 1409 11211 12594 7942 4138 9238 3525 12115 10506 5797 4539 3945 13200
11069 12325 12327 7763 12924 2439 12895 6561 8489 4896 10872 11564 13211 4283 6190 1014 13206 12392 1974 10770 5651 6769 730 12727 10719 5591 7888 5336 9675 11238 523 5641 668 8042 13231 6815 11533 5849 10202 2274 12306 12453 687 11162 10643 9797 3973 4934 12098 7033 13515 12616 9467 142 4650 11298 1984 2945 6686 12963 9738 115 7887 1204 9723 1614 8219 11412 3813 3184 12454 8012 6314 12559 7160 6323 12322 11425 12451 11790 9611 3701 11750 2660 2830 3827 9236 4941 13066 10381 1880 8459 1923 8649 11929 2793 4728 8034 7533 11542 12589 5277 4756 946 3533 10673 3146 711 979 1775 5328 2240 12359 11741 2554 3981 8243
2346 6309 11588 13573 10796 13082 3292 13294 7392 11125 486 428 4501 2093 11942 654 3317 11610 9744 6913 1370 5203 2053 1996 5767 1767 3931 10847 5481 80 11122 11168 9765 7233 7320 12538 2421 5005 10653 11740 1103 4245 7027 4353 7924 8300 8505 6169 6215 10733 5970 10340 6793 9674 5179 5697 11572 5619 3157 7118 791 12797 4972 11820 1242 57 10512 13564 1609 113 9562 5307 10427 9519 3017 1725 1405 3670 6063 12692 9208 2023 10814 1936 7510 10551 10218 4757 1728 8897 12689 8522 7719 9315 8117 2152 10193 5901 9941 4938 9762 13540 2376 9751 10851 2913 4988 10773 3382 1396 12123 5242 12729 555 12561 12494 9080
5424 10877 6500 5393 12020 5254 1662 3274 12977 13160 2440 9566 9172 4359 9800 3802 3098 9889 286 54 4239 1927 7956 4449 11054 6917 13392 8231 8791 2760 11963 3841 1293 7157 10665 9618 10579 5800 1273 711 10797 9178 2837 6939 5854 2080 12306 3114 3720 13223 5122 9692 3350 11048 2850 2766 2563 4274 8380 220 13648 1071 3901 6912 13505 9442 3926 3707 12597 1507 7813 5130 9760 12454 8205 13429 8690 10561 1883 11426 2088 12076 9964 5357 7040 10154 9837 12981 4888 6698 5034 13508 7320 6948 11434 4634 12446 6261 10256 731 12363 2627 4346 8535 895 9013 4543 12623 2836 4636 12029 232 7715 12049 6396 3262 5052
8436 13353 6545 8646 5889 4258 11329 8760 5134 11633 13120 2418 13681 12985 4147 2732 5969 8658 8117 150 4044 5018 1665 8516 7549 7710 12570 3653 9440 1844 4641 2936 12238 9012 8874 9019 8695 1978 7896 1320 12019 9407 4235 9004 9369 642 10208 8697 1033 2040 9388 11809 11265 4352 2621 5645 13388 2970 704 10496 12474 9092 13307 9889 10414 6836 3403 11092 4039 12450 12993 1132 1449 6956 8112 8469 9669 7205 9998 10430 10973 308 3609 2302 7452 2063 1864 403 5143 11852 9902 10781 3055 561 4976 10722 237 1239 8731 11545 6952 8690 13148 1781 13193 2735 3291 5438 10877 8454 2092 11227 5629 6439 5417 163 11403
3074 2634 2659 10718 2892 5235 2200 749 2152 4196 7130 12365 12227 3754 8041 3325 5080 5572 11434 9603 8875 6682 2904 11852 8123 2413 10017 2338 13526 11352 10517 2318 8674 12518 8321 794 333 8583 9515 2250 10324 4041 13141 4073 8837 13584 5848 3099 8992 4843 9544 9423 8359 10703 8101 12982 4738 11099 3952 8868 4282 8010 10177 2481 11876 701 10543 10932 1791 10921 2587 11922 5898 11575 8358 2006 123 7124 3198 11559 4823 12071 4266 6126 8627 3693 3185 485 6347 3300 8259 879 6908 3038 12927 1822 11593 3324 10731 8116 7983 2288 12190 3930 12192 8030 3316 8447 2827 12697 1117 2107 10445 6376 6497 3989 11988
2713 5301 8946 10389 5142 10486 12476 4586 13558 568 4167 1835 8860 3388 4681 1058 3191 10395 638 11276 9090 8587 7965 9939 2940 2185 12502 10340 4671 3454 13134 1892 8388 1399 11351 11274 6812 3487 7399 8439 4548 11132 3364 335 6057 10951 10897 7603 11346 12792 13468 1538 4960 7860 3515 6767 13112 8710 12840 3368 5373 11448 8525 4543 9759 4187 4775 10731 3971 11344 3593 10859 4305 369 7048 3723 2282 12838 1115 6247 8837 724 7258 13207 6221 7789 3585 6204 12691 1361 5254 9932 7014 13481 5556 6371 6473 3559 2622 3770 1932 11635 12713 2221 11821 12405 10248 2680 6111 10153 5639 12043 8708 543 9888 7640 12576
12125 5396 4285 12953 6685 11491 4780 4117 6158 3896 6128 2462 5880 5481 6264 11439 1242 6656 8245 4425 10104 3764 2641 12936 2407 7052 11163 686 1818 5481 1938 6008 5664 11807 11669 8192 1648 7991 9445 5239 5967 4119 6063 10324 8552 6575 7388 9272 12786 6772 1464 10178 13036 5341 7505 12451 3677 7938 12577 4283 10843 6681 9052 6457 4287 10679 6163 11183 6652 2739 6182 6311 2211 9506 13569 4897 6929 1646 3739 10910 11629 11834 2607 8336 13407 3064 10998 1706 8801 386 2189 6166 12564 587 3498 5203 5987 229 485 2475 713 3273 9827 1091 11963 8164 3836 2836 2866 10731 10997 12963 11549 7809 8997 13266 9970
12419 2060 8601 2130 3742 5892 2972 349 6624 735 10194 11229 3330 8046 11829 6460 4816 7422 1928 547 13057 7398 2191 8497 8318 9331 9964 4683 9277 13314 9583 10995 4689 13206 2877 1086 3281 6828 10709 10171 3615 1929 12948 5360 1304 5576 8116 11028 9769 7756 9073 4320 7660 4656 5454 11923 11021 9852 5638 13676 101 7218 10923 7835 4680 10530 2503 150 13493 2201 1892 9836 4308 300 7236 3945 531 4150 4978 3926 1634 10683 8686 3028 4122 9929 5630 2977 1411 5298 5042 4446 149 2208 10124 4594 4069 11484 5448 4317 11615 6434 11797 8546 1508 7726 10370 2400 3875 13273 7373 472 6147 3930 6213 4169 11096
3076 4031 6601 1464 8848 9271 6568 11998 10583 3894 4294 7648 88 4068 752 7063 5694 9684 2627 7925 3801 5470 3233 10573 7100 614 10487 13633 11551 7629 10123 13097 9185 6924 9330 13357 6013 10212 1016 13517 7490 9600 12918 11681 11370 2019 12928 13059 2063 13577 11399 1615 1296 10499 4637 7193 3071 6506 5543 10233 4991 9823 1092 4178 12394 10954 12369 397 9104 11434 9235 10907 9214 6461 1068 10938 3402 10327 5641 3196 2343 8915 4700 12345 13365 9161 8538 13431 2725 13440 1468 5014 8980 3 7112 13530 10384 9156 10656 10058 7157 9821 4960 6040 7547 7382 10927 5314 11659 5315 5235 11536 9061 12664 8112 12277 2213
8693 11311 8427 7913 1274 2999 3519 9917 1879 12415 6573 11179 8112 469 5665 6273 8723 11093 12160 10565 2936 9275 169 916 13662 11135 12305 170 7993 12184 4918 11632 6120 12965 12619 4950 4745 3252 13048 12971 1160 1781 4754 5198 3134 6986 3471 7683 6189 13166 3781 4626 9655 13314 12950 4028 11160 13122 8684 26 4458 6174 13461 11134 13173 13180 10867 2939 13201 13042 5057 9229 406 12029 2520 2954 1715 7454 1285 6640 10140 6843 3473 9943 2858 13390 5769 4953 8245 1441 4887 6994 12181 9993 7524 10019 9755 9239 11421 9768 12399 2686 4876 9670 1348 2406 9149 387 9154 13443 13004 968 7776 5787 13475 8470 13084
753 13385 8883 5973 11645 9777 5689 7408 1291 10654 7916 12887 13510 9616 8746 2548 8731 3413 3961 10774 6450 13498 7917 3170 10679 2788 1260 5334 10358 13166 3029 11054 5637 7795 4857 1141 3913 551 10627 7431 10762 6962 1345 2358 1913 11640 866 6748 3476 13241 2530 8999 7632 2869 5726 6434 12122 3351 5750 7584 3187 2831 3087 10222 7167 4561 13216 11839 4250 8981 12662 9757 8693 7707 4214 4380 2542 9960 8503 12141 13671 8602 3015 11900 8890 2282 9506 3834 301 4506 133 543 1456 10673 1085 1977 6608 12521 9895 1858 12120 7590 4027 1391 650 8707 8210 2855 9837 4699 340 6990 12639 3537 5136 3504 7776
7926 3554 13350 9038 12083 4953 1802 6478 6577 9335 8206 12105 8207 7780 9002 2739 8016 12846 4438 11777 11439 11958 12699 1402 11497 9872 10692 12855 8869 6019 6268 6842 11140 11701 9437 530 8941 825 3307 6511 2256 1297 12164 12787 1567 9569 7547 9634 9610 6869 11769 12454 5132 3179 2209 12324 7083 1436 12403 7730 12032 6792 194 6490 4138 9069 6781 10536 5313 9550 13445 1794 2362 4323 12368 8337 7620 11694 5795 11641 3033 5225 8425 145 4411 4085 3374 3835 1226 13465 9635 8976 2733 3297 10763 2971 219 1915 1920 4266 7986 10001 13468 11591 12405 13189 11112 1014 5239 11081 8251 7845 13611 6046 8734 8758 9679
12974 1990 6544 6408 10991 3965 4986 119 1071 10309 2060 10478 5435 509 9762 10344 6050 12104 10029 8363 6513 6089 2613 6172 12589 12212 637 9258 8053 5336 5796 7877 11809 12712 3175 4040 7830 7609 8982 11424 5058 4575 1881 12841 91 3258 11251 4781 2987 7974 3161 6589 10970 5378 4418 984 3473 2833 10613 11827 12107 4599 5983 1923 5791 3603 7562 3969 9985 1649 7494 8352 9723 10895 2849 187 8807 3310 4392 1885 12427 11769 10975 4324 5096 5373 12139 8276 11475 4854 735 6714 4556 2997 867 12665 12890 479 9808 4951 1952 2626 8509 13180 4180 12495 3742 7154 12832 8965 9308 5748 6627 6205 3838 4519 5108
8138 8789 683 1729 11666 4777 907 7451 7747 6910 5286 6888 6719 11160 13534 8388 701 1532 947 4467 1045 9256 5070 5210 7127 10416 4177 6250 7307 692 1423 2787 11039 4989 12949 2013 9254 6081 8135 12770 12954 4531 13312 519 6647 11723 10357 1291 2213 11142 9613 2605 8777 2242 11912 2118 8718 4476 8512 572 10365 9407 13527 3462 12720 1090 8390 12050 12053 10485 8404 6241 8645 7377 12186 9905 7517 10810 2162 11932 11267 13689 7001 7491 11437 1484 1423 1762 10658 8711 5612 1107 12037 11080 9571 5993 8002 9345 4852 3914 9726 5036 6221 3415 3168 4757 7855 11582 8623 5223 11100 13189 552 7131 5965 11328 6743
265 220 8551 2256 11419 6074 2557 9438 5839 362 8027 4614 11815 7285 4406 12586 131 11319 12092 13623 3843 12740 4287 10534 1336 4815 9505 4818 4017 4166 2297 11328 13285 5778 7239 1370 6098 7443 1072 4540 4091 8859 10095 4106 1741 7695 13009 4071 13474 7432 12316 11991 5881 11996 11969 8545 10983 9242 674 4305 7518 252 11730 7292 1602 11262 3232 5488 11772 1755 3836 6905 4565 8513 11448 7235 7149 4555 3044 12318 13659 10785 7718 398 6853 4974 5741 1787 10543 2389 1627 5788 2030 956 9314 7937 11574 4235 3795 2352 12128 2647 6341 12841 5861 1304 10116 10337 9159 4545 3823 3261 6117 6009 1046 11416 13052
209 13095 7351 3565 1126 6361 179 401 4913 4167 3414 903 10911 13190 3282 10537 4342 2917 10408 4712 6240 1933 2304 9550 8017 2167 8000 3083 224 3532 3569 8905 8442 5614 774 11348 606 13044 8267 8710 9977 7259 13521 9692 2014 13525 110 12153 6758 10665 12473 4083 1522 2369 4256 10929 13069 276 7960 3304 13252 270 10700 6598 2001 2414 8361 1180 2797 1311 11710 9099 4186 4481 12354 7032 12925 13529 8899 7480 12631 2657 2722 8228 9644 4032 11161 3478 7759 10993 10194 8495 1302 6727 8823 13434 8686 7465 13085 12238 1703 2146 9915 5273 8045 3221 9932 6437 1521 6670 11920 7632 12669 5143 13232 8388 8437
11979 1462 1090 9920 2356 11409 9032 8889 7491 2659 8410 11805 4767 3453 7269 8709 9588 1869 11208 13673 3737 11455 7370 5988 13525 7351 10564 13381 11986 13659 9574 9894 1191 11772 419 4693 2665 4688 6484 11927 6294 1211 1577 10206 5534 5526 7178 11982 1554 10110 7962 10825 9761 104 2229 4741 9792 10927 4052 8151 7420 11683 13614 5732 6522 11776 3838 10236 1810 6945 4009 3875 10417 519 1393 5747 12277 297 11043 7573 1139 1733 157 4256 8263 2257 10651 2305 7418 1848 1846 3410 12694 10010 11199 3686 12777 4055 9376 8150 3272 10148 373 6853 9315 8044 6750 9215 1440 12399 12032 7112 8669 497 2105 7735 6796
5789 7661 13379 8949 11055 946 11668 2806 9886 11460 1230 6712 13556 3178 4393 7062 356 3477 7204 9373 5577 6215 3120 6083 6758 8738 1823 1376 9445 12018 10597 6473 3905 2127 2077 3768 343 5387 6704 13174 846 12686 7155 5933 8891 9262 13684 9466 10475 7577 4652 6836 9341 649 1572 9357 470 12406 7050 12079 3601 497 446 5798 5850 1313 5141 4923 10488 6258 12854 6542 5913 3596 194 12244 9758 4015 11218 13088 7894 12931 7676 7448 11761 4580 9271 8336 11650 10179 11126 4282 11877 9521 11005 7261 8218 3402 726 10608 13491 1908 5978 7907 4327 7391 6331 12553 7025 8845 9715 2209 5214 5728 7985 8518 3018
6234 12581 4530 10246 4244 1236 10380 5644 13319 3943 7052 2972 8271 1512 9814 6061 7455 4766 7977 5360 3656 5202 3294 1697 9952 830 4973 8581 13143 1164 3475 9438 12673 3701 222 3909 12652 4410 5264 292 12424 8112 12812 2478 6424 10294 10292 11560 5140 5120 10584 1298 10486 9223 8378 958 6194 515 5007 8984 1868 13346 11197 1111 6706 11454 8542 9317 13646 11541 473 2533 6025 940 5848 5367 12039 12936 5004 852 10557 6956 1169 10298 3299 10618 13475 10724 1041 11424 12786 8741 6260 7554 5136 6943 11302 4019 6808 7454 6025 4370 1236 301 4917 2603 7622 10641 8239 5500 5317 10905 11890 4086 6715 1578 1966
7265 9127 9724 11912 7468 7422 2723 12098 8245 13384 10004 8574 4053 12216 4233 7039 10024 7827 13284 13037 2347 13099 1848 13285 1104 3899 10355 3424 7842 12799 11087 13400 7376 5155 4301 12992 8010 2149 4399 439 5139 9340 5903 10293 1388 12574 10766 2665 3483 3645 1192 10875 12706 12650 2489 13241 3143 7346 6669 2324 1203 13155 10880 117 8208 3782 1580 9183 8485 9476 1770 196 5018 10315 2399 2194 689 10211 1267 7972 6141 8436 12633 3670 7463 2750 5519 2229 1782 3064 1279 3123 1674 3208 5853 9162 6920 9504 11860 6844 1328 4256 8918 6893 6629 9842 6921 3905 9241 2624 11505 11539 11147 4555 641 11922 1363
11388 5095 3582 10012 3695 13429 9917 211 319 3882 7414 3503 10838 11921 10297 3049 4563 8233 9508 11127 5330 2998 11593 6093 12474 2085 7437 6003 4652 13519 13432 8258 3579 5936 486 38 2452 12371 6027 2264 4786 1717 2238 368 12175 4354 7015 674 9230 4127 6305 10108 4289 4716 10246 2639 9943 3744 10325 779 9036 7889 10664 5309 6516 1698 12624 9847 3754 6667 8318 7929 9105 9406 1231 2599 3483 1105 10377 1675 3019 7574 9713 12439 10926 6871 4670 7748 9680 11651 9458 9319 5629 1652 12359 2739 7146 4688 8876 4529 8969 13316 1309 301 6208 11283 7679 10893 7557 9470 3163 13028 6144 10041 4180 7463 13499
7344 1027 2988 5635 8283 6903 8953 4933 4570 189 10188 1710 3201 764 9122 4770 5878 13395 193 9947 4279 2086 860 1769 8606 13475 4552 7120 1708 12143 9956 7184 9732 13272 2942 6772 189 371 9426 554 8564 1347 8902 3637 8313 9545 8649 8602 3302 1612 5625 3403 6810 3071 6317 12406 1387 7675 8889 9923 3212 2692 12210 1314 544 9278 11704 5889 5109 6990 5970 2998 9061 2776 12286 3353 2935 405 11805 5823 5155 2729 3457 1849 7908 2796 4703 12103 12750 1742 12311 13345 9674 8999 7527 128 10437 5578 5766 10091 10227 9589 6888 5557 8852 4499 13651 9830 10737 11840 12234 9135 3365 11337 8659 3080 11398
