100
2236 8928 7601 906 9830 99 3855 8104 5668 9965 9132 2906 405 8364 3894 6860 4736 4118 9774 9874 5766 6242 9292 6814 4695 922 5333 6443 8513 2207 7199 593 861 5481 2493 5828 2815 8737 20 3081 9991 5899 8058 9549 6348 4805 5138 3907 7122 8902 873 9231 5655 5768 4194 3955 1127 7821 3580 4843 3382 2639 5472 2836 2105 5886 644 4891 6767 4100 7955 3598 9482 9362 3203 846 4275 3248 9494 8870 4718 4712 9558 3444 6235 8515 5933 5210 9016 5268 145 1733 6897 2898 697 5510 9963 2206 2770 5410
1212 1504 2865 312 8361 8084 3249 3256 8445 6663 8546 722 7531 2320 4355 95 5921 5464 4062 401 3582 3682 5663 446 7150 6129 8425 6276 4480 7123 7100 5087 1939 5336 5218 968 1640 3632 5444 3197 4586 8441 4384 2654 4819 7820 3861 5626 2680 6275 7215 5252 9735 4980 5367 1378 8879 294 274 8422 331 9339 6833 6134 6668 5412 514 1309 5556 2402 3390 8935 7630 7976 9366 4569 4338 5343 8960 2216 8686 862 7529 8902 418 2228 2373 738 6653 2909 4600 4769 7331 4923 7351 7659 9513 7085 4717 640
7103 8401 3914 2786 9808 4453 441 3466 5128 4588 3729 6915 9113 738 758 5885 1743 5263 7177 4524 606 5459 3572 5668 1253 4846 8821 9133 5813 774 9586 5923 3047 513 6438 6731 6642 7351 4171 9499 2886 2553 8823 2972 4576 7379 1749 1521 1758 2065 7218 177 2605 6988 3823 6080 6209 3186 8730 200 7150 6730 8264 9228 6026 66 1997 659 3571 1845 401 4195 4227 4271 2891 5942 987 5333 292 9571 4117 8880 8903 5106 7852 3894 3123 8343 5536 6318 7709 8472 4010 2794 1705 2137 1011 9413 4224 7818
4634 941 9223 8676 2197 3756 2616 9652 2304 6522 9134 7171 9648 3811 3183 5383 2102 9229 7178 5788 4903 9668 8546 1056 7240 8206 4544 9679 4577 536 900 1506 1483 1958 4182 3452 1161 3026 2646 1481 6203 2133 4718 7006 3327 6970 6762 2523 433 7167 675 4198 7846 4009 4313 9074 3218 2810 7823 6395 8000 3791 8403 2728 2174 1740 4167 2513 6107 409 687 7219 4213 8499 4146 5297 93 3438 4398 7233 7681 8353 4341 4141 2325 5943 5274 7461 8159 8332 5872 9122 3666 7434 4048 5612 6206 1156 7892 6139
7547 823 3905 3115 6123 9664 7124 8499 9943 7839 2034 8758 3841 8417 4340 2716 2352 9747 2035 5948 9482 9826 5753 7411 7932 9495 3644 8857 2080 4877 3588 2291 6229 4253 5160 5466 2792 4057 5340 6655 5016 1387 5479 3529 6825 2439 8715 4882 3550 6414 3611 4650 5606 9579 6463 501 8470 6945 1775 8490 8941 4657 3395 931 5644 9168 6572 9541 6993 2074 4118 8528 6795 6910 8065 1974 7822 1428 637 583 5672 1848 6125 7751 3192 5270 5640 3732 9382 4039 685 9149 8828 9947 9620 9662 5651 3036 4011 5720
9081 5315 7194 2254 8479 3032 7059 7771 170 9926 173 5189 1259 4079 6580 3572 3884 3172 2797 353 4810 2845 9385 6773 2708 8078 3923 1711 3450 5043 7253 3820 7177 9140 1973 1458 4521 1034 5158 7285 5564 1957 2799 1227 7807 2351 8000 4024 2486 5454 7126 7936 215 6268 6859 3605 2461 1845 7072 5853 2309 5079 4710 9581 1571 2086 8904 9295 7150 6792 4118 6810 6689 3253 5385 2221 1779 8543 5422 8462 5833 5183 134 7162 5702 8417 6740 2167 3784 459 382 5594 7424 578 2744 5938 1462 9032 8182 7951
5635 6954 1429 7178 2923 5141 6859 8068 1880 5835 1328 2596 6492 4952 4731 6112 9544 979 5505 7227 1595 4854 7876 2093 1870 3581 9420 7729 8199 3329 9216 277 5371 7911 1867 1433 9933 868 3649 6370 5209 382 3400 1462 8889 6923 9923 923 8502 6597 1094 3731 2204 468 4609 2775 2840 6991 8742 6197 4726 8444 2374 8874 2619 707 8639 281 536 4933 7287 2424 8825 1785 9644 8271 773 2429 3775 110 7031 1941 2948 7458 760 7858 4027 495 3248 3060 407 6193 8338 7657 6685 6070 8571 4521 7613 3657
2389 7047 9875 8320 9606 7992 4179 3019 2025 7705 5826 5911 5988 429 611 8482 9719 829 2643 6426 8870 7485 2549 6420 8188 6670 1997 7893 881 9826 558 7050 8609 4930 6782 9261 8085 1138 8114 1046 9257 8122 5864 6265 6796 8374 334 1101 8419 8715 5577 3980 1917 403 9155 5935 9516 7903 508 2865 7046 1284 9412 2873 6447 9551 5798 7406 1534 1053 4391 1277 7404 2827 443 6556 5499 1269 4111 4447 1568 8182 7414 2294 4310 2602 6076 7762 9011 9152 8125 8287 1687 4674 441 6692 1302 4849 5203 3685
5305 2101 527 8044 1604 9234 9268 3648 1137 8026 588 5902 3952 4694 9336 1748 2649 7104 1764 7368 6016 2229 9686 7628 2068 7846 7875 2787 2840 4570 1115 1232 3885 2658 9394 9862 8187 9082 7818 6845 1613 8224 4999 3824 8969 9621 4911 9776 9522 7061 5723 4764 7254 8198 7688 6193 3754 8103 9730 5682 9475 4088 3652 8508 2890 8851 3867 2961 5467 2550 7753 8552 6011 3419 9354 654 4491 1544 6398 696 3319 8017 5047 9345 2202 4191 6192 8921 4067 1699 9140 7626 4127 6030 1557 7130 6059 6181 5855 9311
7832 8734 7365 6172 8802 4751 9060 1920 4339 8013 6999 9250 1982 807 728 8223 1163 3454 8476 4550 5677 4165 2511 235 7174 6329 3389 1535 331 8371 9664 6791 7122 4313 7958 7000 1120 6585 8359 175 9436 1485 6993 6907 4406 93 2170 7598 7044 549 2157 2337 8598 2795 8636 1021 1187 3412 4098 6642 4170 4339 8608 9259 5787 2341 8451 331 3712 8122 5692 1403 9569 1170 7344 5061 5522 6726 4526 110 8281 151 9174 8284 5042 5400 567 3568 1215 6241 3704 6138 6094 1441 1980 8548 3498 9865 5697 1533
2338 4006 6204 43 6658 5498 8873 9428 5656 6107 8783 5207 797 5213 3636 1790 8991 4696 1218 9116 8319 9389 5200 4282 394 6241 3353 1113 7767 4647 7203 7770 7342 3935 3167 9609 2423 8272 6900 1816 3050 2454 6780 848 551 7838 1807 1943 5742 1396 8366 5235 3666 3110 2928 1649 8225 1139 2710 749 2411 2867 2343 4891 5711 7448 1400 1148 9155 5840 2903 4301 7881 4919 7751 6306 253 315 9763 8875 2919 4407 1938 8955 8804 2471 4073 7613 9179 4031 837 4385 9901 3192 2152 8515 9750 3150 4770 6503
8733 6124 7298 5361 4693 9646 6282 322 6474 2 5305 1911 4659 6031 7560 1152 3954 5019 9906 5147 6454 7045 7807 1919 9783 6880 3189 4070 4745 9604 7551 3553 7570 2593 7170 3933 8063 2830 7295 718 1512 643 5301 9982 5956 9891 6385 3188 5924 1467 2434 6071 7083 3491 3923 1668 68 2834 9041 3027 2419 3936 5418 9772 112 372 9789 4178 7796 5243 3155 9423 9911 7549 1492 2606 6095 8829 4793 582 7976 311 8626 4759 638 8979 2113 4448 6371 8511 561 9345 2427 2544 3474 246 427 8974 4451 8108
5932 3872 5934 9195 6479 4983 5544 2562 718 5943 1403 5802 4753 8338 1020 7799 2924 72 9849 889 8075 8305 9288 4111 9117 2974 41 8573 2839 5690 9453 2734 1921 4258 5387 8603 1533 5913 141 3455 8766 7162 9630 206 593 8244 2474 9580 5811 7363 7195 7071 5297 35 6890 4738 8669 3140 7271 5971 5383 541 3097 3423 9086 2136 1305 6469 6769 6853 5796 9487 2783 3163 5325 1248 7825 6551 3186 8745 918 545 3254 629 9206 2931 6864 5163 8035 3072 880 7533 8912 5510 9346 703 4760 9623 6745 642
4851 705 6209 7579 127 2172 1008 2276 3943 3784 4213 6681 218 8311 1042 6591 17 9363 7103 3124 5635 7473 7616 3531 55 6936 3476 2093 848 1445 4269 9965 3695 4937 946 7959 2584 5136 3087 3625 444 1981 545 9354 744 6908 2492 5984 3708 2107 5599 2412 5956 8772 6960 873 4920 6621 3418 7306 3498 4400 8111 8413 4482 3402 8384 6536 4913 5716 7549 3969 6252 7520 7051 3338 293 8356 8669 5104 3650 2963 8144 2259 5503 4745 6274 8393 1017 6268 2076 8280 3884 2060 8677 1170 2945 2062 8134 569
7053 8210 867 5799 1673 6056 1282 6377 1915 8901 9548 7288 2390 9291 6596 843 8100 158 4933 9919 8516 7767 9091 1045 9168 5756 5927 9823 9260 8233 4790 8239 326 8848 9561 1100 156 9802 3721 6842 1098 4234 3000 1802 1985 4182 4581 663 9605 945 1093 1325 3280 1672 1792 1455 2829 594 8992 4573 5472 3527 4332 6723 3680 7271 2122 4120 4862 2923 3843 7859 9684 564 4704 1973 3287 1940 8166 2064 5241 491 8416 9190 7190 8817 8446 8601 7923 3518 104 7311 228 1862 4198 4764 3956 401 1675 8075
5302 9688 2478 3513 4209 2846 9176 2999 2023 9802 6394 1023 9871 2669 5943 316 4571 4012 324 8429 6780 7715 8351 1232 340 8759 606 6951 5772 8220 1004 720 350 111 3175 4684 6961 3916 631 9525 4078 805 8670 7124 8073 6991 4466 9442 9715 8365 8257 6903 3946 5424 5419 2983 9864 7341 935 4914 6541 4488 3435 3228 4762 6689 7650 7793 9553 8573 3656 8712 2960 6019 467 4510 4279 3362 4227 7311 8283 3564 1122 5643 5895 6004 2339 9572 475 3018 1133 1378 4210 8354 6909 4025 8964 3294 6975 4052
7403 7629 8311 7712 7326 3151 3084 1599 8047 3492 7929 2832 1960 1495 4032 8216 3863 458 9942 7468 6060 1702 2096 92 466 6654 5065 6400 5639 5842 5812 6559 2794 7959 2262 1247 6616 5621 4431 10000 1181 1347 3949 139 990 9722 9823 1867 5914 5012 9004 4218 3334 7051 7630 3891 9298 2870 7106 8182 6199 5790 1205 5937 9143 8184 1196 9686 7810 722 5125 5001 3809 6447 166 2837 6390 3609 4734 5713 276 5448 7467 4205 5968 3342 2352 5372 9385 5316 8016 9864 7806 833 8865 4576 4311 2587 8373 5602
2237 835 6434 3508 2088 6099 3371 4682 2447 668 5698 9775 1624 7089 1354 175 9141 1022 5515 2434 2677 4115 5824 5419 7549 5141 306 7083 8006 1162 4281 1855 8844 8618 2156 4674 6334 79 1481 9842 5186 432 1861 1145 1707 7888 525 2233 2359 779 3570 7488 3147 8253 8838 1789 4161 1161 5162 2919 7466 4062 9565 5912 680 5701 3291 1928 143 10 3671 8398 5821 3436 9443 3260 7780 3842 2757 2888 1942 3636 9620 6666 7395 8473 8815 7103 1092 3626 5996 3686 1933 1404 5608 8399 975 4371 5247 1368
1370 8087 2963 7167 1017 1261 5062 4144 1381 2947 1487 112 3434 3879 3883 4560 5171 4684 5581 273 9830 5987 3180 7707 5935 5543 7865 7323 8757 2507 1324 7554 9581 6824 7202 7901 8650 812 7833 7908 2330 7814 8338 1466 6334 786 8961 7391 406 8850 9520 1162 758 7171 7005 3313 6519 4622 1039 4336 2814 2346 8822 9017 3696 5285 8938 683 7639 5405 9457 522 3721 2487 4993 1667 8625 7713 4411 7209 9450 4643 2141 7371 2752 8092 7934 5857 8357 9844 9566 9577 9405 6474 9559 3718 2951 5887 2558 5018
2124 1997 5062 744 4139 9345 8845 5132 5490 9557 2980 352 738 2169 8726 9287 187 413 3635 7175 5368 4625 9355 8721 4587 1706 7701 4154 3382 6078 5536 2959 4409 3348 7337 3300 2150 2949 5491 1473 6226 2504 6436 7352 391 8508 5739 9115 9109 3899 103 8063 9588 9485 9351 73 6919 3315 7013 5642 4992 9018 894 5959 9945 5552 5008 9495 3140 3679 9552 9030 2791 3244 9687 3724 876 2067 9562 3356 4825 2011 1280 8298 5263 6262 6490 9118 9722 5859 3307 1375 4315 1629 3543 8640 1644 2713 3131 4502
9159 6956 1570 1856 979 4666 4487 4977 3108 4140 4980 3084 347 4494 2010 7353 9870 1907 3980 5827 9928 1251 2697 3833 5766 7333 3460 3563 8473 9095 6582 1172 8776 2508 6351 801 9882 9893 5987 5672 6199 6241 60 4692 78 9504 388 9784 9575 3831 9232 2149 3601 8365 1138 9363 5246 2013 4881 1342 8495 2339 8147 9717 372 1987 2309 8818 2126 1607 8286 5915 8869 6293 4293 742 1719 7005 7254 5440 3847 6573 1116 7563 424 5287 1246 4883 1649 266 7356 6826 4688 9678 353 3017 1129 5629 7188 4111
1877 8902 5354 4625 9660 847 4706 448 6616 5121 2065 592 9118 8388 962 1231 4203 6027 4405 4601 1764 879 6533 5104 9662 2175 825 2919 5312 9342 9970 7953 8866 8564 7119 4461 2860 7787 763 7378 8084 7547 431 8756 1567 9236 1139 1668 7523 7727 5190 6663 8381 6331 576 1376 2826 3589 2307 9665 7880 4934 8323 8455 2492 7588 5309 9720 6956 1961 132 7117 8828 6797 8569 3240 2590 7681 5375 5051 3689 968 6506 8988 4925 4306 7587 4249 3532 6583 1357 7933 7729 1729 74 7198 419 6617 7054 2538
8052 6599 5296 3946 6293 5990 7906 3862 8620 5347 1223 9235 6939 9910 4296 907 8193 8361 358 4318 7750 5737 818 3433 6972 2813 8756 4003 299 7714 7629 9899 5156 5004 1096 9058 9068 3091 3960 3480 4063 1202 4331 1105 1969 3384 8101 8275 4491 563 7635 7891 9933 145 921 5767 9235 1022 2640 4184 5476 5263 2512 4982 4979 5149 4775 1653 8190 675 1284 6359 2289 3673 6617 4346 4787 4737 4319 5361 8460 7921 2453 6729 1024 1003 8749 5299 3194 8021 7113 1063 1079 9112 6524 4557 2049 9257 8574 5954
6836 2041 8939 787 1293 4145 6361 2966 5148 117 4059 9387 3546 6151 1341 344 9536 3036 7796 9993 5188 8560 9411 6975 8666 117 1585 696 3292 5606 1162 5327 9812 3599 7089 4175 3105 6000 848 8818 8354 661 8440 9799 3528 4976 4998 2812 2312 3570 266 2291 4110 7429 2474 8138 6178 4632 7242 454 3831 5220 7930 6456 2066 2967 6754 1938 5626 2316 8350 4258 834 6564 5242 112 1840 9313 2925 4437 8157 9456 1889 1812 6121 8361 8525 2685 6723 1902 4330 8265 6873 7773 5067 8447 3167 3957 7090 1981
7838 2449 273 6592 1580 3010 9212 2617 4315 7151 2350 8281 2767 6951 7941 3765 6189 7441 5235 9626 9365 2239 5236 6157 1843 4702 3377 8992 1578 9166 4217 1314 4758 5721 9764 9529 7462 5076 3682 4311 8790 3930 6334 1250 2877 6091 9341 9280 37 5652 2664 8861 8066 9787 4989 9255 2662 2024 2987 3153 7835 9530 1061 226 2153 7339 7437 7166 3854 8092 4553 2850 2396 2826 3154 9440 4997 3993 6039 7858 2455 3613 5183 7290 4622 2633 329 1423 1368 6814 1733 6319 631 5545 7392 3749 2828 965 2733 8302
1768 3812 1189 9207 9811 8973 6465 2666 4146 6605 28 1844 6547 8434 6047 3387 9883 7394 4614 9190 3409 1284 7712 8121 2492 3757 7096 5137 2819 5126 9810 3504 3286 1916 4367 935 8178 101 5151 8958 6806 5794 7823 5389 51 5812 1257 4028 6150 8752 79 2179 6405 4284 1607 7875 5925 9565 6582 6714 7333 9826 9387 6610 100 7448 9521 3490 8036 9949 8442 1477 2848 5314 8747 4715 5986 3939 5359 4732 1346 749 4268 3469 2146 3965 155 9992 940 2437 8903 2241 5824 7644 1687 733 1233 9014 9252 9814
4715 639 9410 1893 5166 853 7585 6144 4927 7528 6298 4577 6242 8329 1289 7976 6292 8381 2948 3732 767 142 6491 8285 4564 7536 8257 2732 6355 4299 3933 7810 7322 7983 9052 8647 3609 3428 8402 9875 8723 3140 3541 866 1834 7313 8016 4873 9198 8654 3886 7933 9804 8386 9648 8323 9654 7563 3976 820 1707 5713 8111 4897 5670 4204 2879 6772 2503 2472 865 1781 2332 2874 1617 8492 8596 6869 9215 5886 6483 4590 6670 9730 8017 4571 2272 1306 7782 1513 2782 1597 2338 7605 7764 2769 508 2644 1836 1881
5592 3026 4270 2482 12 9537 1692 5574 9637 7993 2298 3375 9731 5819 8442 1337 258 2371 9713 8366 5677 8023 9874 3163 7442 5038 4528 4584 6033 9903 1640 1243 4671 7901 3435 4268 3794 2320 2038 9597 220 7567 1916 7977 3065 335 5967 695 1690 9024 1377 5352 2966 2902 4526 5975 7730 4984 1285 3584 5577 4407 8369 5865 6424 1610 4006 8622 7826 87 8335 4013 9936 4881 2629 2255 3268 2333 5604 3886 95 6361 5180 8069 9641 6938 2416 4019 4623 7802 3927 2787 7532 6757 3967 4528 8794 2787 7614 9623
5806 456 8386 3539 2469 2131 6347 9596 4248 68 9819 4751 4383 1817 5181 7478 3520 9406 7895 5620 6189 605 3871 4063 5694 9851 6265 3203 4307 1809 843 1424 125 3860 3057 6446 8099 1013 7896 2226 5747 6940 4024 7289 1507 7304 9297 9017 8437 4950 239 9111 649 2368 2360 9850 2568 5060 5804 1698 8464 5853 9923 1021 6157 493 6529 6554 6783 4177 3183 3178 1309 2523 3519 5887 2605 243 4801 6123 6168 8495 8110 5654 9801 5710 2887 1010 4404 672 6557 8060 3058 9978 5235 2171 1424 1527 1680 9360
2426 7921 8773 8895 9020 9084 8724 5411 6423 8802 9603 4824 5758 8991 6346 5549 6618 6345 8814 4104 6171 8735 5421 4357 7627 7945 264 5152 6555 5359 3266 2061 2568 4171 8576 8002 305 7811 1530 7973 8288 9861 1416 3140 2852 5008 1839 2476 1348 2879 64 2872 6119 7498 8267 8355 8045 5018 7407 4680 493 4564 4968 9901 8489 570 5602 8512 1279 776 5650 7567 7336 3447 2511 4852 1253 8856 4813 7397 5908 1417 7974 6813 3680 5472 2182 6019 2987 8931 9862 8266 5293 4483 4439 4100 9304 1844 7555 1114
6021 4691 399 7510 5348 5551 9730 6266 3690 6752 8133 8197 5616 2080 4350 9653 9503 3263 5385 2276 6266 5585 7658 7706 178 2029 8456 5874 5104 3551 6352 7931 705 2716 6832 3343 7228 3296 5165 6677 9443 9773 9826 122 4383 8285 2761 4822 7806 8844 6585 1959 1088 4290 1677 5307 402 283 7829 4248 1949 2421 8365 5449 3643 5941 7358 5072 3852 3108 5235 8638 901 2628 1384 4857 9057 1754 7652 1367 7805 5275 4721 5673 9749 3992 2546 5773 6148 664 4365 1724 5881 3096 9492 1186 1536 4359 8865 3423
5324 8757 3387 1605 8915 7758 6989 9802 7063 9687 3094 2559 9589 5224 7063 2690 1373 449 5371 8363 7676 8547 8794 2778 2700 4506 8840 7874 9803 701 1579 4702 5931 4901 3309 7756 6406 4776 3993 5804 8185 3357 2543 4085 4215 5380 2647 1913 6631 2399 9527 2478 4337 5000 9447 9083 9943 7026 9872 9942 2204 9573 4695 1615 8611 8722 3515 1267 679 9308 3785 9833 2497 3792 6312 6869 5304 7068 4911 5524 6721 3217 1511 1052 5269 144 810 651 653 6576 4065 6827 4562 4889 1994 8391 4524 1771 950 6247
5022 3065 9043 6044 6234 6703 7440 4251 8378 7077 2774 7235 5473 6036 9497 8018 8791 8160 5719 3410 5388 2093 4102 5526 498 7986 2132 3765 5535 7116 2919 9763 302 1805 814 293 1753 2479 7434 3977 6738 220 6467 4957 5807 1359 3038 3649 3625 899 3468 7979 9704 2746 118 5226 7129 7197 3637 5369 125 7016 9254 8465 9098 4087 3951 5878 6099 782 9625 450 4936 2972 7684 2965 8282 8473 944 6265 2349 7684 7820 3957 6019 1949 7995 1301 341 59 9448 1077 2938 6105 1067 824 483 6420 9506 8267
3501 9867 7862 3846 3918 68 7592 9879 8261 2175 7376 6136 5110 4781 3170 8120 2195 8026 6139 4889 2489 7175 979 8274 5488 9309 1336 5017 5847 8969 2761 273 4337 4488 6244 9621 342 9573 89 2204 3394 4800 4545 7163 8361 1923 9396 8981 3031 1098 5945 960 5965 9368 9658 1041 6983 1447 7085 9362 1724 9463 6857 4308 5637 2089 9022 2894 7425 7636 9823 9938 9675 4968 7614 4909 1907 9094 822 8777 6473 7840 6433 746 7010 1905 1710 2528 9542 7272 4324 3165 6353 3722 6920 2694 7273 31 9587 8495
8093 7797 8129 2329 234 566 4516 177 426 8518 5326 4689 6239 3212 1056 3772 9968 3941 6204 6197 8412 7302 2379 88 5211 2189 4673 1054 9633 9838 5551 4272 7511 2607 3779 7762 2792 4332 6355 8973 5062 1790 5729 3774 6833 8689 1848 6754 3974 8208 2989 6161 5182 4308 4107 9588 3224 613 4086 2786 9256 3864 9820 2984 2300 5047 8756 3958 2832 4667 4713 8749 9065 5448 271 6625 3711 1547 822 2747 3855 5438 5722 7017 5862 4535 4734 3687 8419 5606 473 4476 8721 8503 9134 9069 6439 499 499 4196
5591 8889 8166 6436 1401 1214 4087 8638 1565 2800 696 1613 9484 3949 1903 8985 8718 4899 1161 9582 7528 5792 206 8628 7961 6240 391 2378 9866 7684 6490 5457 5851 1746 8756 4258 8068 921 2686 9305 1032 8905 8132 3060 3844 3139 6178 6274 6403 4072 3438 8935 7687 7518 7812 579 4237 1808 6158 7758 9162 3707 9235 4075 8782 6787 2069 3068 4598 5818 8323 967 6440 3192 518 3023 664 8733 1345 8403 853 3001 1461 740 3379 7996 6690 323 3338 5722 1081 4386 3995 9022 8949 7184 2689 8657 768 7930
8316 1622 8111 5618 9691 5349 2810 7918 4113 610 5457 9497 7926 7914 2268 6165 2036 2665 7704 1500 7603 6626 2333 2325 7702 1866 4358 3730 7169 3010 2649 9064 1978 6884 9446 1374 7758 1483 3097 1646 8959 7425 1900 9978 8481 7590 4184 6811 8657 8737 7986 633 5469 7492 8293 7128 6881 1892 1810 7966 3514 2519 9433 3517 9328 8838 8304 4866 8965 8359 2356 2958 317 151 9021 5140 1342 2278 4163 6287 5517 6321 7657 1810 5171 4863 9444 6037 9597 673 4806 6501 9805 7099 4803 3291 9311 4955 4696 2897
5527 6166 7045 9581 348 8186 5524 6232 2017 3755 6611 6008 4944 5085 3591 712 7585 8848 5260 9916 5586 1806 8874 8684 9469 9362 548 2638 2544 1540 1439 761 6386 1949 3931 2236 4524 4379 6462 3048 7022 6152 4597 5676 4817 8151 7996 5449 1330 9732 3404 2561 1709 1141 5150 372 494 5129 2302 8083 7806 7887 4999 1633 724 7841 9887 7766 322 2061 8012 5403 5689 6415 2161 2816 3599 891 9125 6257 9004 5881 4082 5372 1930 8079 7231 6208 6093 8927 6614 6117 8733 2151 18 9212 8702 2993 2823 4504
8851 4277 3806 2393 1528 3888 5432 9235 3579 336 7178 1894 3652 1375 4730 8515 1197 6185 3750 9303 2227 1178 1555 4883 4921 4605 5087 3758 3635 3069 3005 4912 2561 840 6478 6005 587 3450 4778 7532 1639 4491 475 9861 4829 3812 4802 683 9338 139 7308 4679 1786 9370 2305 465 7511 2768 9942 3845 2856 8385 6171 7803 1858 2061 4034 2665 5941 2536 216 7134 9975 9904 1658 8695 1786 1937 2079 3867 7014 803 9269 1571 9188 1259 6551 9885 6808 3093 6955 7092 1747 3166 2511 5943 1273 5922 269 6888
8239 5943 3455 2229 1948 1829 6852 5894 5130 8242 6014 5661 1737 2298 2538 1347 9886 7276 6824 6860 3906 1716 3371 4055 3311 2791 9955 3858 4837 2719 6934 7805 8906 19 3127 3232 5622 6471 630 9962 9322 8814 4450 5425 3628 6801 1119 2418 2496 3181 8077 5168 8472 5474 4314 5990 5352 284 5837 6759 798 9602 1095 8594 5954 8270 94 4337 8298 4517 5177 2937 6082 5258 922 6033 2838 7840 1685 2180 6241 5495 104 3941 4354 1980 5095 8154 9786 4035 9442 5072 6468 8498 6693 9630 5535 6753 6064 5181
7909 3378 8912 2278 4202 4532 7372 1214 4385 5478 4138 105 1892 1789 5397 6613 6593 9258 1518 4772 440 6950 2371 8286 9611 2793 543 6136 3837 2918 5379 8858 3890 9041 1713 2855 200 5605 8576 5881 6611 2044 4892 9502 7380 8620 4291 1219 8493 3223 6854 1502 4658 8327 3168 455 7788 205 5220 4519 9011 8469 786 2544 3870 116 8969 2780 360 9174 4473 4760 8785 4691 3482 3295 1108 2627 4507 374 6871 3643 9563 2869 8297 757 3131 5656 8513 2557 7851 4330 6384 4454 6716 5969 2263 3336 9513 4806
4690 7883 797 5816 801 1028 5628 9462 1963 6715 942 6097 4905 4852 3148 6281 9541 2902 5631 1194 7703 1791 3182 8645 749 1621 4444 54 2727 5718 9194 2504 4874 8314 6027 9329 3108 415 3752 917 3554 6335 4265 8370 5147 1120 6284 3674 3344 5454 6843 5277 1881 4280 4627 2932 5096 3086 751 2095 8395 6071 5384 5633 4943 332 5622 5671 4197 2127 9591 1266 2972 8535 1588 1674 2803 9405 8627 6917 9943 472 7553 8671 4572 9241 4835 8173 4592 7790 8844 3333 2370 6296 6758 7071 9712 6753 7947 8212
7345 9538 2305 8578 4075 9550 8777 9068 2397 3355 1690 4901 1879 2409 562 3251 7681 3823 9875 7591 51 3736 8261 382 4598 5624 2274 9765 8065 3275 4109 1365 8144 6896 4752 5603 4743 4157 9120 4002 1096 614 5765 1004 5809 3771 6692 8004 8533 5023 9157 6773 5666 2351 6439 2603 3155 5887 9260 3260 1030 474 8257 328 6990 8977 2035 4581 9833 3501 988 83 3124 5106 3152 7195 1453 3831 3435 4523 6831 2922 4646 1085 7129 1285 5254 3885 6941 9873 1181 9185 8658 6721 1649 6394 9770 688 347 9091
5380 4137 253 3549 5179 8925 8218 5122 5237 8522 1205 6614 2718 2279 8513 4774 8051 6202 2817 2395 2129 6117 5931 5132 711 7653 3903 539 6194 275 6455 975 325 4840 4335 5415 1049 7414 4155 7749 7606 2887 8762 264 1770 6043 7264 6666 5093 4050 5463 1159 7257 9460 7699 6368 9558 4446 962 5419 6487 3533 2780 2187 6398 3376 8839 2745 3224 5311 1285 5966 3235 4180 3701 5455 3697 8760 8297 2552 1615 7103 9582 9095 4493 178 6818 3261 332 2756 8735 2629 4757 3067 6762 684 3773 9147 5395 7695
7678 404 1437 1973 2284 7209 9240 9420 3583 4314 7669 7207 1093 6732 341 6027 1611 532 2804 7397 2631 5995 5681 3358 8350 8237 6821 5809 2791 7592 4117 69 6746 1197 2284 9945 2578 5018 6647 9210 3512 7524 4533 9207 9909 8556 3322 1552 3088 4445 5889 1992 3610 2968 7866 3274 1225 8477 4804 1642 2877 1162 8317 906 7971 1175 5667 6104 6591 584 8547 326 9592 197 8698 3546 8901 1272 1398 9125 4565 951 2857 8918 2941 5766 5115 2944 2642 4972 9438 1848 6081 8074 420 205 9059 4841 3516 5471
1336 466 3937 4168 9495 3108 7113 8010 4583 4771 9533 6635 8047 9741 3752 4758 8801 7158 702 5437 4686 9435 9720 6521 3819 5052 6652 3855 7089 6768 6249 7357 5550 7199 7539 2704 9367 6479 1658 2992 1295 6103 7118 6059 6842 2993 610 2693 2739 8583 7850 3656 6836 3675 988 1311 1895 4885 5648 2338 1456 8272 9800 4536 4873 4332 4397 1885 3542 3898 5563 2102 8934 6726 33 9546 8789 7573 3492 1318 8855 4547 7207 2150 4469 6829 8431 1236 2795 2359 9018 9609 2801 662 4101 4377 6228 6747 4407 7662
137 4220 7510 6609 7191 7139 9633 7865 7732 7692 1555 1891 5011 7577 8029 3304 1479 846 7416 6646 9192 5716 6452 5698 1807 9158 4047 5914 3085 9040 1134 9221 5043 3957 6170 2050 6521 1771 7892 549 5002 9570 621 1855 9403 1846 8323 6620 165 9820 7004 4011 6940 3479 6057 3081 6211 3241 2125 5308 631 410 9507 4739 8688 1758 3703 4572 8784 8895 1104 1390 6825 6329 2940 739 6100 3933 4278 9208 882 9542 7790 4960 2927 7769 8929 831 9657 2717 3594 7927 7820 9329 1487 472 3449 6288 209 4511
5670 5604 8098 5634 4519 9283 8417 6621 1248 1424 9353 4206 2998 4878 6559 4093 9161 6994 6460 325 4880 2106 6190 5789 83 854 6377 5702 6641 9790 8138 4443 926 7875 8909 785 424 2288 9347 7325 7329 3059 1130 5055 1452 7824 9240 2048 6602 1884 1912 2163 7897 3456 9634 7153 8784 6223 8972 8481 9833 2560 3632 1025 2642 8333 7471 3248 6962 7254 1576 1517 4370 3209 8914 7740 9527 5368 6001 4058 6922 4727 6673 9253 2337 6973 6948 4645 10000 8415 151 7588 6835 7954 5711 3047 8933 6309 4512 8269
2175 9634 4816 5398 3870 8148 1000 7480 1373 4158 5230 6156 1814 787 7863 3436 8337 6691 6851 1699 167 4095 379 4334 8353 3612 8050 4685 563 7232 4652 2602 1514 6809 6709 5466 9553 1917 5547 4119 2319 8082 831 8465 7693 2494 2453 7618 4396 5213 9644 9893 4566 3818 4212 8115 5803 1549 2490 535 231 2382 3837 9372 4662 407 5551 5247 2002 1306 6112 8576 5037 3714 5632 5803 4611 6954 5749 3739 9531 4941 6379 9010 1120 5296 7854 1903 8557 4378 1434 1547 3328 464 3738 2607 1107 8118 9550 6044
5813 5138 516 2728 5552 8774 2893 7033 1238 7875 4913 4313 621 6349 610 2359 292 6358 5668 4917 15 8131 2298 1369 1719 8581 1205 997 1803 686 4383 5506 5176 9862 2760 9081 8775 6813 6916 247 4166 6874 5743 5891 6365 9215 204 8795 6564 719 4469 3260 3563 6817 844 3618 2819 1589 6867 1386 1517 8659 7387 2499 3806 6061 4888 3207 9333 6465 3094 1877 9942 4028 1060 2960 3639 1956 6631 4354 2097 2311 5459 8819 7301 2051 6668 220 5871 3064 1836 8187 9621 4746 2468 6232 6017 645 3146 2328
5434 7545 125 8352 2098 9665 7751 2231 6993 6589 2181 9763 149 1655 7371 6349 4228 1007 332 4994 8595 5348 8606 4425 5565 7292 9655 1071 3612 2918 9746 7080 7339 6247 5394 1595 5539 1418 5075 7897 2194 7497 1790 253 9798 5838 1104 4657 8005 9842 3564 3925 9607 2012 2140 8408 6849 3027 3612 2627 3302 7584 8104 7216 3162 5132 858 5353 719 5284 1146 970 774 6353 3837 205 1758 139 8060 2423 6016 753 1516 4862 3710 2419 2804 8718 5691 1104 3818 6451 9956 1817 2070 7572 8356 6163 1752 5532
8419 9769 7336 5457 687 9367 5011 3861 6242 9373 1779 5346 82 6203 459 7658 2627 3327 5266 8484 5095 7987 8617 4712 3325 4249 6832 5225 4795 8759 5616 3635 4951 5752 6309 2362 7301 659 6261 5334 2176 1637 5138 7687 9315 4040 6868 2255 1403 8580 3254 5351 5093 777 5467 2775 5785 5785 829 4443 964 413 6632 7550 6658 9417 6666 6115 7499 6615 4720 4751 7125 6260 1089 8250 6007 4042 5748 8319 451 4758 8605 5320 7070 2254 8839 1362 5932 7039 1511 983 2203 9785 1987 8635 8665 5586 55 2911
773 7416 8002 5476 7459 3016 6605 9585 3010 7257 9574 829 8457 3697 1452 988 5759 9194 6733 5472 2479 4720 4624 3156 5878 5022 9805 6069 266 4176 5781 9754 4106 908 8588 2147 3578 8321 3753 2872 7160 7463 5487 2694 2336 2601 7053 8195 8260 4186 1799 3903 5463 2090 2572 5698 6093 9398 9986 9998 5360 2825 6872 6960 6319 9462 9667 9668 4066 2414 4047 9986 7877 749 8454 5972 9755 1606 7591 1440 7088 546 5152 4584 5528 2181 5094 5531 5612 4086 5672 4172 5717 5544 9316 7102 4903 1647 7350 7485
6189 6692 9184 785 1994 1148 4264 830 5559 5620 1858 9464 6991 6322 7246 1868 8218 8505 491 2285 8799 3040 1203 1688 6741 127 2342 1295 2635 6060 6841 8441 8706 4509 8523 9523 1539 3432 8292 6989 4537 1798 2818 2317 1581 6865 831 8545 6246 2733 6800 6741 9447 4500 8837 3053 934 3437 7050 9006 9549 1976 4045 6302 1237 6575 6321 9709 4053 7117 6095 2263 1019 1074 6740 793 4547 5380 297 1958 1345 4002 6923 1524 6206 7830 2806 5145 1705 5584 2346 8774 9968 5889 9584 7201 5775 8091 6613 8367
4320 3441 3023 996 3204 2333 3533 1445 6884 8726 8264 9260 4579 2005 2800 4842 2539 8260 4355 8630 5969 9693 7492 9444 2665 780 4746 4103 5611 3582 1519 18 2466 3228 937 9826 564 1465 5213 1898 977 9402 3355 7642 599 7330 1793 2471 7197 4205 4184 1910 3265 9766 2371 7110 942 3508 9178 8018 124 4499 5642 8239 8341 1386 4126 1704 3123 2436 4177 9250 8423 3522 4629 2418 9664 4599 1040 5381 7483 3030 1905 5828 894 4475 9828 731 231 7479 7694 8708 4782 6662 2542 5052 4190 5449 3116 2645
3763 8444 6008 7224 7044 4947 3282 8324 3893 7132 5448 8143 9147 9081 9398 2259 3165 3151 8579 8096 7735 4455 5718 422 7225 8395 126 6275 8345 4157 2999 2254 2146 275 1783 3581 2717 727 6156 3682 3502 3957 1332 4563 5339 9325 2338 6906 5723 1037 5601 7726 5714 1897 2170 4794 7802 5866 52 4164 527 5681 1553 9736 8242 5243 2042 1721 316 4016 6702 1705 1730 4677 2643 5641 1695 5114 4324 9212 789 1082 982 1665 7879 8798 2353 9861 7724 9927 6438 6192 1973 5364 7204 4878 1471 904 5288 5736
431 5977 9181 5316 7876 7857 3999 9971 6048 1678 3807 5343 7914 5023 4256 3469 2889 2004 188 5548 2706 2172 2918 3625 6891 3967 1464 1186 4137 776 27 4299 3528 3606 8088 567 3324 7651 5381 636 9811 6014 1078 5371 320 4988 9933 105 5299 5351 261 6421 8064 6034 1693 1828 8628 734 674 4743 3092 4905 4726 9953 2025 7034 6580 5534 9360 5922 9072 5482 583 1205 375 5251 871 7831 4204 9277 8921 1479 9015 2730 5138 9324 4321 4590 6274 9775 8789 8367 9266 5408 7860 7396 6180 3868 5320 9447
5304 5670 4274 8566 5163 8339 2643 7207 9417 1278 8345 1101 8659 1659 6197 6003 3590 3647 4851 229 4924 6666 3571 1389 9646 9991 750 8730 2820 3143 1939 7479 3878 9453 5882 2857 2106 4312 9700 204 2761 6365 9745 6033 6933 5949 3244 8502 8596 7801 1934 1513 8567 6331 788 394 6412 7039 1035 8590 1346 4596 2318 3604 9034 6704 5768 6059 1293 153 9874 3057 1144 3043 5166 4285 1778 6861 6135 5050 3785 8902 457 7173 4347 3966 4303 2476 3420 8761 2137 8587 2333 8971 8948 9181 7847 20 4288 3903
7060 9467 8114 685 7486 9989 513 1593 1506 3735 6055 300 7817 4653 3373 1895 2159 8872 4435 9435 8637 709 3159 8603 1957 6399 1949 7680 8419 8518 800 5825 9004 3885 404 5329 590 6222 6874 5199 6530 5778 6139 5161 298 2439 9181 2118 6744 87 2436 5782 55 2261 1772 7255 1171 6880 1132 9780 3716 5273 6680 6117 9456 395 7532 6943 7182 5290 8884 9537 3340 5644 8271 1392 8135 1769 5868 8810 1082 1118 2082 3887 690 7927 1390 9058 9383 3743 9754 1412 2925 5181 380 1192 4267 4647 6284 1928
7869 3454 6772 6188 3295 998 3968 5077 5990 6184 8549 3136 4573 5159 5678 2222 8672 6634 9467 2886 157 3801 5381 8349 9040 8661 8993 8526 5633 9732 6422 9234 3585 3186 842 5491 5623 6349 6499 5814 5964 169 9449 4595 9507 2900 5442 530 2583 8926 1718 5746 746 1855 4694 4381 9049 9150 6346 2416 7763 4605 630 4931 3522 9205 4692 6561 5034 8744 7196 8056 7754 3445 8706 8183 1376 8239 331 3796 7126 7293 2770 9655 730 1595 8794 7120 6958 8159 4918 9230 7074 8222 86 5189 2879 9864 3473 6930
9294 8591 9654 2153 6779 9135 131 3599 8214 4227 2473 2520 9842 4518 5088 3936 906 5912 803 2843 840 7782 5067 1581 8989 549 9106 178 879 3373 7755 9653 8912 6918 2913 3287 5256 3259 3597 8350 4465 1632 7005 7433 6785 7055 4426 5752 4941 6501 7806 7575 3591 3036 4651 120 9699 5351 7859 98 1972 2544 8647 1836 2839 896 6892 4364 5278 3977 4168 2686 1550 8446 9588 8420 8445 2433 1371 9202 9636 8646 8686 686 9770 6438 7855 4403 7016 2709 4967 4101 1966 4947 4350 1416 1819 8959 4914 4364
1162 4646 4749 2384 2243 8900 3459 9033 1812 9764 5220 9324 5568 6193 8776 8228 9898 2897 1633 300 4325 6221 2277 8505 8194 1453 8680 7960 5456 2488 7165 4214 4277 9861 6288 1864 5645 9292 3982 9003 5276 9083 1086 5342 1015 4964 2605 4297 3131 9707 4272 3261 470 6777 2245 9537 7767 206 7155 5862 7628 5035 9065 7842 5290 6355 9132 9369 1920 3893 9636 3234 2758 9565 2377 6967 6748 3643 5665 9265 7053 7690 8061 404 1173 5148 9708 3185 6513 8058 4532 3494 9501 8480 7912 2106 4048 8803 7277 3377
8365 293 2802 8274 7099 1315 9476 4814 6987 1888 1257 2678 6502 8915 1197 2025 1414 5611 4478 6386 9698 5125 9379 4837 2790 3664 7155 6529 7365 3383 8726 7545 9922 3995 3578 5561 6465 2438 876 4849 6019 4926 4819 765 6247 8889 618 8636 9941 7258 9733 4949 1478 8624 6344 7547 2961 8812 3370 268 5908 3066 4971 6751 3978 269 3317 2877 8707 3208 743 8526 113 4401 1065 2024 8400 7838 914 5651 2208 5694 1526 7349 7447 2812 335 8909 2714 7114 2994 4978 4750 8952 478 3802 7773 743 4579 7076
6920 3566 6980 6308 8206 7514 891 9684 1325 5606 7067 4933 5299 9020 8372 413 1256 789 6217 8216 6822 259 4370 1539 7150 8048 4299 6198 5986 8903 8679 5021 5877 6408 8205 9263 9792 9413 2168 5823 385 2749 8340 691 7921 9721 3525 3468 5848 8217 7309 8273 9511 5477 4619 144 2491 4871 510 3233 2418 3769 9072 9220 4979 5735 5337 4621 2327 2746 3042 6650 7861 9813 9845 4403 8539 2138 5373 5886 729 1440 1375 9636 5013 6716 3888 2718 6185 6307 8312 2144 6050 6206 2799 7084 3709 8985 867 8190
2354 4329 8819 5190 2226 9980 2296 5452 4774 881 4506 1198 4183 8835 8510 3719 8105 9787 2761 818 9674 457 7621 7420 8917 8838 7808 9010 5872 7622 2454 3449 5756 1076 4955 5999 7127 6087 3689 9802 4426 8274 5130 5302 3440 8493 1724 6897 1806 2157 7691 2786 3981 213 9816 8893 5318 7635 6725 5065 8501 9547 5680 4205 7943 90 2611 5983 8878 1602 8968 9673 2162 2172 2166 4685 1492 8369 4706 6274 1816 5181 6667 621 5785 6443 8038 3040 1259 3584 484 5951 7650 5257 2852 1412 5577 9706 1795 6969
8406 6159 3311 4216 2255 1813 6150 4679 9904 4832 9058 5913 3814 7505 8400 8899 5283 8503 6518 5947 3186 8917 1131 5437 7649 5013 1617 3099 6794 9141 2510 75 406 3532 1673 8906 9341 6170 7159 4015 393 2569 6895 3899 2426 513 5974 6236 5918 3231 1592 5907 1891 4872 8986 1319 9094 2515 4484 1859 3361 1006 7434 4597 5553 7305 3481 4032 5511 4078 2457 9688 2102 5107 6675 455 6270 3011 1244 7797 5231 1295 6175 3936 8141 8458 6903 739 1237 1160 6265 9454 2869 2798 4716 5053 995 8432 7932 8965
7157 7013 231 6249 4801 2126 3360 6872 4400 2991 5625 2839 5994 9604 9927 8244 3000 1730 2526 5976 5743 7559 2138 7851 2696 2321 3496 9805 9860 294 4326 3996 3700 3488 7335 8890 406 5806 1064 705 7332 2583 5544 3212 807 2292 462 7540 7473 9386 1075 4539 71 7002 5703 3383 2898 5130 2265 7188 5489 6686 4041 6503 1780 8637 2433 3805 5975 2047 4576 8843 1833 5798 779 8927 2687 2749 8039 1183 9627 1924 4510 675 6021 9413 1088 3388 9808 768 1512 9297 9500 9129 3906 8732 2168 8626 8754 2863
7681 2124 5546 2829 8510 3466 3108 6860 3677 5399 5257 7771 8950 4411 1514 472 9233 5582 3149 1569 8427 2856 4911 2196 5567 6974 8889 9315 8783 9396 6190 2121 5862 4581 5147 800 4793 3685 581 6960 8095 8312 4707 9942 4219 9667 176 8545 4813 6712 385 7528 6260 1073 8135 4887 4650 4085 9466 8756 7134 3083 6231 5775 9537 1618 9542 5297 2333 6527 2960 7087 3807 1674 9924 2245 3715 9304 765 5776 5075 8315 2171 4450 7224 8685 2272 455 7263 4200 9895 1320 3007 6159 2804 43 2656 6320 6992 587
6627 148 9719 4215 531 1279 4600 2330 4036 539 8591 4738 7122 6117 6041 6877 6188 1920 7694 6013 3151 8971 218 7711 293 5931 4691 4135 7449 5651 3796 1723 5309 6342 1772 9465 4919 3451 8836 3087 1150 3057 7292 8437 2986 2173 4746 4326 8912 5364 1004 2780 1314 2704 7124 7120 9035 4565 1330 4537 1369 9331 7978 9792 7157 5347 2141 1076 6550 3262 3798 4769 5171 2536 348 8368 6450 8682 8028 2309 2288 4519 6529 4308 1482 4759 9775 1562 8328 6007 2641 52 4741 4661 2741 4990 4372 3744 5869 3663
5507 2139 556 9604 9648 9378 1580 5896 8642 3275 4155 4670 384 8332 1861 7027 5009 6536 375 2736 9404 786 9829 1784 5238 390 7576 9544 3501 8017 4569 9804 5417 4592 3122 579 1916 8025 7358 4811 6553 2660 4442 2288 335 4855 545 2699 3827 1418 4510 8540 8286 757 3134 6049 8308 6361 8661 3071 6997 5837 315 9870 3920 2921 9668 321 468 2603 7765 1141 9584 8730 196 8868 7558 468 8167 764 8251 216 2643 8070 856 4696 2144 7285 6100 4137 2172 4434 8224 1704 548 260 6299 8763 5850 3665
5450 9534 5542 5671 3204 2147 5830 9103 3112 7342 2910 1386 8888 347 6008 8239 6951 5545 8653 3262 4175 7998 2743 2281 8916 1273 5805 7958 3126 5788 3742 5096 687 7314 1607 8591 5510 6420 5844 5680 2875 8448 5677 4138 618 5055 9918 5386 3071 5999 1183 7107 3508 571 9335 2574 994 7494 4403 7883 4955 3272 7662 6709 9246 8534 8733 1420 4590 7679 1451 8933 2925 3056 7132 4296 711 1616 5697 9941 2920 4669 362 3588 1274 4300 8620 7553 3639 268 8742 4007 432 8732 5412 3320 3819 5953 8416 9051
5742 4920 4437 5927 2025 3728 7879 8183 9039 4555 3671 9715 3027 8201 1651 9796 9537 9735 5524 9627 5683 4 8588 1332 8690 1130 1971 1747 6082 4714 7771 8586 6855 1861 2228 6460 2614 2757 6447 6336 8753 5461 1771 3853 366 8078 6730 2034 9456 9710 7922 7454 6897 8139 7498 7321 4085 3202 2055 5611 3039 7725 8023 9732 4470 9326 4146 2834 8503 927 2616 2757 9397 5928 3929 5301 7153 4161 4917 4881 7249 6064 5174 2061 2932 3563 1760 5686 8758 8996 5215 40 179 1865 2308 4749 9748 2694 7385 4783
8506 3299 4624 2567 8649 1761 3497 703 3605 7350 9375 5721 4141 2356 1754 7428 88 8777 3721 4148 6931 6565 4337 3521 2533 4473 7437 1712 9457 6346 2236 7644 1921 9508 2341 83 4048 1677 9765 6146 383 1725 7138 5380 455 4156 591 6099 1968 9059 7071 8514 277 5225 1352 7897 6261 8078 8747 6281 7685 5198 9542 5412 5389 8866 9072 2512 4104 2724 7639 4902 9479 9613 3821 6029 3756 1962 36 5576 5914 2416 5804 686 700 7184 9196 4774 1574 2676 5526 233 9928 1391 5748 8895 6807 662 3307 1032
6707 5677 3008 553 3609 2415 1498 1927 3703 6579 9378 4580 7941 9482 9311 6768 3722 553 861 2253 63 7468 1491 6510 9386 1130 9606 9315 8595 7806 7808 254 5213 3353 2087 8540 8223 3623 2857 2348 6533 9630 157 586 1886 5007 8839 2794 1130 5607 941 471 907 2761 7583 8885 9655 8128 6716 3883 6894 9391 4196 669 5557 4400 6928 5518 4965 5753 5654 5403 7202 7716 9437 9405 242 2432 620 6288 4593 1847 3424 6203 7279 1803 9996 4633 7557 3656 3343 4115 6816 1039 4738 4654 7541 9367 692 3701
4203 7939 8242 5002 5709 449 8009 562 8109 2762 6363 7795 9255 4268 5542 9158 5468 9982 597 4364 4945 1661 1903 2734 5439 9482 6695 3081 6625 2683 4580 2373 2590 4691 9793 9406 1416 4636 5884 4805 4668 1189 6821 957 5679 2051 6742 331 440 5331 2949 4680 5616 6213 4814 3766 4812 763 7204 4843 7108 1063 7726 2 7248 3868 9122 3772 8376 5839 2786 6517 5294 9441 2223 7166 5940 5124 6792 196 4472 9701 4723 8577 849 9764 4444 2847 8685 4113 4385 3219 5136 3095 4830 1785 8976 7082 6801 2008
1143 1814 9286 3352 6828 6050 4163 6882 1163 8155 5658 2058 7025 2272 4121 4750 645 5891 9933 2147 1727 1614 239 3928 1190 9499 9445 3612 3403 9230 7614 8252 5954 1018 2579 7137 3722 3601 7068 54 3343 2552 8028 8862 5211 2986 2527 111 6689 3563 2595 7879 2994 3733 6257 8842 5960 3094 6764 6380 5539 8984 3238 9788 812 1192 9506 5386 1828 3686 8158 3331 5211 7082 9778 2546 1354 9658 3907 8200 6094 224 6659 1577 8340 467 547 211 6115 3339 9494 4050 10 9894 2968 3572 6035 4749 5033 7247
6600 7545 9662 7372 2395 4506 2194 7396 5802 4721 8770 4709 3802 4806 3273 5698 9615 9630 1868 825 5240 3396 6284 798 5491 1155 8987 394 9296 5769 6140 1354 2597 5484 3303 6455 3590 6088 717 6964 9614 7773 7775 3673 1682 7722 1421 6424 678 1087 5177 148 2215 1117 4502 4380 4025 5313 7870 3093 4172 1754 4768 8485 4066 2057 5745 8508 8630 8135 8371 9587 5823 3356 6379 3427 934 1760 7689 2897 799 4028 5202 6834 3274 297 7773 6747 3483 9429 8261 3999 1997 9594 5970 3971 1362 1615 8878 3742
3878 6167 6884 4180 9928 4801 4452 1350 2273 1433 3475 4738 1076 8215 3636 7826 6255 9091 8692 7 9747 8247 1960 1643 7021 9452 9841 7418 2527 5803 3563 7435 6654 4213 4656 8883 4230 6238 3267 8515 6686 8817 6866 4930 9704 3662 8764 5668 3205 3233 409 4999 3766 8878 3589 8450 7616 6754 6144 5630 3773 3467 6096 4934 3566 1604 5501 4354 5394 2674 3245 3311 1918 4605 2856 290 4402 7256 2470 9348 927 8251 3593 2307 2646 7613 822 2989 3813 9939 5901 9321 830 1500 273 7659 4586 4941 1755 9007
9332 4270 4897 1264 9007 2290 2482 8775 8594 9817 2726 7700 1991 2979 450 3717 5007 2125 5512 2940 6182 9149 9419 4911 8512 838 925 7365 4653 3712 4427 8908 6455 6062 8541 6187 9294 2910 8089 7568 754 2492 7046 7988 4876 9924 5441 5471 2399 6874 3677 9857 1583 8422 3866 3966 8367 6945 5108 7478 3608 4550 8273 1687 600 7884 7951 1880 6963 1632 3400 8201 7637 1243 7408 219 8744 9549 7201 301 1017 7868 327 1885 860 1978 4541 3308 4842 158 9943 1140 5320 7456 8757 8647 6374 999 1334 2264
6694 7590 5848 9344 2701 8251 9839 4326 8718 3522 2430 7678 5567 5465 6938 433 6937 9191 3617 2354 1129 2931 7357 7743 281 4805 9723 1406 8961 7654 2671 2845 3091 491 1373 2318 2266 1694 6034 1755 9602 1638 7425 3983 5222 4838 5539 6518 1309 1496 22 865 114 1097 7381 5627 6969 802 3942 7513 8099 6326 4891 7380 9104 3236 7990 7322 9639 1977 3170 6593 6059 2673 4493 4678 3639 3837 7780 1867 8322 6166 5428 253 679 165 6961 8350 1367 5216 6983 6082 9513 1318 3810 6174 6775 9166 4114 1532
232 99 1585 6352 5382 1093 1513 363 589 1573 3577 7844 9336 3214 5025 3991 9704 8587 2812 6743 9705 1154 4923 6773 5426 5799 2677 3057 6549 7625 9502 7442 5844 9568 9711 3298 3988 8523 6111 4008 1162 1639 9802 4184 3712 8860 421 4521 460 3608 7455 7869 1067 2450 5612 1757 7950 7389 7246 195 7022 9796 7378 1204 451 132 7825 576 1854 5253 624 1486 3413 685 6203 513 3283 8300 3595 1466 4874 2037 9786 7672 705 581 2603 1272 9388 1775 741 9268 3775 6464 9538 4448 4883 9333 6244 923
3897 9450 5342 1098 3847 301 2833 5922 131 914 5795 867 9671 9788 5379 6238 4562 1944 8244 3346 7156 6163 4640 1257 925 8959 8867 2186 1778 4430 4810 7708 6257 9617 1382 3523 1205 5949 8653 4750 9061 4230 4684 2128 897 122 5029 4185 2541 1406 1152 8980 3818 9496 739 4101 493 5618 8523 1982 7696 4682 4629 2719 4460 8969 8878 2415 6338 3997 1824 7202 3893 6538 4942 2763 3924 3787 7592 987 5937 484 8133 8355 3663 7172 7283 547 3946 760 3989 3294 3740 9528 100 1181 9469 5051 1729 5807
2930 2504 2422 8517 4800 9102 2796 8294 9582 4735 3638 3556 1704 2962 4627 6787 3364 4913 226 5132 8365 1899 8351 3596 834 6726 8482 7854 6345 4867 8996 219 742 9741 9482 6074 9173 1014 916 3596 5615 199 8119 580 7784 5275 9417 9972 969 1432 9454 6018 7254 6507 4128 2421 4685 2180 6429 8952 4915 9411 4652 8624 5346 7006 124 6401 6720 2590 5731 6672 4513 5309 1470 1663 1769 8157 4865 7967 8773 2720 219 1529 3169 5899 1759 2562 1755 9994 4634 6597 8645 9899 2072 2055 7405 1780 7919 4728
3434 8173 2006 7504 9756 4466 4999 1880 721 8014 4573 7766 5371 8559 6207 2176 3128 22 1146 7130 9296 9931 8078 5163 9039 3673 9264 3725 3867 8320 8363 7229 9192 2291 8177 1904 3006 9763 4710 1094 8959 3490 115 5079 6890 3249 9206 9384 3130 8268 5993 6619 3391 7703 9895 5269 8212 3605 3010 3164 5734 7408 2890 1216 8451 9239 7549 7893 7611 9341 6968 1627 790 2708 9934 5420 1792 3677 8522 3458 9921 7436 1019 2017 734 2919 2723 1113 5373 3543 7890 5934 6294 6026 1842 3460 5459 236 6431 3018
9214 9218 9582 2280 1648 3646 6089 6759 2604 4905 7481 1828 7142 9667 4877 3115 4124 887 1275 8709 7798 6755 2494 4359 6533 2918 4099 2135 906 4261 1981 1085 1066 2065 190 5003 822 7583 4461 2949 4712 9049 4415 2503 5520 664 7765 268 6866 3853 8354 3381 2428 8068 9000 9255 1123 9904 4475 9962 1257 5797 620 5291 1041 310 8867 6460 1783 9484 6048 1504 5749 6861 9210 8651 4087 228 3657 5855 4671 2584 5466 1443 4420 2828 4622 1962 9308 2441 4953 8177 6740 2199 4348 3925 2269 5807 2808 4620
5989 3474 2479 7712 6635 8999 8215 4111 1534 2683 6012 7649 1144 7636 9199 3697 8608 2750 1697 8975 336 9174 3364 6190 4067 2401 3256 4546 2035 7779 36 4320 6221 8377 1825 5348 6361 7571 6085 6021 7829 8194 5743 6569 5751 1317 3931 6365 4503 7791 9058 2525 7622 2423 2692 7690 1904 9952 1707 3317 322 826 6795 8676 3906 6136 6434 2979 4573 4427 3183 9724 3242 23 4314 5668 7086 8245 7929 501 9275 6618 6110 6855 7209 5965 7488 441 2606 978 6430 7167 2581 925 8275 8413 6040 1204 1204 3301
2582 1538 2395 3984 4337 1763 8859 3574 9065 3893 7973 3292 8661 2066 1918 9885 1023 7237 4056 2571 7262 7223 9322 9751 8861 5150 6361 9823 3732 1125 5021 9313 5251 2395 7681 1725 7368 9367 822 8455 1360 5772 6267 41 5593 504 3998 1850 7925 2983 5419 2659 3513 5565 8674 922 64 7577 2094 9627 515 960 2517 3892 6501 6946 4173 4637 2251 9150 6487 3100 6528 7055 8494 2394 4103 6176 1150 8667 6946 1114 6484 4334 66 3499 2007 967 4415 335 3609 8024 7998 6168 992 5638 5942 8693 1206 8055
2525 6926 7285 9947 2563 439 7664 2183 3625 5438 4859 8974 4850 6789 3925 4129 4102 4740 7652 7827 2705 3927 2773 6689 2440 6312 9958 654 7656 1024 7298 343 5317 3226 7709 7227 9955 4160 4029 4902 6089 6123 5390 6589 6299 8876 5879 5955 1057 9488 777 984 5917 6256 2688 2346 3629 9228 9065 3881 7104 9717 6889 4610 7695 5475 7873 3063 1598 3071 9928 9758 4266 2170 3351 5989 7647 2673 7560 1823 3348 9008 944 567 246 9915 8762 6903 7999 9049 6912 6061 8009 227 3633 7554 1478 1629 3029 966
3860 8210 7017 6295 3085 8927 1141 5063 1594 2164 9667 5033 2822 6953 1178 1031 2480 8701 3081 2022 6144 5888 6393 8950 5483 1106 2813 4207 9050 7976 2855 4079 6207 6067 7122 2271 2513 5907 6621 2346 1141 41 1445 6568 304 4461 6209 4793 866 2468 2572 9787 3496 276 9646 9830 5028 7123 6850 2316 4300 5344 7453 8385 7830 9773 6336 1852 8645 6016 9067 7811 2232 3847 8182 1937 1535 2000 8084 2226 5978 3087 986 45 7469 64 7686 8300 8093 5898 4972 8742 7661 4859 31 1980 5866 4946 1970 4008
7695 5611 695 5775 3019 5925 1829 6033 88 4168 850 8771 7259 398 178 1576 691 9977 8935 2480 5614 8702 7364 8669 8212 4182 5536 5855 374 378 8333 1155 4060 8356 1299 8862 5577 7055 3217 3607 7439 3035 4402 8517 5391 2004 9800 7427 7117 1994 6387 4748 7437 8702 8497 8830 4273 6725 5104 767 4484 4866 9831 9570 4388 7201 3146 3722 2912 80 353 7186 9777 2379 2584 9828 3803 5804 6937 843 9415 9985 608 2822 8834 3691 1263 424 4643 7760 9765 4480 5042 6129 1037 573 2861 7686 7957 8951
5181 97 6006 4292 3622 7856 448 8673 7939 822 1661 6250 6692 4378 6719 3986 6361 8160 7756 613 8296 3594 8050 9725 1295 919 9127 3454 776 8060 9533 241 4631 3183 3149 5552 712 6789 1253 3514 9600 7937 9465 1055 70 2809 2642 3407 9441 6757 162 5046 9415 788 4070 6165 9264 32 6827 4669 4960 2736 3954 7447 2338 2338 3328 3457 2944 1099 1056 1288 8423 8426 9500 262 4183 1014 7623 5859 6031 6634 6001 3688 9209 6038 7987 5822 8104 6004 4845 8268 7269 5436 2927 1566 6152 9084 3176 2341
1525 4805 9572 2792 5424 968 1538 5481 7017 8132 9997 1026 2186 3829 7392 7281 420 3089 2077 6616 3327 3333 2397 7833 9158 5159 7680 8516 9411 9616 6473 5150 5920 2019 7652 5517 6733 2671 3299 6060 3148 6785 1765 1093 9966 356 2655 5382 7756 5129 1640 7872 713 8885 5952 7541 588 486 8964 4198 6207 1861 9297 9894 2705 666 5471 3305 8100 3142 9458 6259 9506 7582 1343 4563 9763 4369 7696 2433 428 6190 7275 7797 7162 6767 7789 3477 8260 8828 1373 8566 7391 563 8 2912 7206 3164 1689 8063
1679 7736 4151 5088 6351 3930 3182 6517 1367 5370 4324 2320 6169 9970 7474 8188 4894 1932 5855 6357 5376 7241 8993 5354 1990 6180 1589 2992 2765 4603 6913 7415 3680 4855 8091 297 7508 1785 1138 5701 939 72 8573 7738 4322 1830 3770 5527 3541 2298 276 901 8812 3245 4809 888 1018 9272 8826 7259 4568 7164 1531 3031 7015 4238 4835 4569 9732 734 9420 7958 4517 8496 5365 9112 7543 8958 9664 8326 8466 9643 1498 679 4726 895 7335 590 1904 7204 6014 8042 2100 5108 6197 6600 1155 6428 6505 4185
4583 5830 3568 9842 4383 8784 5659 5670 7193 3372 9038 4893 9431 1904 2244 2728 446 5418 8524 5775 7356 4968 2542 3990 8500 7485 6118 7319 5803 568 3598 4138 8074 8963 5056 3729 823 6503 2707 819 1512 4376 3274 7368 1111 948 1812 4175 4354 2550 2283 5208 1829 8382 319 4916 3041 6789 3919 1248 9950 6644 2280 7865 5716 9464 2942 6445 4080 4113 3076 3748 5565 7296 145 9198 9955 3876 6239 9081 9309 2146 2385 770 4096 4115 8823 357 9178 2254 6983 4686 1336 4728 4357 6918 6983 3109 2163 3747
1544 3430 3220 8316 7985 7171 6550 8554 2789 909 943 571 608 5740 6314 5303 6743 6844 6830 4068 2369 2081 9755 9085 6056 2854 6415 7467 8104 7479 7148 5684 3356 5588 8122 4616 2774 9292 8419 1607 5534 5341 1394 2620 6052 1610 709 3402 4419 5033 8454 988 905 247 9382 9121 1060 1737 8299 8709 3349 6635 6413 7134 2828 1497 9947 1172 5642 4464 5426 3363 2125 9008 7191 766 1517 1952 37 1352 6644 4764 4077 1965 3091 5647 7066 125 228 6926 1247 6429 5356 5015 6406 4701 1895 7101 6279 3833
3909 3612 6569 1194 406 3455 9977 7479 2275 6186 7869 2305 9005 4172 7210 9000 4175 6241 7815 5901 2114 9759 7524 4031 8840 8111 5719 7588 8245 8171 3706 3861 9142 2965 7842 2685 4526 35 8602 1626 2985 6632 4300 2909 5470 7335 9434 1387 8322 9640 9078 3268 7467 7614 6053 1557 4220 3448 2179 9065 1894 3763 5643 1888 9496 7899 9291 5504 9887 1797 780 1489 9161 2657 3280 3871 7644 3100 2340 8255 6562 6916 2800 9051 2047 5209 2626 458 3394 9769 4976 8847 4444 2357 3413 516 9943 8089 9741 2201
7078 5432 8976 1257 9011 7937 7380 4396 4661 1138 4643 6061 5234 7584 8093 323 7961 6606 7823 4500 2184 4255 7133 4716 8742 9328 3105 8351 4740 9869 4550 1916 404 887 9305 1010 1684 8135 60 1020 2653 42 3892 3187 3499 5152 7918 9626 4396 1971 8630 9723 5222 2165 9607 1632 76 2130 1350 8401 5208 544 6815 2260 7579 1714 6154 8458 7302 5296 2571 3569 2629 909 8971 7951 2831 9733 136 3547 8067 3061 3922 6661 168 4034 5294 725 5596 2132 5980 6464 977 9110 2706 9745 5640 3807 162 6777
5216 9767 6889 6985 4489 3418 1717 8544 4907 9699 5039 9330 9731 4747 4643 9742 7737 1120 4594 5569 5191 1284 2593 6467 8120 7974 6929 5631 1427 5256 1660 7220 2807 2608 2508 4480 9664 3522 9973 9845 7386 1899 9659 2815 5445 4522 3936 8797 808 7575 8949 1274 3608 4042 5142 4894 4881 7494 3106 3712 8191 3662 7896 848 1462 3987 3375 9645 682 6996 7 9873 9615 1905 8716 4559 3989 5936 8002 9331 28 7141 1983 5780 176 2752 2631 4792 8084 6283 5261 2201 4336 9877 7480 5661 1158 7211 4166 3365
9504 8076 3945 1604 7725 9917 4583 5372 8125 2929 7873 1538 5254 5470 7927 329 7236 7339 7631 8070 4060 5048 9286 8252 6210 4999 4334 4267 1444 8164 2232 8174 7519 4873 8717 7264 7216 6087 8321 6034 3183 8964 464 8452 5447 6071 8693 4917 9228 608 824 1503 9396 3872 3655 5019 1801 8524 98 1686 5470 5098 6418 9389 9390 2076 2126 8857 5070 4803 1871 7518 7020 6393 4723 48 3333 8026 9879 9706 8773 8617 3531 103 2896 1335 9777 4191 3633 8076 5323 4258 3625 9170 2735 899 4607 7992 4322 3554
6758 9380 9193 3363 3366 9006 7042 4509 2653 5422 7001 2557 6724 5165 4872 391 9324 712 7494 7104 755 3572 5573 919 6367 2463 534 8153 2956 3396 9413 253 1755 9579 9342 5937 123 2372 1481 2590 1344 7273 1706 7693 4166 8929 2855 4233 3442 4137 3732 9701 653 3790 6615 5662 4490 7633 2453 2476 1392 286 683 9251 24 5924 7319 7067 4299 3699 7511 7120 591 3066 2514 2364 5704 7643 9195 2872 7634 1062 121 54 7996 3151 9909 4564 1577 4843 924 4899 1353 7151 466 5651 5618 2585 5776 1054
