19
344 16 166 18 4 327 187 182 255 101 252 95 68 293 47 178 211 46 77
348 66 101 236 327 338 125 213 71 206 262 26 42 52 130 28 315 311 304
203 260 280 252 17 40 81 277 214 247 115 116 257 344 298 98 98 22 97
289 53 359 309 135 325 35 361 44 242 230 297 31 61 314 194 334 62 112
12 159 200 277 205 207 143 202 52 295 93 324 263 71 120 318 148 163 148
132 337 169 50 169 161 270 262 353 244 317 360 317 114 207 33 85 80 117
290 196 173 98 105 350 311 88 135 218 342 124 13 310 147 354 276 154 281
70 219 262 133 68 297 156 198 141 193 333 93 70 256 88 316 229 234 207
189 63 146 205 214 188 78 140 280 327 259 144 314 245 1 82 65 193 237
134 304 288 129 43 351 2 131 52 71 209 82 184 311 138 318 359 175 272
72 78 11 31 92 113 239 57 188 190 160 162 205 38 261 62 46 227 81
110 316 52 195 7 17 307 64 299 274 243 155 297 185 63 239 205 92 243
215 237 114 121 140 115 112 255 29 44 84 97 5 305 323 336 122 39 352
305 261 114 357 177 64 144 317 289 275 301 299 182 150 334 235 28 357 327
229 286 234 197 10 258 320 111 59 167 173 250 276 198 35 35 86 266 352
312 184 48 68 329 337 236 169 261 225 81 24 309 6 98 254 245 199 258
124 72 298 342 244 16 222 91 177 292 173 270 317 73 208 317 39 321 255
217 35 236 144 76 117 171 54 272 311 159 293 357 32 75 233 32 77 324
17 20 206 89 257 41 356 131 41 102 252 182 177 65 32 284 67 314 141
