113
175 2421 6688 11507 10150 5511 5547 8347 3670 6162 4716 9885 7841 10888 12668 11503 3555 9898 4377 11079 6298 8123 5006 4446 1354 2872 4497 3103 7726 3396 11927 11054 5137 8402 2341 6265 3977 12451 10341 8482 7185 6488 6120 11360 11384 219 8298 1390 9634 2324 5173 4342 8030 5424 4755 1107 9011 3283 8232 2438 5272 11547 1609 10266 7696 4298 6800 11180 4944 4620 5091 89 8379 7321 12418 1965 11407 772 10295 10909 743 6928 7987 3040 10984 5059 2712 10594 5687 1888 9927 10191 273 3900 12466 10942 7372 6108 2372 5339 7389 2887 542 7517 7304 11233 5735 585 6332 12535 6269 1834 4980
851 11574 3710 906 2388 2405 751 11000 9040 7764 5234 3178 3364 11099 1083 3077 5869 8232 2562 9486 3338 3106 7273 9528 97 12536 7299 2649 991 286 4464 1002 5035 4166 9688 7516 7676 2752 10626 324 4558 1074 11172 7742 7859 3658 11651 5824 6650 8743 1637 1917 9389 3340 8548 5184 1020 1244 7419 11075 12353 11653 9615 11131 5087 4768 1252 2258 6304 3390 6662 11498 5992 7937 7411 4974 7149 11418 10272 11013 9295 10009 1007 7430 3644 7887 782 627 10392 2392 8365 5628 7460 1689 6873 11765 7219 8414 10128 8709 11718 5906 4817 5634 4010 7872 5244 1116 5596 4753 10378 10409 6542
3174 1525 4113 375 12038 4717 5719 3559 1427 2037 9271 6032 3107 11181 4418 4686 12690 4090 5465 10380 11645 4426 6565 11357 9374 582 11271 2955 1281 11792 11159 1657 10684 5140 9789 2251 4115 5724 7913 10943 354 5620 3053 3984 1969 11954 7282 11589 9641 4266 9550 3036 6703 10269 6268 2708 1150 9884 9980 8371 10623 3494 1863 11658 2010 7167 1185 8719 7815 9246 4845 6464 670 955 10956 11104 5419 9464 7365 958 6809 3138 8430 4893 1159 2371 12191 7229 4514 9669 10790 12720 3655 9586 4312 4063 10843 12514 855 4628 12658 872 4326 780 6644 8167 4722 3390 3315 2548 6506 6835 4505
9853 10643 729 5232 8740 3581 1678 11003 7223 2175 6943 137 11605 206 2898 5966 6125 6239 6241 2493 388 8620 10374 5288 9798 3782 8914 9242 7943 7108 10195 11727 7087 5245 9054 2204 3536 5492 10663 7272 11309 6740 3217 5518 10116 8557 1688 4262 1089 2864 9046 9197 855 8118 12241 1393 3091 11006 8680 4995 2369 2757 10684 5444 2239 8982 8910 6353 6532 11305 1715 272 5345 497 4053 2003 10148 2160 5492 6689 8379 12023 1697 4305 11034 1246 12248 7163 12570 5078 8362 4374 10788 5316 487 11046 12273 10260 8794 3343 2206 8031 11249 3042 11474 2576 2008 742 5049 7964 9501 10924 5981
1351 5467 6555 2456 11444 806 9243 2869 1561 186 9752 9961 9750 5204 1287 174 5983 4131 11186 11941 6260 4931 248 3183 895 9554 6820 10114 7352 8370 9648 10518 7355 10474 12031 3594 4197 10428 3591 2307 4327 6008 9503 6134 8005 12714 3476 7862 7828 9141 1988 6086 111 10772 6380 9102 6639 4250 10688 10187 1588 4292 2424 5832 4887 10436 5343 3565 8065 9290 433 10228 1845 3317 4449 7496 3906 7353 12569 2882 12503 2631 557 837 4367 10623 8655 6551 2473 10988 3377 108 3620 10817 4903 7257 5456 4490 4458 8124 7968 11426 5512 7297 904 11661 12634 4092 1361 4403 10886 12532 12031
81 1778 10475 9012 11007 4730 2365 8239 6871 12274 7098 9673 11939 7113 7797 9832 3055 508 7306 9550 2611 9435 256 8955 814 6637 863 12537 72 7592 9481 6340 6877 3115 4333 11151 5356 11647 12575 2950 9046 8443 3438 6708 9063 3360 2148 494 4339 9726 4795 4262 8971 10757 10031 4142 1105 12233 563 2584 1447 4687 7180 4493 4426 3922 8533 11864 2219 8880 9771 11878 1181 1891 11050 6922 5292 7551 8102 6760 11347 8440 770 4725 4915 5956 6633 5697 12459 10147 4214 3209 8362 12064 8677 12718 10595 4521 3625 1030 6665 8009 5713 2401 9649 6024 12165 11045 9517 5936 3525 1180 3340
8203 8278 2758 5764 8136 11396 9671 6593 5821 10723 4411 5374 2847 654 4322 2297 8504 10436 5038 6175 5426 7184 6588 1473 12008 10203 11011 12402 3123 1223 10147 9747 1247 893 7838 9381 5399 2732 10205 9155 4296 8746 3709 9366 1982 9863 4863 5479 7101 4080 7524 10930 12656 5094 1940 12638 10925 5363 669 9478 2266 3338 11671 10303 373 12417 2107 3104 11965 5615 1815 11261 3262 2302 12179 10267 6568 4649 8640 5448 9775 2572 3159 6960 1943 2396 841 2646 7397 5726 1341 11909 3041 5608 2622 1865 1102 10099 5317 5356 10749 10298 9106 1409 6781 7554 11820 3043 11553 1265 1671 8308 10749
10101 1799 1121 4736 3952 9840 7496 12683 5119 7456 731 894 5 7148 10564 12607 9820 2723 4322 717 4602 877 32 9518 7028 10400 6431 3350 10767 6103 8899 5843 4509 9007 4373 10537 5560 559 1708 5666 2048 6492 10781 8704 4719 2738 11265 5396 1979 11242 4551 5739 8622 9502 10068 492 8892 7833 3537 7272 10543 7057 9879 1651 2062 1241 5226 1301 6236 11539 1133 737 4412 3561 7856 10195 5068 4366 1970 3579 9374 6379 7479 7304 10888 8366 1428 2350 8527 442 12371 11135 7198 9688 12702 11959 10170 11509 201 3506 5682 11087 471 10885 6095 9606 7290 3006 6866 4961 11651 3027 10055
6788 11122 5741 8362 2323 8794 7388 4405 2329 11321 11013 1981 4654 6971 5785 9925 6311 2538 3810 8392 3336 11049 11002 5500 3067 6496 6335 6875 1998 815 230 11341 5243 8120 7444 12500 2652 11275 939 12415 11864 2175 3936 2928 3793 1829 12731 11513 1924 2262 2675 226 9580 5414 3198 6930 983 12636 11318 11197 2449 2768 9342 1588 10507 1854 5498 8757 1368 131 12463 10306 10133 7420 4706 7628 11854 8778 2309 4521 6266 12323 7188 6794 9943 7060 714 6700 2395 10316 642 5629 2602 5724 9253 5405 10829 9924 7941 385 8089 8886 4322 3535 2259 9569 5490 1146 10684 12167 11320 5068 5025
2374 12689 3312 12213 2876 8669 4667 5229 3711 4758 5966 3344 11450 10486 5923 6243 8826 3134 5776 935 1325 7805 1574 5114 4387 3185 4503 6701 6692 5806 1638 1206 7219 6159 18 12541 6222 1654 523 7344 192 6232 3417 347 10954 11031 8219 2679 9805 11803 7197 10977 5823 8242 11099 9383 10062 408 10897 1190 2015 12287 10599 2252 3185 1668 5202 5052 6142 2564 6685 8133 8599 1253 922 4407 12458 10104 12187 11033 10161 1215 3680 7970 4347 8668 8488 7271 7662 3245 11022 6973 576 5382 6728 7690 9496 11149 9876 12101 5710 6775 5872 892 805 11638 3768 8856 5983 6394 8935 4164 7614
11458 937 5225 1058 9987 10739 4978 11842 11570 6522 10475 1966 9095 7783 5530 5158 2863 7815 1663 1840 11980 11972 5263 6100 3827 8184 1858 3611 12601 11012 3738 5296 812 1787 3722 5529 5418 9780 6360 3887 4348 9537 9428 403 11037 4246 4224 1070 6105 4686 10286 1231 3236 10937 11785 1084 9665 3869 8261 5440 1522 223 6255 9942 6767 7638 6407 1646 5093 12623 6866 12044 4602 9771 415 10496 12620 6779 1618 6 10254 1080 11315 3779 9872 12432 11776 8252 10798 743 3344 2760 2604 12251 6373 2801 10323 2180 4122 10685 3242 6674 2795 5224 8796 12508 6735 6305 10044 4680 2621 1607 6422
12267 11607 313 7806 1290 3252 9565 2640 8914 11878 5441 9267 2841 12246 1197 3204 3664 10466 12034 4736 5467 11225 10412 4531 5540 6964 3423 1952 6714 1042 6876 9593 3551 4207 11131 9752 5447 3665 3479 10614 12675 8160 12328 7605 11502 9291 355 12752 1298 3306 6308 4098 5209 7442 12648 4440 3724 9940 4335 9592 12224 12068 6260 6361 10235 11676 3128 2145 8149 9321 5769 2087 6777 12387 1539 10827 10199 1704 1426 11100 781 311 8080 3970 271 9599 11059 1918 5261 7902 10446 12383 11972 881 4229 1078 7380 6862 4294 9355 9509 3374 6897 10843 9701 7137 6211 11841 9701 3370 6389 9364 1924
10409 8909 7574 10095 1055 9980 8869 4824 4501 6601 7681 11431 5892 7333 12091 1526 500 11489 6097 7163 10907 494 2917 2839 6310 11384 5397 9549 5208 11809 3978 1547 8224 3542 8610 3006 5086 4702 2020 8398 721 865 288 11480 452 6668 7865 9444 3745 6818 11831 7031 6561 223 6422 9056 94 9734 126 8491 1278 5908 6329 4586 7565 2107 1174 6130 12686 8149 11530 7978 7383 4792 8609 5665 3160 658 11243 7175 3507 8501 12629 4980 3893 5896 10969 10423 9430 9820 9569 12276 6967 12361 8187 11124 445 5857 7958 6061 815 1474 9492 7135 3638 6749 4143 509 9815 411 7174 10800 3700
1958 1579 7906 7458 10725 11297 3203 4445 8253 10542 8835 2823 6054 12396 6645 523 6185 7487 10974 3447 6968 10428 6236 4003 10418 926 4770 3547 4516 2953 3366 1849 3103 10359 4939 12719 12389 2901 3943 2000 3931 10743 11303 2152 10819 8893 8143 11795 3255 2185 6977 8874 1409 1654 9903 4434 8079 9566 2996 10065 12549 7337 6876 917 10913 4106 11962 4485 6652 5812 6437 11182 939 12521 11039 8502 8401 7768 7336 11074 5468 365 4897 5839 11040 11714 10600 3584 9941 4805 5083 8634 3782 1079 12179 11644 5750 495 8450 5846 9802 5074 10166 546 8807 1772 5731 12536 7210 9929 9827 3820 692
7543 3392 7128 8491 971 1702 12436 6696 8591 8106 4597 7940 7295 1990 512 12035 11147 7621 3764 12142 6834 8954 847 10452 4330 7257 3786 5758 6243 10751 9135 11983 4727 11064 11516 12148 11878 1154 5833 9635 147 5802 11505 2301 8814 7971 8825 9466 12735 12178 9548 5033 2436 2138 5199 5805 2056 4803 11121 10143 7219 389 5678 818 4191 9764 1659 2572 9368 4023 4112 8239 8610 3186 2552 7015 7852 11739 1119 8053 8518 4502 9446 1670 2900 4067 11878 9162 10884 999 8404 2403 9163 7599 7388 255 1025 25 1057 5278 11047 4180 9453 12093 1515 9200 8819 10971 2254 6529 4701 3013 1821
2275 2700 8348 4997 3540 8220 3788 5447 10196 5166 2363 5740 2224 142 12545 8819 955 12150 5368 10502 275 6197 304 8611 9215 12354 12148 2249 2490 1888 2506 4179 10040 2585 11004 934 8135 9573 5408 11046 3007 2905 10914 4152 10039 5339 8113 3562 9779 4246 8970 10785 8036 10970 11561 7776 7422 3785 11964 1742 729 4726 11181 9510 7228 258 5560 8155 1779 10862 1139 2516 9670 6870 1089 4028 5876 10882 3581 474 735 11969 11146 9420 2893 1326 11833 5815 10055 7943 8369 5367 10048 4690 6585 857 1105 9013 9293 310 2384 3554 11974 56 8931 6366 4002 9840 9496 8898 2339 9129 2537
2758 9 3446 829 5342 3432 6935 12354 4525 2255 745 5679 2053 11666 2359 2864 1427 10343 8505 4744 10312 2646 7962 2644 6323 11113 4439 7933 7703 10214 1080 12160 844 8715 12542 11252 8803 5345 2839 2217 1516 6137 9621 980 6416 9282 1802 6690 9423 1739 2559 342 4334 4169 10818 4203 7054 10515 7992 1848 10485 3563 2937 3719 12231 10583 11852 5493 5499 6052 5019 3047 1286 7724 842 7749 8612 12540 8446 7548 12142 11573 5064 691 7970 2371 7009 7957 11694 10146 11003 9852 8471 3623 1801 8005 7151 1069 11607 2420 6811 7640 847 6304 10238 6424 8811 9196 4795 1837 9124 2309 11681
8891 3471 10793 3288 4339 7757 10023 8364 3519 5926 8718 7539 5136 4407 9984 11236 10994 9611 11599 227 12171 7157 7835 1843 8389 990 10247 2903 5083 12275 2281 10215 7562 7440 6220 11800 11258 12644 8636 8040 2018 4791 4948 668 9604 8464 303 7098 8326 2391 10489 9212 2757 9697 12745 3088 3348 5146 9494 7080 1830 6559 10295 5998 541 868 1902 1616 3853 7546 4688 841 12546 6793 8930 3033 6781 7987 12564 4718 10644 8176 2964 3217 10209 10840 478 3397 9777 2083 7511 9028 323 11511 3698 10294 9985 1666 9888 12410 12058 12316 2418 5098 11892 11409 6323 951 10997 11650 7160 3308 7962
12280 9119 1874 6891 71 12360 11421 9071 7759 6168 12433 11235 4 8367 2720 7547 2455 4796 1097 3361 11824 12732 4757 642 3699 9910 11594 2869 5526 5592 953 7189 3477 11097 10210 4944 6871 7168 5778 4274 2597 1868 4921 2721 8880 4044 8163 5582 3241 4240 9122 7876 5868 6339 943 3924 9613 12552 1409 897 6123 5633 2792 10646 6030 10313 12283 5600 4517 1818 9529 7707 3024 8534 2440 4260 11530 6107 2760 30 3556 9638 6267 8951 9682 4679 277 3598 3131 2905 7532 433 2811 4746 1297 10786 5395 3809 1298 1029 2023 5277 1229 12546 4679 5168 11425 468 7395 1940 5127 8096 3176
8325 10774 1588 3591 2196 3577 7669 4678 2100 6456 12058 3876 676 12531 1249 695 4549 3893 5039 3079 700 9709 9328 4384 3598 5288 5710 4015 9634 10283 8466 11250 983 2263 4582 4541 8060 1128 5658 4587 5714 3903 1130 5439 4537 2498 5411 7683 30 9970 10535 10224 6937 4152 8229 1462 278 9354 11109 2093 12627 6030 12187 374 9955 1017 8375 7643 7084 10248 8074 8545 5155 4385 9560 12467 10190 7417 11493 2045 688 11804 9853 3490 10914 8384 5116 5199 5253 7562 2930 7244 1793 7799 10775 4633 3409 7148 3271 2553 5796 11354 7339 10143 8229 5592 2201 4999 8709 11522 4496 6913 8503
9968 5990 11975 6117 7175 1511 4596 2235 4995 1483 11566 6017 7808 1000 4498 7746 6727 1471 8518 8613 9215 5406 8460 2446 1284 6417 9704 6987 6732 9436 9480 5742 1548 7888 2722 7222 11407 6896 2268 1346 4877 11685 941 6683 5818 5329 8180 11746 6942 9195 7164 663 11489 9152 6640 4985 9218 11846 6963 5614 6156 9703 5107 9745 3999 8432 747 11756 7257 8273 3198 12665 9173 2107 10659 3247 8155 11544 12138 11219 8033 3205 9215 9015 4433 12461 12113 6613 10848 10940 2935 8022 932 10805 4367 6330 10378 5364 1792 5954 8609 9017 10526 11763 6351 5768 5275 12216 5710 8416 2156 7392 2812
5366 5772 10406 8633 8626 3137 9899 3655 260 3340 11365 10371 7520 2609 9842 3189 2994 5333 1648 8561 4465 7958 9119 928 9960 6158 9092 5344 7145 9980 2136 5657 10440 9870 797 3213 3707 8538 9650 9913 8809 12528 5108 6562 9887 9401 10324 11076 5159 4496 1716 6623 4948 7097 12103 12197 1774 1610 230 7830 9948 7649 3330 10020 1543 2831 8102 6962 1998 7898 347 4930 6588 7091 1420 5941 3802 6288 9742 3010 8852 3798 213 10229 5760 11029 12063 7689 7782 9550 9449 6659 8198 2537 8375 2600 4079 3737 2847 1577 2189 8378 12477 315 6174 10961 999 1860 5530 11111 3572 7002 10492
12561 12746 3748 10419 5924 10358 9150 12631 9870 11957 11444 3695 1181 8363 3368 8051 657 3543 8055 2734 1888 10193 9424 7530 12565 1024 4559 4377 218 5032 5480 1127 1512 9118 3830 8045 2186 12107 8398 664 205 4751 3266 5299 6244 4805 998 8383 2291 6708 4322 7114 12612 5484 6103 381 9209 4828 1447 6707 3419 8223 12012 7482 8321 12307 5342 11369 11230 1795 2665 10382 8918 259 5487 10708 7991 195 12449 6138 3738 11093 1526 712 6843 10936 2061 3411 8753 4544 1472 11089 9656 5332 9192 10903 1122 5670 6885 8771 9638 10239 11231 1977 1747 6514 12213 2616 3939 11112 12113 5095 6141
9088 3159 4661 8443 731 2108 6638 3101 5944 12526 4287 10235 499 9094 2124 12271 762 3111 4470 9561 5000 9322 9158 12506 9979 8425 5397 9904 9916 10426 372 5078 8371 2571 7722 6509 7013 5927 7983 1718 1740 2870 6891 4117 3300 8445 3205 11177 11368 6947 10657 10604 6074 3911 214 6151 2134 8336 5706 7825 4117 11790 2727 12747 9665 6654 11221 3587 9415 10205 2323 3644 8031 12638 12683 3667 6686 7468 9006 9496 2582 656 7907 11544 4045 5159 10438 6383 6874 10349 5744 12078 1383 8338 10365 1867 9702 1164 5704 6401 2891 2150 2298 1263 3757 7977 12698 8086 10924 4836 9987 8167 2508
8702 8402 2365 2618 5123 865 2496 699 7930 6663 3828 5971 7658 4711 4413 11144 12055 1078 10245 7040 923 6007 3110 242 7124 7847 5273 6271 4348 1632 7122 10862 8639 1223 9167 1705 5206 2340 1266 2757 6615 9867 6619 9555 2084 4211 3106 10236 4695 9811 7873 11920 4579 5326 8667 12150 7093 4939 6922 3742 3045 3471 4799 12473 2928 7518 6538 533 8238 7980 349 7548 1426 1708 917 6622 3948 6809 3689 7789 9479 6487 8293 10657 8145 10198 1793 11826 3992 12434 3760 9660 2871 1340 408 1697 7138 3293 6149 8979 5144 7579 5896 4885 11433 7108 9794 11725 4692 3837 4798 10242 4558
11251 9036 10012 7778 958 4199 6856 5154 9646 5814 11954 9982 12148 8845 9192 10136 7301 10703 3536 6799 4834 368 9458 9094 3772 2364 2967 126 1488 3682 7876 10381 1896 527 10492 80 10997 7953 1396 8502 11308 9823 1902 9472 11178 4583 4732 539 5121 634 5476 3752 2233 9516 123 5430 9021 2353 4992 1700 7811 6755 8863 1959 12629 5589 9424 10789 8672 3885 8811 1273 323 2731 4330 6189 8637 5016 7539 12182 6792 8188 11689 9934 9207 1777 6404 4963 9656 7539 993 5172 9109 1283 2615 246 1588 1248 6334 10598 1538 7389 12127 7838 2040 4919 5231 7760 2902 8228 6346 10282 3436
11650 5241 11416 8410 9710 10787 10220 8068 4961 517 10322 3970 4498 3081 8694 12000 1137 9631 6040 6753 3672 2850 3516 11212 4688 6878 2062 10951 6029 21 7277 8926 1602 8338 7498 9765 3915 11145 11707 3976 6804 10816 6200 2680 9007 345 4491 4855 10654 9295 9783 10338 1653 8822 8461 4333 11678 4438 4278 9803 4102 4205 5264 11649 5537 2472 9484 4845 4928 5221 11617 11293 12730 11218 11778 6429 1445 6455 3378 6200 2201 5055 10440 7048 3340 5265 9667 8897 1487 6473 6389 9312 27 5437 2006 10826 12553 10350 2667 1667 5160 2555 2623 1667 9982 8242 11388 12296 4526 8290 5285 12669 10558
10316 12710 860 5088 5364 7238 10097 11074 5001 1794 9503 7521 9295 12124 11444 8482 752 6550 7804 9433 10426 9320 10660 2335 3766 12375 899 6209 8114 9908 5727 4977 4454 988 12493 1967 7546 4988 8564 9053 8081 12224 8807 12458 8015 11632 3715 10667 2497 1136 5330 4187 11800 11875 5375 625 10550 5890 3605 6836 12246 2409 2901 4495 3023 2189 6491 12734 10370 8790 4379 8396 11297 1118 2650 7892 8785 3889 11765 7164 2592 8154 8641 1872 1692 3852 6647 5184 5001 11356 386 6120 325 9569 4884 4516 10534 6001 1856 8223 3151 747 11899 5720 951 1091 308 273 5767 4730 6918 3232 885
2200 399 1429 2964 6899 4496 7029 4051 5596 4044 4955 12597 11699 11213 6638 8090 932 4678 11629 11345 8593 6781 3340 2100 480 10617 7450 8416 196 1699 10128 9897 5466 12198 9149 7437 6697 8796 6100 895 2493 5604 6215 10387 12401 2317 8006 116 8998 12060 5505 12223 1412 3820 7712 7730 5468 9585 7487 11740 6234 3759 322 12474 8636 4894 1372 6421 6115 5826 7405 7553 1938 5050 3244 7866 9552 1727 868 7822 8996 7045 10693 11268 5079 10982 523 4141 8834 6340 6370 8327 1987 4153 752 9834 12165 2099 8558 11757 9287 8678 11521 6151 7162 8373 503 3780 10163 12277 10437 10064 6205
9147 4836 2591 11761 9818 6662 6062 8560 2340 2759 8010 3564 9653 2896 12372 3385 3174 3058 11551 12526 10147 10120 454 3561 11422 12764 2860 2158 7559 3578 4009 7791 7120 1430 8881 8618 6396 1210 11228 2832 5931 11836 7992 3156 4342 6284 8764 1259 11188 9482 6546 6216 12144 3204 5946 11715 3520 7566 1419 5 9462 5722 8015 6972 10195 6842 9159 1918 2593 455 3083 6681 6381 530 4918 3992 5464 6653 8921 11557 5514 8429 2221 6189 7534 2048 12065 9299 1332 2400 5860 9480 3848 7441 1472 8552 2672 6594 1514 10770 2376 5233 503 8382 9155 8580 3809 2442 9132 3176 12076 1481 10468
4823 9895 7830 8104 2002 3123 4945 2759 11538 5104 5220 12076 4444 1109 1726 2147 9150 12616 8986 7357 7106 11063 10054 2975 3341 9267 10502 4357 9762 6412 2043 4676 1123 6657 11870 11770 12430 9871 6335 1593 9641 7345 9001 1831 2378 3548 5219 9111 4935 2954 6218 7775 7895 8123 6448 9311 3959 5268 8548 1571 5328 2577 1155 2844 7862 4191 1036 615 8452 12550 10653 5977 8347 4151 11410 10500 5564 167 5477 3307 8255 6788 2761 6396 4748 3088 4710 7455 4559 8505 11727 5226 4364 6136 10960 4472 4699 6874 2052 7348 5539 8138 10900 2320 7052 8037 11254 7885 3880 1523 11854 370 6219
5956 5896 11016 12187 9879 10791 6474 12033 3491 12573 8337 3826 7682 3981 12330 7156 981 5227 8412 5631 728 768 5854 3912 9634 1915 8198 584 3451 11200 1144 10608 11285 54 11140 8296 5355 909 10304 9607 1970 12480 5928 9319 6365 1442 8603 3973 6426 1416 733 3659 2530 12469 10735 12679 4650 5258 9218 8096 838 10258 10611 10277 5773 6074 12079 11450 4708 10826 8202 2004 4121 5723 10400 1355 6135 10407 5124 6144 3223 8178 8806 4638 9653 5767 6157 10310 7013 10642 8072 3226 885 11776 9385 8275 4218 10516 9376 5928 10428 1624 10330 767 10250 282 9837 2156 8178 7169 4243 12307 4099
7646 12009 7444 565 4577 3713 6277 6008 2294 619 6498 10636 4777 7095 10498 791 5530 5837 325 12280 6845 698 1654 6716 2895 5911 4872 6403 1431 10611 6176 6606 5507 719 10673 4977 12700 5642 4483 1413 9679 1533 11246 4575 4150 593 5518 8541 6541 6808 7037 10090 7027 1807 4511 7072 6462 9367 11019 11025 1749 6108 11517 3741 4153 11984 12295 6036 11546 10644 39 2178 4239 141 8113 3599 3819 1630 1086 12118 7387 6363 4839 6168 12288 1363 9279 2324 6529 12157 3341 11506 6167 5990 153 7059 11204 5082 2098 6858 10645 7419 2522 4741 8629 9068 11517 8208 7612 7206 4195 5264 6689
4721 11610 10965 12584 8305 11848 10310 12174 12165 7505 10286 2672 1804 1500 6302 8081 322 7536 11551 11354 1988 8532 5639 4878 6921 8425 6818 27 11719 10284 2000 5030 327 12144 1383 3221 8563 10970 3714 8777 3022 1296 6870 7382 5440 12276 10536 10191 12409 752 4314 11799 5502 11023 2667 5034 8169 2399 5267 1032 5152 8749 1867 7110 9989 7527 230 10905 1643 10458 5706 1651 9269 3733 2141 5513 8670 7167 3490 11159 9976 346 6141 12266 162 8689 3983 4931 324 6346 12744 3501 10693 192 8605 7725 8560 6364 12712 11865 1282 10657 9997 3096 6857 6755 770 5609 8913 2659 11542 9973 5946
2899 8038 6011 11196 3743 2147 9420 2459 7179 10904 3117 3641 4173 12546 7459 5215 2164 3953 1153 1449 624 11497 997 12400 1359 12456 7286 5822 4992 12123 1188 5524 6289 10224 12164 660 6319 8088 7855 188 8153 3562 783 8190 5324 10437 5426 9115 6952 8050 8141 9907 1090 8356 7383 12316 4433 10572 12670 385 9968 6746 11316 9470 6672 6220 1765 6512 12196 11935 6757 10800 8906 165 11496 4268 598 5588 5496 12349 3259 1027 3110 1485 564 3936 8654 9309 6456 6312 4475 8610 777 4767 2164 8507 2610 3955 9886 11124 11743 4288 4765 5081 4668 4937 10383 8021 442 5358 3431 8575 9878
9753 11894 8186 12597 8431 12080 9574 670 5991 10745 10437 7989 5894 4005 9252 4765 12013 8628 7327 5590 9434 949 12738 2419 12309 8844 3614 11261 2034 539 7678 182 11647 8670 3466 2269 7617 12076 1153 8824 12629 6063 3889 12283 2210 580 2792 3168 9673 2276 4301 8560 4754 3969 11413 8812 4859 12557 7345 10418 1605 2515 226 2707 2283 11226 9203 7681 10700 7879 5973 2019 11844 3565 3445 10548 6337 4287 3990 12234 9618 1095 6452 3425 7725 10522 12124 1872 12277 9844 6564 7362 38 5342 10729 476 6942 9765 2977 7030 10923 1648 6732 2871 1087 10217 9602 7256 2927 6183 10420 12254 2697
2044 9928 1084 4310 5775 2319 8404 10034 7604 9579 3811 1643 1768 10274 7388 3228 1018 6595 6975 937 8074 9148 6078 7134 6226 3095 7754 9574 638 3671 9748 9992 11 1391 12125 3513 7652 6512 7686 6702 12729 6823 2542 7010 8324 11178 7862 7128 1904 2553 8415 4980 7731 376 5864 5229 382 11527 18 8716 5868 10613 9724 8306 7075 10412 8126 7244 3420 12768 10328 8028 6410 11651 10761 3312 1035 7601 2391 8499 9656 7293 9294 9892 2216 11562 2123 8574 8332 5022 3183 7103 10641 10373 11425 3113 11643 11300 3217 2556 12089 1529 1576 9197 9320 4756 2156 3515 9874 10958 10645 132 3969
629 11401 7318 2387 9435 7818 3258 10076 8483 3183 893 9440 1064 7327 15 2749 8438 11244 1023 3242 11044 8604 6854 98 933 5422 12281 2926 2285 3662 679 6870 12574 9429 6948 2508 5816 1708 5228 3862 12619 4783 2225 4674 4110 6129 8919 5882 11082 11636 6610 12217 7377 4558 600 4758 1464 11774 3660 4965 1265 4415 3976 11526 4248 5893 603 8253 8206 1480 12027 3831 9247 11902 929 10393 4030 4749 12312 3077 5137 12304 1890 4321 865 9325 8815 6990 8186 7581 6779 2119 4154 12688 4972 4144 9338 12275 7517 3227 9129 12702 11640 4503 9597 269 4290 2363 6813 9503 7481 2355 2009
10088 1201 6023 12580 11980 8180 9886 11492 5297 3999 9198 6472 5197 10228 9683 7850 7846 806 11482 5311 2642 10858 12594 1260 2999 4380 9764 5378 5910 11830 327 11898 8705 10944 6777 5192 4911 3223 252 5586 9441 5284 11695 6690 8169 10534 4895 10595 11066 9082 4142 3817 11370 2194 3705 9540 655 8757 2451 9199 11678 5295 8506 12098 6518 3744 9509 2915 6512 1972 6948 9554 3149 8322 668 5081 8141 10171 5297 7691 4127 9208 10109 12682 10265 10167 3437 10842 7472 10852 5835 4841 12689 7361 10944 8836 11119 1441 490 4555 7742 11597 11671 12444 6415 1933 11403 396 2728 3449 8112 3790 263
7043 573 6655 7130 1591 7314 6524 265 2730 11674 7554 1347 10332 5117 10971 1652 1386 6771 2414 12122 863 10697 6882 3988 9785 2586 1931 8880 1295 10695 8571 3012 5744 7587 4108 12752 1239 10616 3727 11661 9390 8321 1580 10738 3729 3271 10631 9755 2503 11252 8714 5903 9029 8814 4475 2770 3933 528 5159 2825 3168 1184 544 2475 2243 11127 6029 3900 6051 12235 7360 564 5324 6424 8319 1673 4187 4906 10766 9097 7645 10042 6368 6895 4369 102 2944 1119 8848 9276 8456 8410 4402 238 12362 10680 939 7965 1066 6 2368 4854 4667 9978 6630 1655 5999 4241 3327 9819 4403 4731 633
1061 9320 5148 1510 2897 4825 2166 11251 10342 5328 9095 425 1935 1338 583 3086 7682 7545 2986 11326 3187 6835 12186 10803 11127 1385 2446 333 11594 11173 196 1717 8905 2424 11191 1283 7406 10869 1903 2782 9087 4230 3572 807 2168 9716 7203 10648 1578 1949 1271 10166 11315 2957 8198 8426 7541 3744 7430 12163 7562 2421 11853 11855 4520 7350 7750 10486 8704 3312 7813 11403 5583 1977 2062 1788 8192 7765 7525 3344 8512 12054 3970 1687 1323 1446 6895 7983 2063 9277 2467 9079 765 4845 4719 8350 4278 10924 10676 3187 10040 9937 8645 2843 1212 2796 7639 11502 1318 2077 6290 1061 10344
11636 9345 3184 3976 1793 11506 11613 3026 10435 7694 11342 1438 792 12293 11823 2809 2403 5560 5813 10821 786 2158 589 3143 3139 2976 6066 5668 4098 2468 11962 1311 5700 4811 3505 8352 4332 11780 2217 9635 1400 6945 10176 2970 1376 2147 9882 6447 10954 11593 1297 11171 4319 9983 3225 11 3243 9979 12734 682 1560 6155 4130 9877 9354 12364 5679 7775 5506 2384 7149 4278 10752 10597 10036 10825 110 3555 7860 197 9861 10464 10777 2189 7818 7340 1379 9629 8113 6347 8087 9217 10729 7161 689 8905 7091 9286 11331 8530 4396 3574 7898 1049 5496 4063 520 11152 4787 9581 1513 2667 12411
11145 6719 72 1023 3416 1753 3285 10246 703 11653 12368 4483 10376 3194 4296 1035 6353 1688 11139 7918 3575 10975 779 8080 10532 10992 3530 5219 6877 5001 6782 8649 12691 594 3102 3425 5709 2862 728 12115 11556 4896 689 1990 11105 8250 2173 5157 3936 6595 2646 11283 6085 6916 11744 11545 3865 6607 6124 1027 1101 3545 427 4264 2314 2911 3569 7062 2972 4085 4107 11199 8958 5861 6409 12554 2917 7099 9242 1067 5344 9005 11294 6729 3771 6853 7128 4589 9868 681 2570 8655 5922 9211 6404 376 11481 9799 4306 6838 3452 9871 1938 12292 10536 3115 8128 10137 10723 4534 3781 30 6190
238 12143 3429 6229 6125 7034 2460 1709 10390 1337 2014 6103 8114 4636 11949 1670 8173 7486 1060 2445 7975 296 4181 10542 12105 83 1673 1396 4160 7746 9004 11796 265 1880 9458 8700 11976 10134 11903 2367 10366 8298 7083 12164 4382 10684 9163 7562 223 1378 10956 2882 1828 1950 10626 3064 2370 1011 11865 7559 9799 5334 10468 4093 4973 9891 9797 7823 8663 735 3826 10079 5702 124 6757 4829 5814 1014 7541 9003 2609 1616 1903 12557 1234 1537 8214 12596 1331 2413 2786 9666 7094 3982 8324 2307 1611 4015 11220 1130 8206 1023 838 10905 11722 9563 4162 9170 2212 10667 11756 12729 11574
3822 12687 2917 3945 12482 6966 44 7087 1438 3469 583 6201 11541 10801 6633 5213 11479 12138 4346 12273 2422 7826 11061 363 9146 12330 11440 8506 527 11569 5214 4926 2972 3667 3259 763 6178 1785 5168 9432 241 11815 8625 9097 7634 3802 9234 12672 10529 1285 6263 5521 7267 3693 5638 11219 10833 5078 6534 6743 7063 10547 8148 4792 3144 579 9568 5773 7496 6872 321 7726 7461 5242 6950 11785 1557 2100 8583 9829 6589 6712 2925 10403 8225 4722 9798 2397 11837 6529 10164 7996 3016 6451 11393 10024 2454 4895 11349 7818 5314 409 1860 5408 9901 2867 5194 6935 12157 5810 8177 6123 10165
11588 3781 1654 4102 3767 5395 8358 455 4515 8660 8101 4457 8107 12622 4679 7129 12743 10726 4003 12745 9592 2451 15 4966 10045 485 3641 5307 4467 11413 10083 5027 3199 11204 8016 3633 2381 1363 6690 6920 6263 1006 7096 10537 10558 3693 4454 232 6382 11588 2838 7355 995 6533 6076 7733 137 2436 7171 9751 7733 7592 1827 12764 9866 11949 2929 1260 8312 11565 8294 3778 10868 9110 6742 10343 2879 8218 474 5651 2430 4105 10316 8421 6174 11950 11199 6851 2692 4615 9192 11146 8660 891 1928 3593 10989 9260 6736 10713 5072 1054 5600 4182 4111 4827 9617 2141 239 3733 1796 8700 5703
4121 5224 11062 2542 8741 8873 4203 11354 12190 10779 11940 4343 4528 11211 2091 7570 3504 8764 7366 2181 3439 10785 3260 895 5843 3971 12521 11458 508 6178 2555 5587 8359 8372 5780 5204 5299 3822 10817 2305 3552 1082 5878 11587 6384 999 3970 9669 3900 7504 9443 10082 12320 10366 8042 1974 1843 5980 5648 4908 4821 4208 7505 12671 9840 7628 4775 4848 6056 5459 7989 201 7820 8651 2589 5458 6980 5709 4204 10030 1343 5281 10808 5745 3561 5620 10006 10680 10173 10629 592 2407 7132 6056 5741 11203 10230 12581 60 9998 4080 5977 5228 6079 6913 9953 640 9604 2173 5337 10159 12004 7230
8711 9548 7703 3487 1970 6624 7330 2489 8659 10631 1345 5569 5153 8634 7486 10057 1165 10338 280 8601 1475 4334 7803 4417 10737 4964 6618 7691 5378 10236 8347 3095 6221 11621 5619 4174 10695 6926 2127 9224 3906 5393 11137 9685 4367 120 4963 2256 2382 3540 10048 6401 1044 8459 1114 1839 760 7082 10099 11154 3203 9995 7144 8942 7733 10124 10988 8428 9841 10166 9886 11934 2802 10095 6118 12007 5700 5250 5158 11087 8369 9407 7356 12341 5542 4583 2000 622 5779 46 8806 1634 3281 10442 4475 3450 1770 10575 7399 3716 4763 2001 8043 564 1290 2916 2547 2761 9771 8441 654 8500 12684
10762 2289 10503 4527 10782 1538 2672 2627 9694 11859 6548 8418 3010 6466 1126 911 7071 273 8904 1942 5633 8276 1036 6050 9241 5808 11527 1511 1257 7941 12401 8118 3619 8205 11709 2841 10892 3576 1932 5564 6580 2133 10911 8879 6676 1992 438 9877 11364 6894 5194 4838 2362 7531 5502 8030 1466 103 8790 7911 4500 5045 7405 11753 752 11885 9994 12525 4209 11223 12307 1961 9365 3115 11822 2982 12458 9197 11932 11813 5713 11503 1144 6887 586 5884 1604 1676 6063 6553 3267 539 3699 3902 100 6841 7532 2865 528 988 3554 7799 5854 9750 10429 3400 10530 4804 516 197 416 10876 939
3882 1748 5424 2401 8477 3543 8402 11355 10058 5587 7158 156 8778 6873 12048 716 12307 2379 4582 11318 2767 8479 2507 10076 1137 3409 3997 10463 369 873 12613 4660 9321 2024 2927 8739 12083 3287 9782 7965 7414 5397 2451 2493 6888 4360 611 9636 4773 2096 6992 1799 8170 5483 745 11506 3555 10307 12763 7386 2626 1044 7885 5810 1684 11457 2518 9956 10983 486 12065 7665 12615 3387 12302 6020 10623 9110 9945 6243 4156 10641 1472 4858 2712 4450 12209 4242 8271 10949 293 4213 1837 2407 10332 11117 8021 4151 165 6558 7484 6648 8898 205 1924 10377 4901 6710 1078 7861 3308 5138 2272
1842 11803 6435 6437 1567 5841 2941 10355 899 9963 3143 2883 10450 4515 11279 2324 3097 7560 6574 792 8050 11296 4231 7428 5704 2626 3276 9112 12180 8603 4268 4632 11302 8223 4215 3109 10090 9394 9825 12667 12376 443 5194 3527 4022 2147 7101 938 5135 2329 3002 2841 8298 2369 1445 2495 2409 8444 3889 10025 10838 1633 6935 6668 3107 1033 12140 1007 5192 9144 11322 4489 9497 8485 1907 3443 6528 2324 7943 11396 1329 6468 2778 1193 10610 4673 3940 3557 11171 6524 8876 1897 770 1486 7239 1424 961 1087 4228 5537 152 8947 302 7471 9004 7182 8026 7144 9542 5883 12467 396 2252
5337 2410 7445 4899 3283 6082 1987 822 3079 10040 10711 2842 6937 7364 4272 10141 1236 2861 2589 2831 7257 3569 3991 7080 186 2300 7315 2657 3096 5172 8272 8432 1042 11470 2756 10782 583 8890 2446 8886 1237 430 5588 12071 4020 3947 4180 3718 7813 975 10361 1689 2941 1894 11279 10599 6839 8960 3794 3506 5367 11105 11244 2338 4215 5057 6178 11738 6175 4111 7502 9400 7550 8034 2892 8195 7083 10861 5727 8742 8144 9185 8096 297 9871 6548 192 4932 9184 6680 11907 2426 4817 2833 86 4549 11197 11249 7144 7953 12609 4437 1329 8764 9342 10167 3124 7873 311 5326 5276 565 6181
4730 1312 7639 4958 5921 4673 12559 1819 5412 6508 3642 12298 11695 9704 4589 11978 3291 7785 4324 5769 9560 2802 12115 7101 2549 3106 7002 11112 10509 913 7690 10786 6288 9252 6318 10862 73 2256 8380 9380 4494 7259 2043 7531 5266 11961 1616 10378 10299 5659 6725 2578 2173 9949 3226 7225 883 216 4209 10254 4703 979 3443 4222 11844 1234 7349 5147 2624 5314 5055 9104 9879 7479 5107 11944 1190 10718 1720 1844 12700 12482 1596 2815 10689 10139 10893 12747 11664 4642 2523 188 6253 4311 8559 1810 3854 12389 12726 11018 3724 8729 6097 3307 9750 9559 6470 10188 9311 4086 8498 2994 8956
6681 6229 12021 10257 10181 7890 4475 10160 5622 11852 3121 3269 3819 559 1990 49 6084 11399 1619 12732 8310 10274 6835 15 7115 9105 10091 10672 9244 12194 11322 5452 10246 3767 5704 6396 3348 4510 6156 1386 8264 11453 5355 2631 12077 8318 1134 11487 12739 9756 5974 3872 11700 6792 2183 8714 12540 12521 10776 6030 3445 8595 396 6673 9025 9983 1520 10858 8621 10480 7069 9126 7109 10587 8641 8271 2240 9003 11474 859 5723 11971 4664 3186 3815 4284 11378 760 5525 12010 1552 617 12478 3474 8672 2860 3909 3370 1148 12381 5329 3367 12003 4117 58 4847 8449 4291 9993 7581 5194 8480 6159
9108 1901 600 2580 11616 11776 9779 3928 6154 6781 9278 3037 164 362 5529 4865 7536 7195 12289 3091 6241 11771 7295 1542 2560 1773 10309 5804 12321 1095 5870 9527 9173 643 6507 10730 9670 8260 6140 3749 310 12339 551 7479 8958 2413 5444 7891 2891 8199 9137 817 3793 1990 2769 11403 714 9891 12351 784 6655 7701 923 8148 7211 5601 9918 9344 11575 1192 685 9583 934 10273 2370 1945 12466 5926 576 1456 473 6106 5676 7129 12336 8532 11318 2431 10313 5125 4521 11121 10470 9574 5196 9225 3204 1698 3443 8420 8119 8129 2758 7674 12110 4712 11974 11812 8259 6612 9715 6945 789
7640 10999 3558 8994 1972 9482 5057 10663 10561 4709 145 8172 8241 4562 1007 10461 9351 5803 4476 9336 4007 12640 3431 6822 12458 11477 1963 7010 7494 12733 4825 1612 11398 986 1023 7848 10560 5038 6045 12692 6519 4752 8652 11714 12659 1214 1452 8734 9149 4384 4556 3110 5021 6498 7969 7311 9747 11494 2208 11071 10873 1629 8579 12198 4593 546 8993 11695 5700 6577 4985 11746 9941 8615 9559 12413 11909 7340 174 7414 9327 6993 7445 8374 8533 7006 11186 984 8595 6313 8876 2819 10069 10258 9042 7427 1646 566 10423 6471 1255 3472 1273 4818 562 6301 5128 10607 10803 1020 3657 1661 5275
4214 12405 6393 7942 12390 1084 44 5710 2534 5743 2030 6294 5539 5156 6641 6980 995 9120 8650 1997 9829 8364 3576 12660 4888 1112 10130 3736 3185 5197 409 7143 7008 11091 8034 5632 1117 1411 2787 483 8328 12658 5097 9497 4637 2672 5956 5099 9388 6466 5919 8742 377 4007 687 112 5606 76 4711 11315 4912 10509 1172 10315 1886 131 2959 11040 5918 8594 12673 3059 3614 223 4750 12236 6151 4261 7381 5249 9124 223 7092 5986 12203 8444 3083 7385 863 4814 2495 7731 9418 10041 5492 199 8778 3969 7468 12666 8717 1981 9819 10727 10446 1525 11804 137 6858 156 10638 1434 12381
3921 12535 11065 7982 9432 4311 12299 3920 700 6208 10896 3348 9459 9862 4981 9402 10844 805 10397 5668 7152 10896 11881 10167 3925 1853 1694 8016 4793 11400 5012 6389 6462 3517 6710 7699 2238 1126 4450 1167 7788 10372 6143 2519 10453 1605 11554 2293 10776 11311 11766 5123 12587 11858 7819 12254 6490 1356 6214 5286 7559 2911 1354 1937 10675 1264 1876 1585 5047 298 7494 7866 2529 1742 11766 4302 2717 9527 12514 10654 2851 9249 4880 2572 11827 2509 11508 7902 4502 1118 3933 6333 7012 8326 8843 8875 751 8468 2939 12611 4344 2243 6398 6520 3435 6798 5909 7944 8356 7811 338 8275 5317
4638 4660 4527 3909 4870 6131 2664 4484 561 6418 6484 1779 2289 4253 483 8432 5345 10361 1800 10051 11953 8843 5294 460 8511 489 3396 1061 8811 5519 3420 4353 1588 5395 2989 4717 10642 4842 476 4176 881 3976 6592 9612 649 1464 9311 9882 2995 4489 8841 6693 344 5414 6520 9557 5698 4075 12699 312 10995 9036 9104 8707 10078 3348 2774 5281 4521 8534 6567 5097 994 10863 2534 6310 4422 11174 263 8763 7119 259 1847 8766 6601 5835 9680 7787 9752 11938 7650 3963 2887 5983 2795 4754 1938 8601 9003 12480 1722 7870 6468 6707 2142 7344 4518 12693 12395 5943 761 9802 11535
9258 2387 5756 6335 1073 11530 6023 2408 8590 3655 8277 11886 6167 6061 621 4936 1865 2940 4419 9900 4211 10780 2439 10714 7530 4066 2098 11295 5757 5229 10740 525 11067 656 8243 9634 3069 4957 6479 4596 5244 8979 5448 5042 11532 3993 6883 9847 10209 2514 10671 7610 11231 10071 2600 3466 3429 516 3309 7605 8061 12045 10317 8937 5872 11071 7678 10058 7022 1434 7945 3743 3844 173 896 10535 11914 6451 6679 10831 4694 8420 6899 12459 8738 400 6191 9903 8865 3615 1503 7323 5278 8802 6371 6695 874 7577 1700 4979 10828 12609 1775 348 1188 2434 11975 5138 8282 6826 8933 463 6627
1216 8040 11905 7149 1592 6274 12323 8145 1035 4675 6201 2396 7653 6099 10915 11722 4557 2263 11215 3678 12450 5100 2753 11295 11391 10798 847 8163 5574 12628 4719 9316 11033 12224 9080 7462 7123 1715 4190 1161 2656 4759 9391 7682 4201 2101 12386 979 7527 4691 1192 733 8217 5156 5239 10854 11563 6936 12596 12329 2920 1338 6942 8304 5201 10347 11316 5397 6102 6013 5393 11681 10241 11692 10363 6053 11597 2028 3549 6567 12172 11707 3165 7676 12735 4284 2456 4580 4294 2233 376 9417 7000 6443 8692 5077 6169 8620 10520 4149 4837 4579 5088 7561 7569 11830 7069 7878 4146 10000 11543 3409 6239
2947 12224 11107 2114 6205 9117 9847 10625 5864 7141 7417 8212 5702 351 2074 5979 2691 11598 8119 5400 963 8528 2783 10047 2473 1327 9193 5693 6378 3692 6104 12031 11576 6305 4643 1071 2078 201 3805 6210 5947 8357 12705 1221 1646 9175 3832 7465 4189 3695 4189 5508 11727 3395 7142 6201 9603 621 9864 1811 10887 10067 4400 6662 5237 9317 9533 3240 705 11425 7829 678 10382 3317 1399 4381 7990 8410 11391 12336 11667 8834 5160 3490 2487 8595 4718 1214 9052 8321 5134 9325 10811 386 10291 12474 11566 12451 8736 9807 2270 11689 5770 1432 7697 4472 7627 7143 8820 10741 9377 8636 5916
513 8125 6874 453 8045 1119 12483 10636 8538 9246 2915 9889 9399 12322 7433 11051 9262 1888 4913 4916 1778 7290 2369 4004 3094 11569 2717 10870 6413 7755 3070 10042 3936 1852 8168 11737 139 6665 10882 759 6204 716 3994 12177 5247 219 10135 12091 2248 4442 2172 2113 12131 3959 12502 10670 2746 4442 4844 8626 8675 4449 9027 5860 5039 2997 7378 12336 302 6806 6774 8643 8527 2125 4287 1443 9712 6482 12438 4401 12681 8491 6565 1881 2184 9120 11943 8042 9539 2434 8674 9504 2269 12448 9155 3814 3971 2636 7256 10991 84 8174 8346 91 9308 12132 2890 9308 321 10597 12289 11226 10653
8285 7959 519 3060 8567 4012 7030 9379 1935 2832 557 2415 3017 860 41 11053 9715 7997 7111 946 5708 5160 6068 5074 9009 3930 1895 11379 8102 3777 6875 1289 5924 6076 2498 12613 5461 8433 3868 10435 1021 12327 2343 10796 4816 10602 3391 811 2706 1728 10315 5238 7035 4459 11373 11925 8274 274 4621 5801 8279 8474 8601 4653 2714 2510 11155 6903 2102 1714 10738 8982 455 2720 7704 4893 3441 10911 7122 1701 7817 10450 2035 5844 9431 8966 8319 8650 9092 1075 5300 10680 1142 9170 30 8835 9834 10286 5019 6950 11230 5983 3739 7301 8385 11034 12716 8165 11784 8725 8628 10207 6804
8088 11973 488 5411 9450 4114 8562 11151 10779 7755 8971 2569 9105 4409 2878 8265 9919 8712 11498 1423 8134 6954 11289 10500 8859 10586 1795 4062 10564 1930 697 7605 11253 12513 9741 249 7489 9592 5483 12181 10126 5784 902 4991 691 10682 152 8389 10650 4924 8260 8721 3639 9330 5265 12493 9115 8957 9192 5764 1420 8869 12749 2591 10836 971 10981 107 11824 3461 1734 9350 3826 2919 10999 7024 5248 9103 3484 2101 8136 10314 10633 1800 8059 8990 6437 2071 82 8030 9491 1584 4702 2407 11165 4471 3637 12621 11060 7282 12167 8046 12012 9717 11810 6178 9090 4609 8122 5853 3969 1587 12419
2616 3905 8130 3582 3879 7120 11969 6603 3114 8508 9433 12401 7337 5202 1738 1119 5467 3864 9564 12232 339 9240 7938 713 532 3366 6501 36 12630 3175 6354 4353 748 963 4119 11557 10143 10115 11185 10207 12698 4677 9856 7698 366 159 6547 9128 657 5371 4119 279 9413 5517 8319 11307 9692 11304 7814 8759 2974 537 2505 7842 4632 9552 8649 495 386 6169 183 500 9562 9246 561 12163 10995 2597 1669 7909 1551 1741 7703 6948 8006 8082 5628 10791 12131 10573 2250 11409 3138 3770 2373 3068 1444 5965 5948 7748 10539 4559 2709 9530 7610 5815 5979 11840 7344 11335 10262 5437 7328
8859 11433 8205 4663 3533 943 149 4309 4576 1595 6337 10799 9221 3591 10243 11572 2868 7652 5011 9465 5969 11920 10276 12030 2053 1432 9306 12082 12283 9965 4312 10515 777 7872 7265 4607 7708 11917 10860 7055 9092 5079 9372 2800 11472 11749 4748 10775 3485 4544 5261 5110 4332 4218 8577 7388 5093 8485 6730 155 7916 10495 9057 3957 6233 8044 11216 3702 1124 8991 10536 12174 7271 3728 6799 9557 5262 6668 894 3077 826 9661 3357 2921 9510 7486 9988 2540 10882 1271 1057 8142 1973 10403 12672 10737 9617 6924 9214 8477 2582 5581 976 2808 8326 5292 409 5599 6497 6886 10199 1556 10152
5932 9892 1383 1311 767 881 3658 633 10943 2747 4559 8403 12426 3126 11491 1793 4140 8391 4049 946 8051 5518 6615 5495 5166 5854 3733 3920 5858 1654 1489 9630 1619 3580 10460 4159 3471 10301 10549 5716 2649 2138 10640 10499 7252 8133 9355 3845 2484 6814 9709 12413 10097 10178 3010 991 8495 962 2956 219 1179 9450 5700 53 4471 1713 6303 1195 5463 1972 1851 1251 7926 12279 11878 7545 3702 5050 7534 11976 2637 10462 4511 3560 6089 1741 739 288 1912 4477 2930 10884 2467 783 10174 10620 60 8808 10645 3699 6696 3142 7172 8423 12716 2742 1156 4066 4747 5319 2088 10887 3882
12320 6069 3069 4179 8471 2483 11241 12717 8847 6554 1598 7465 8906 6886 2837 3172 5377 4883 7854 11885 3845 8279 8543 3817 7895 4887 11867 5234 5548 1229 10257 3719 3335 444 2277 9552 8430 7770 8873 7294 2411 10766 7782 37 5690 3642 8018 8417 6608 2169 1687 7820 1208 7147 3152 8541 2910 11109 5386 475 1713 12015 9380 127 9901 3734 4517 6771 3559 5444 12492 7622 10061 5646 5096 616 6904 11856 6322 9245 12010 12262 4013 11852 11960 9654 2141 976 4415 11646 7194 7129 12206 7534 2539 7777 6897 4018 1227 7275 12477 7404 11240 8497 10122 7972 5320 4125 7525 10770 2869 4017 948
12048 11339 7232 834 4314 6977 6697 79 5933 9253 2970 2805 10343 3851 11146 9130 2351 11494 5647 8092 10074 5701 12443 12150 10137 3992 892 801 5105 5564 11251 9029 6856 6749 7383 1466 5719 2706 3561 3224 6902 10980 12242 4257 9170 5895 10332 7378 1450 7805 3611 4637 8184 3312 10026 5714 1633 798 291 8783 3565 12521 3190 6541 2292 6464 2383 9490 1319 1539 7470 8865 9693 2594 9384 10855 226 2238 951 1234 3345 8884 6223 10401 8556 3542 10368 5547 7321 9369 7306 9528 4845 7339 9560 11995 9027 1609 2331 8131 1326 8483 10831 4619 5560 6897 3974 9828 866 5441 8786 8552 10301
2770 8636 5568 10942 10402 7325 12437 1742 2261 3443 1275 4727 2321 2712 5048 3200 9013 10610 4357 9730 10822 2262 5894 10664 4504 8099 7488 5657 2989 4527 922 10680 1567 12136 7730 12174 8641 10141 1894 90 11798 6638 10459 2903 7364 7104 12438 11715 864 6031 1158 10675 3806 9413 3541 2202 1717 8465 1771 1407 9073 5556 6493 12576 11468 2509 6893 6006 10980 8887 9207 7660 2808 3419 6065 4878 7281 6529 12248 1109 4767 3227 8956 6008 10957 1914 5462 8583 8276 5606 7932 6323 3518 10693 2528 12440 9729 8478 12222 10283 9532 6300 9685 9867 12732 2351 11583 9621 1050 1148 2696 9091 8966
12749 5113 12663 3110 8123 11931 10816 12341 8549 11217 3256 9837 8711 12583 1776 11663 3586 2822 9488 9450 5269 3413 8653 2260 3635 11244 1518 7198 8108 2288 2230 4308 1219 725 6772 9333 9384 8333 699 5570 7848 10370 1696 2011 10864 6394 88 145 5675 1969 2325 5863 1848 6662 6625 7303 9869 8886 12019 10481 1850 11209 6606 5495 9697 324 1169 10477 11597 4280 308 9497 592 1248 6530 10230 9684 511 5927 9012 7596 12063 10172 2049 10421 6297 10586 1009 4832 3942 5175 2534 10278 1372 334 2836 10162 8147 4413 10965 3478 12174 1195 354 11434 1348 10214 626 1857 2734 7115 4667 9852
4342 4965 7177 12261 1984 1571 12119 7165 1264 9939 5941 5582 4781 3797 8562 10836 7838 9762 5820 12703 5986 4575 10406 2227 8416 4147 9415 4011 2443 11474 1076 11851 6025 8076 8357 10650 2753 5595 6059 5613 8997 6409 3531 3921 5335 5632 7815 2163 10068 3757 5196 1160 6728 9985 8489 10669 8178 2540 7287 4833 7101 6257 12184 7207 11625 5911 6057 8556 1031 1011 8601 9255 3386 9342 6504 10972 7649 12191 11968 1996 6861 3095 10170 1571 2020 10423 12608 5513 9006 6820 1633 5606 11715 352 6364 6297 7101 7596 12650 3367 3774 5341 2660 7513 9557 12746 7205 2237 10926 11934 7293 6408 2098
6763 11901 4741 6541 8461 5715 3261 11026 4023 1735 8377 6236 455 10767 7773 12361 6669 4891 4528 7682 8467 7006 3131 12268 4958 32 10602 9782 11690 8494 6037 11884 9959 1066 4161 9440 9817 12163 2011 1580 11444 5137 5644 904 1278 155 10733 10730 6095 7199 3269 11812 7171 1213 4235 11841 5204 1172 3422 1300 7952 4713 4495 12323 11494 805 6627 3897 1049 12582 10180 4915 1326 12280 5559 6808 7923 5618 1916 754 12626 11507 2157 1766 2421 5608 9446 7345 3452 2793 4542 7080 1886 9206 9834 5832 6988 7415 12540 6272 2364 4775 10107 8420 12154 9064 5199 9959 4935 1775 9697 3604 8398
8366 1174 7081 2246 11622 2111 6896 12482 2482 10098 2010 9121 7310 3209 1451 2075 3905 12364 9968 7621 3740 11732 10409 701 3571 6145 5869 10948 11354 8160 2307 1632 142 5407 7307 6157 817 12174 2611 9106 10879 8891 2277 10209 11774 7633 10156 3556 11626 12731 6206 11219 7131 8652 6896 998 12577 8138 2623 5240 8087 7044 11321 3568 4621 8880 6122 558 7968 1851 255 4296 8588 5876 7605 12380 6905 11921 1597 8448 5524 6557 393 7940 5833 297 2810 5475 7086 1614 11943 4796 7633 4432 7604 12708 4913 7819 6379 6278 888 5147 472 3735 366 4965 2241 6136 5213 476 5119 5400 10141
9392 251 2578 11727 4748 7058 5082 9701 2522 495 11476 1328 3085 9056 1168 11614 5802 2336 11967 1778 7054 7381 11892 10672 65 10670 7070 4312 3856 10404 5400 1478 9324 10122 3554 6334 3981 6749 2286 8905 2127 10539 6324 7897 2607 2283 9556 2080 2619 1050 5222 10265 2774 1681 1323 7434 3467 3879 4315 5333 2772 659 3537 11177 7312 6637 3484 10512 936 2207 9025 6867 9227 3882 7834 12031 9806 10497 12036 9386 6472 6846 6512 10348 5655 2452 6942 10678 2757 8155 8386 3290 6662 9140 353 6544 7467 9550 9018 10196 7626 1966 3631 7547 8515 8201 10473 5280 9577 12029 266 10122 11469
8920 6234 1016 311 6687 11111 9994 4701 9409 1947 2350 1304 4726 12005 166 6712 986 3278 6631 345 864 3834 11745 10582 1584 4397 2572 359 7519 9106 1342 551 5573 11214 7293 11035 4199 2019 3137 5182 7265 3751 11140 3226 5235 870 5996 9262 11925 2557 3705 1329 10816 11895 4685 3345 2361 3346 1433 9327 1860 4693 7437 5225 1634 10335 5960 2024 6086 11047 12438 9558 5876 7595 7881 133 6441 3827 2877 5925 7830 6691 4039 3806 448 2764 188 4714 8503 8352 1680 1151 3699 4305 8637 7518 2237 12622 7054 10610 9707 10625 401 11541 3661 5656 2365 7683 2070 11252 1369 624 9123
7903 2967 11566 9336 10329 7973 1031 3968 7401 235 5058 2323 6810 11325 3766 4165 12085 8605 6774 7077 7243 12768 8443 7852 11374 8198 10840 4096 8848 10897 7080 11846 1832 11887 3068 846 11697 5350 8311 9033 9055 10749 2955 11152 5680 1180 8018 2132 1573 6619 9681 1044 9487 6982 2348 11725 3078 10206 12366 586 7353 1634 2058 10261 1290 11335 9419 2481 4384 4459 1438 11589 4881 9915 11662 12635 8434 6983 2258 17 11010 1369 2498 4648 8256 10374 12183 444 5644 1906 3047 10711 6597 3209 11346 524 8102 8575 9817 8999 1041 4597 5850 652 11033 12564 4988 1489 9348 9636 7846 7844 10368
5543 7006 6804 10178 6604 9039 4909 4694 330 178 3066 9789 11344 1145 11749 8597 2668 6169 5449 6901 7473 1318 332 939 11379 7342 9284 6964 6583 4934 8668 11697 9120 48 3336 2396 2493 12758 5294 8536 11749 12619 12496 12527 2100 8756 456 4410 11228 9261 2295 4365 10345 6889 136 3957 1264 1689 1045 3222 11949 10652 11847 9972 1992 156 10128 3741 11912 554 2464 10688 12122 8040 11763 4580 1871 941 7363 21 1450 5593 12369 9690 305 12096 11104 7439 6069 77 4590 7853 4652 4402 11446 3100 974 1207 9836 1448 3751 2726 697 6594 4703 9672 9922 11786 4637 5877 4631 3006 9419
5367 11020 9985 8976 2431 3163 5181 5270 4622 667 3995 8158 5972 12114 10136 8043 3049 12051 8137 9639 5199 4607 6460 940 6976 12407 6423 3568 8302 6067 8064 2170 7377 8868 8073 174 5978 1738 9902 10035 2855 8711 12422 8883 1096 2672 7081 7509 1773 4365 3530 1390 9661 4266 570 967 11533 3329 2814 3061 876 8156 1471 3949 3996 8521 11580 11276 11513 5043 518 7994 6232 3677 430 8325 12574 1885 6187 869 8315 8867 6039 9309 11673 1823 26 1869 9187 1457 4809 6198 7688 6613 11597 2707 7597 1833 12288 4581 992 166 5686 8105 9968 2969 3461 3753 1304 6547 11355 10676 4189
9162 5166 8230 12739 6548 7891 8973 12689 1973 5980 4392 1638 8594 1840 12082 9233 10760 8765 8674 1760 4901 1273 4779 2156 1089 11955 2809 6061 5624 8567 1738 5691 9289 5101 11856 12472 2780 11251 9859 9893 9130 9409 11052 4096 5273 4467 7502 11284 397 4546 11258 1402 1957 6303 7421 793 340 4914 12520 8721 12681 3055 2761 4247 12451 10235 10936 2742 12145 7709 11694 7026 9259 3233 5834 10882 9359 4194 9243 101 12358 7613 12532 8046 10069 986 12524 10017 12670 12761 2379 4520 3258 4818 8038 5302 9165 7087 2768 9319 11913 12712 4775 10495 1501 11549 5508 7970 12446 12081 8746 11049 9657
6293 10276 7574 12037 989 7466 7006 10700 2157 2837 6781 10044 4577 12017 4925 1958 5433 2605 10948 1080 12374 9498 11910 12129 9891 9860 754 11526 1693 12741 6590 4031 6941 12736 5175 4153 12421 3127 2864 56 317 8754 11238 5147 5911 1836 5650 11938 9051 8705 11969 6659 1735 8987 8773 4229 8587 12113 11120 12039 1819 7389 11609 10026 12103 3469 8147 7417 1857 7987 7997 9701 8311 2506 6999 9268 540 10584 8914 9173 414 3563 8702 8137 8324 11173 3446 2514 1214 5455 10562 2720 8487 4597 2074 6588 9510 4700 11841 1983 7492 10593 2630 10829 9498 7103 12435 1971 4136 2896 983 9886 185
12218 6923 249 5935 5038 11694 1298 9690 12350 122 6052 12385 10437 6963 350 9861 10928 11076 9018 12733 11037 10412 292 10663 6504 11971 7905 10918 11723 8013 7738 12320 1589 12064 1410 9509 7820 5632 9930 11857 10205 9971 2502 4209 7771 8233 1349 9305 3631 5307 6057 1457 676 7699 1339 7574 4102 1563 5058 5897 12498 10539 2629 10307 12662 9 5270 8124 10498 6399 3748 1751 7377 6052 7432 9294 4428 8364 5773 5208 8123 4021 4407 6523 1867 1088 3733 11730 5603 3920 7726 5961 12207 2010 424 941 4172 1072 6651 12392 7162 5716 5844 4199 959 1847 5000 10624 654 4146 7718 8868 10387
4016 9408 1074 7356 7025 8018 8521 12387 10648 4073 7574 1717 8241 10195 3697 91 7792 7773 5725 1924 2382 10044 10875 11439 10150 9913 7010 1746 12420 8751 6305 123 6783 8490 10562 10691 10892 2294 7362 4890 487 4686 11031 5491 1323 10468 1663 121 2285 7458 4747 3100 6171 1274 12483 2721 8124 11153 1079 8195 4588 9475 1230 882 8268 132 1204 7212 6098 7243 7618 9573 9393 5340 3908 8558 1304 4581 2180 6176 3863 8329 511 7476 11121 971 1857 2499 2031 11188 6616 4511 5586 1 11127 12297 9519 12276 3482 10706 11352 2147 3331 7085 6498 6821 11943 845 6341 12463 10737 702 3811
10438 1706 9285 6637 1465 8613 7617 11567 12592 4783 443 12431 6585 11900 6723 5737 3378 2075 9295 6678 7949 3690 10529 5485 11760 970 3726 6291 2656 4697 11067 9614 4128 12568 9421 8842 9695 3248 3926 12067 185 9646 11146 499 1740 5920 2777 7105 12575 10783 2333 3900 1536 6587 9502 1798 4971 9223 202 12695 3471 8240 7347 8276 4659 5385 11340 10688 10948 8299 8581 2411 12197 5632 5790 9935 10241 6543 8292 3529 9885 2706 12005 10332 3286 5624 12293 10742 10034 10280 5694 1490 12304 7619 10115 1135 1008 11007 12274 8411 3096 8835 9924 7109 8508 11511 1913 7530 11164 9872 5703 5493 6842
1244 7244 10390 7935 1257 9144 7531 12233 6509 1149 8017 3905 5128 3937 11260 2621 1238 9774 1202 9101 1229 4024 3999 12106 6122 11462 3921 6146 2940 2934 5874 8465 573 6919 6982 8472 7885 6591 11331 3417 9289 7943 7830 5944 10202 518 12311 8443 869 8628 6375 377 11786 7810 8841 3777 5550 1615 7412 1259 8350 9972 7471 11543 5541 11605 6654 8691 10087 6389 5207 4792 12129 4628 4102 4311 9987 67 4558 7724 943 464 1372 5048 2884 7732 8625 558 6942 10227 4466 12520 10594 10202 10633 10339 5498 6764 8320 6243 8389 2880 12167 6453 11926 8691 810 7418 5573 10566 5484 7605 10103
4497 10192 8788 7981 10418 10746 6025 10497 12112 525 9379 7011 9459 344 9951 6515 8822 6399 5181 12530 1591 12040 5849 3724 9461 7412 2093 4368 1353 539 3311 11543 10003 10625 5336 11262 12137 2438 9081 283 6184 12320 4800 5413 4167 6099 8335 10795 11560 7176 10564 9067 2016 7054 11025 1615 10469 11897 7494 3370 7786 3371 2418 6564 7005 11975 4988 1909 8293 8298 9467 4762 8758 5561 7070 4388 10017 5046 10650 4811 6409 1834 12004 4411 1871 10248 8511 4603 205 7796 10328 7747 3859 10361 6903 4792 2512 11643 5136 5220 7272 12574 6969 12094 10894 3192 11221 469 6279 6055 10902 7388 104
9469 1806 2657 10753 581 1827 8548 3968 8910 5844 1449 7795 7329 1864 7225 4911 142 4980 7464 5510 7458 2323 3602 8615 8706 12525 7051 4097 10265 10482 4797 1931 10243 10704 12039 595 6198 11750 5757 8554 6060 6069 10185 6957 3101 2678 397 9116 5402 187 9252 4344 938 6175 9815 2642 12299 8968 2694 8401 6590 10960 6089 5069 9894 5700 10135 9077 4831 710 6293 1181 7975 3993 6332 596 47 7546 8469 203 10223 7097 6132 12331 8671 10694 10452 8593 1533 11045 9746 7548 5494 9717 7996 8195 9551 5903 333 9282 11433 5482 4100 6992 5120 8951 8916 11103 5944 6001 2848 1183 2704
11403 7423 3329 12714 8220 7903 2498 3713 8356 6843 1190 12244 8325 5092 8543 9183 8953 1934 8399 8353 9066 4029 11055 12199 12694 7614 8010 10997 4553 9174 5823 101 8164 3887 10782 2562 1246 3754 5334 7107 1212 3120 2037 8105 1817 10396 8311 2642 6718 7137 12683 10591 2963 5313 10734 5736 7700 5605 3996 10292 9295 4742 8310 6511 6715 2046 8533 8691 4337 8414 2185 402 9128 7449 6120 7853 6087 9272 2388 12416 7589 11486 2992 11397 3821 12274 7828 7247 4806 9685 12232 6874 187 6312 2677 3677 197 11909 6797 9408 2027 7396 3055 10930 8649 10375 8779 586 10576 10036 515 4906 427
2628 2600 10801 12130 1822 3085 11743 4992 3499 7102 6787 4147 10586 8250 2470 404 3875 3253 8985 10206 11612 9811 1479 12235 11243 6727 10595 4047 2822 6897 4678 4303 12627 10220 4515 12560 5969 4927 12077 2513 4861 10317 558 4540 4089 11558 10690 12118 10881 5628 765 12527 11444 2517 11856 1961 8938 7953 10900 2392 12538 5683 3048 12640 7769 8767 4775 5054 2830 6729 2257 11059 11370 7284 11998 5267 7553 5271 12729 658 4927 1426 9074 2844 4937 10375 7638 11324 4297 4294 2724 11121 2172 12141 6827 2921 1841 9421 7135 9126 9866 8531 10887 11194 6720 2455 8558 8498 11472 2523 7165 3516 7594
2585 5824 1440 3547 11507 4501 8176 7944 1728 2561 1019 10008 6980 10641 7494 3911 1805 9254 8421 10393 1868 3981 9309 12118 7223 7614 8499 3950 10070 9469 8807 11607 12252 5246 2031 12756 2473 1442 5533 4234 3868 6760 1582 8647 1896 1031 7480 5995 9640 9138 1061 3794 1038 3697 3235 4052 4696 1034 4621 8515 2977 11730 5927 4337 2682 130 87 10827 3539 1145 7095 188 10818 3910 8801 9506 11616 12479 4984 11592 7512 4893 12510 9441 4772 5085 373 8221 5080 11947 3231 12713 11588 736 10802 2133 1956 10609 3269 7529 12314 359 11363 4908 325 7001 807 1169 2220 2748 3074 7789 5400
3610 349 5589 8546 100 2108 3412 8117 6102 10180 5679 385 10137 6361 4572 10632 9459 8138 541 12658 10399 2399 8506 12555 9251 9376 5497 10361 5609 9759 742 588 7473 11273 12251 3035 9658 159 1863 10564 10233 6517 6837 4093 9656 8121 4301 12095 10776 4958 2381 4295 34 7246 6685 3010 7857 9222 3831 3524 5670 623 12104 10636 12235 5719 210 4202 2823 3599 1699 5406 11291 11743 5924 6094 9468 5915 10126 10913 4818 42 10049 6716 954 11726 79 2381 3394 9068 10401 2051 10692 351 3163 6890 973 9254 12014 4243 339 787 5725 3043 7248 7525 6469 4491 9618 11497 1150 9296 2876
12382 11472 8172 10991 4032 1406 5332 10499 8502 10623 6462 2786 2861 12384 778 6582 3244 3267 2787 2172 2052 10351 7493 817 5080 11982 2906 10692 10592 8919 7373 6787 12501 9501 6506 786 3657 9463 10553 7143 760 3096 7015 6113 5952 2690 4077 12635 911 200 4911 9193 11375 1662 6941 1290 7956 12309 12359 924 189 4360 10363 9989 2479 5747 1020 10465 1498 10807 8564 9238 10231 3846 1313 2532 2848 12174 7202 9443 10741 4815 6170 10695 6335 5561 5117 4467 11852 7504 1215 10765 8745 7581 10273 3652 6977 6005 5347 6147 6781 10122 2805 2355 1817 6852 2499 5005 4705 5690 3265 4859 5550
6119 6659 7510 12143 10640 11165 2046 10351 12253 10398 2899 8105 6594 5840 9055 806 8779 132 9497 1968 2816 8347 11972 3332 10623 9409 7216 8445 10417 398 9000 2074 7328 7962 640 3975 32 9543 12169 2634 3940 11776 4312 3579 1814 5832 3917 5627 4733 4525 12619 8701 940 10113 2541 2359 8419 3677 7778 1879 1257 2717 1814 1108 2514 2804 12587 12062 9408 6757 11239 5153 1453 1024 1649 1240 1001 8453 1084 1956 2140 4076 6276 4664 4243 12306 3429 1671 5708 7774 3340 8930 12007 370 6969 909 9657 2197 6266 9539 12051 8619 4911 2592 4279 6930 4497 8978 12423 739 2852 680 6534
627 1752 2033 7866 7160 12566 6052 3947 3861 8158 12138 12040 6788 5037 9999 2972 9643 5413 351 5540 7095 868 63 9840 7276 1690 5961 1076 4844 1888 5962 2883 1516 1732 10495 10085 2636 2212 12590 1039 5403 256 4977 6766 10513 742 3558 11243 10359 5372 792 10935 5615 12690 4294 1231 1638 3250 2401 9878 2669 7272 4305 10706 1495 11151 1985 12258 8804 9254 4506 11506 8295 3586 11625 12622 4488 6336 9712 7536 8064 2788 9093 2946 4421 7715 6176 10274 3498 2757 10810 6377 3949 3788 5130 1937 5415 5559 9980 10591 3836 8984 11046 355 7295 1307 1604 7806 5783 8662 3414 678 11063
4697 2787 7162 2953 10742 5425 10932 11789 11606 12490 5641 8305 372 3358 2431 5197 11862 8288 11100 12241 9259 9685 11215 4925 7844 1519 12621 1350 4569 610 11200 11191 11601 9492 12721 8077 761 6076 8205 415 402 12444 6405 8963 9005 1917 6860 4931 806 107 6892 8438 6376 5908 5662 8583 7637 10606 3437 4205 8443 11814 8149 6121 8115 10918 7957 7183 7805 6807 2478 211 11564 9623 5543 1277 3059 11549 1574 9892 8648 5768 8329 11497 8154 5319 2562 684 6737 11163 2860 9195 12663 1397 8393 4602 5610 9030 7753 5603 2223 12695 5877 9556 324 460 2688 5223 9392 101 8275 1956 4651
3018 3740 10019 7047 5661 10744 11644 1757 437 11341 7600 9700 337 2006 498 8202 10785 622 6842 7951 5354 1530 2191 583 10195 853 1705 7540 10940 173 9438 1096 3298 11324 11088 9162 3894 1034 3427 9829 9709 12483 2300 955 11586 11565 11622 5652 7549 7466 1311 9075 5323 6190 7886 3504 4177 7225 12134 6018 6589 11305 10415 3725 10084 1141 4054 4342 10533 4236 6993 9466 1990 421 9349 1530 7504 7327 4420 8951 11287 7492 9612 7239 8752 10804 1919 8222 550 10135 9149 9753 3935 139 7473 8976 10275 3337 9100 10601 9070 2486 3840 4883 8335 12484 120 2222 8356 12099 560 5460 10843
9266 10276 5946 6784 7799 5727 5406 1296 4764 4211 628 1259 7910 3920 10659 1559 6384 11129 11134 279 5910 2402 2102 6979 11495 6088 512 12671 11956 4718 9662 4282 9371 5361 6231 3370 5160 11035 724 1961 5355 8707 12431 3792 4683 12690 1106 10155 9233 2854 4127 3849 12341 11327 4810 7616 3314 10035 89 9031 3709 10086 2518 4263 10931 6204 1686 7674 10247 11547 9217 3770 1526 10152 6643 3164 5710 924 1034 3287 2440 12350 12595 3309 10367 3462 3608 9240 6325 2143 4835 646 5617 3602 68 11418 931 9008 8052 3970 7888 1856 4966 23 172 6274 5421 37 6869 1521 7052 8794 1271
4590 6855 6049 6479 5821 1305 8568 2467 1286 9205 11541 12585 8275 9328 5115 891 1160 2822 3838 4715 10850 7660 6494 8571 7397 2001 748 11311 559 5346 9157 775 8045 1463 11355 5628 9752 9816 9807 4615 7706 3783 3686 915 7858 1706 4966 4671 2149 5079 974 4578 7033 885 7817 10321 8854 7801 8113 8688 6797 4665 12310 8746 9805 12352 9272 4876 56 3450 10809 7107 7216 9499 12098 907 8996 4915 3128 2649 4387 12011 4865 10582 8290 5694 445 4241 11761 2776 9222 7322 12554 5101 6111 11848 3070 4568 2714 6081 3075 8501 12626 5615 9631 10662 7370 4478 612 650 12555 6673 9243
5861 6583 11555 8717 3314 11156 7962 271 10668 8940 6414 11461 4051 12151 11847 3588 5048 6041 7442 268 10706 3152 1403 1079 10029 4038 4789 3441 9318 9346 4193 11979 9120 8591 11389 7347 12691 11838 6193 5390 12020 6784 10365 3475 2197 2086 1404 2928 4044 9219 10574 9646 6421 5468 4725 6012 204 945 4911 1350 10201 7560 11796 1881 10636 12728 1348 9582 11511 11365 5540 5567 3428 4711 8087 8859 9520 2488 10139 7525 5020 9350 1614 9641 11567 5992 6548 4764 6912 7898 10600 8096 1661 10276 11263 12240 3958 6073 6193 10846 10125 6232 1470 4872 3335 6131 9404 5605 12511 88 2360 3826 10848
5724 8852 4838 6758 5190 4771 10348 8148 12342 270 1844 8801 2214 8738 6787 90 10246 9612 12389 6747 8940 10211 9697 8617 10964 3373 9904 11938 11714 8666 5256 11985 11851 5228 10208 10999 8091 8264 7054 5639 11230 4881 6149 8860 8716 8633 7691 2192 5345 8416 6887 10671 5217 4425 5749 5642 10272 12111 3046 1241 1445 9881 11875 8355 1725 1706 7321 6 9571 994 10227 5877 621 6234 5468 11894 11390 3134 6536 5478 5012 845 12589 473 5790 5955 7597 4022 12201 4257 9326 11815 10062 4460 12365 9720 12638 6070 8093 8249 840 812 10235 3008 3057 6894 10150 9845 11377 11047 9237 3135 11298
579 4938 4540 10280 8571 532 11279 511 10146 10743 9347 1958 5112 8319 114 2012 8914 8948 3445 2462 1757 2980 5413 5344 4629 10880 6820 12422 4474 12060 11275 1551 82 5076 1758 6313 1111 9930 11063 7759 10222 4999 5166 3433 3414 10887 3697 10261 5243 5627 11886 6815 11324 4963 3685 11254 7692 3095 3326 2252 3795 10287 11070 2793 9512 4309 11483 9530 1458 12606 1981 12490 5784 758 65 9813 6760 12567 11158 4888 11903 11347 10424 1126 588 8794 10289 5955 4271 2307 6685 5050 6355 3096 1388 456 3411 741 9021 12769 11286 856 9304 4128 11035 410 10039 4038 3874 4659 11036 12720 11597
9083 12317 9661 9418 5450 9416 3765 1139 5342 11546 6371 12317 1135 10732 6931 7275 10251 6545 11703 4615 4572 10276 11807 4128 1784 724 11322 6719 12410 10881 12663 8157 581 4886 405 3977 11185 4606 5288 5613 5503 6510 10388 10170 6441 419 4623 9891 3624 2915 10773 2676 2505 6845 4786 2423 2922 10795 2158 1907 2475 2680 7807 3413 9189 12015 8026 6621 8237 12433 11579 9668 12197 8012 3967 3518 9235 11062 12375 11660 10605 2680 10581 9713 9759 8579 9426 698 5052 1840 5423 4933 1406 5472 7626 9471 7795 2732 8193 12375 5711 11833 9192 12056 9000 1360 6345 7331 6401 10035 4032 4771 639
9124 275 5589 2528 5679 10709 1496 12238 5178 235 11158 2626 1120 1703 9371 5512 1077 1691 5183 2113 12490 8007 12409 5456 7981 10937 5709 7415 10072 976 12176 9271 11825 8735 11867 8947 9126 10588 6968 4871 4396 5420 3874 3950 5883 12443 4299 4878 4816 8393 5782 5262 9218 2971 12600 4082 1572 6188 4691 10738 5990 7039 6173 1427 2000 7243 8588 590 7546 2800 5072 7128 3590 2222 504 5561 7707 3014 4084 5262 9992 2700 602 9540 8678 8075 6579 154 10412 1179 8064 8870 3455 7813 3796 7848 11071 2813 289 8040 5833 11021 7745 8854 2068 4397 4098 10377 9147 12160 7934 5149 275
5536 3002 11720 11650 9253 1064 8547 11291 2088 964 7929 247 3440 5422 9047 2353 10529 8754 1267 4400 9005 2404 6673 3800 5847 8624 9242 2167 11014 8472 2146 7611 10804 7195 8959 2221 645 10643 7847 7107 12481 5283 3436 4196 196 12742 5335 353 7853 10371 389 6755 5646 4256 9984 9494 8542 10984 11840 1053 12688 12588 11605 9888 2196 1867 11996 4792 10765 5889 4570 9568 11514 3129 7417 1087 10572 9755 463 4891 5660 3301 11677 11491 3901 494 3132 11278 10477 6213 11951 78 1227 10600 2523 4285 8371 7097 1855 30 5063 3376 9356 7066 8407 5702 5681 7682 5058 11875 10217 10574 1367
1212 2808 6815 6822 1446 6721 2892 1615 5419 7115 1524 6237 1902 5403 6950 12412 3578 377 6345 8633 11346 10246 7180 11136 9998 12397 1621 140 12051 2666 8514 9448 9472 12081 1418 7459 6737 4641 12763 6919 12519 8095 11636 10489 6705 12757 4922 10346 3708 12003 2086 4209 491 410 7592 6456 839 11538 2001 10762 9878 11115 11097 10122 3800 8816 4680 10626 1681 4432 5369 12533 9440 5484 7566 5811 10860 6549 8556 3754 3423 6891 8715 9471 8799 11677 6568 4558 11891 8048 10773 9389 1212 10584 4259 7855 1265 1815 12204 5173 8818 3678 11436 1357 9981 5663 11871 271 1003 8157 5886 1369 8394
3114 4067 12634 3977 4021 12422 9848 6872 6954 6519 2753 12694 2969 4484 9263 3506 3926 7619 12742 4111 2759 7468 2641 10880 3734 6610 9140 4214 3873 2759 4679 1634 1094 10893 4934 10861 3014 4460 8560 3847 4827 11861 4477 628 2473 510 5990 10489 2784 309 11771 3868 4740 10898 9315 6086 7059 9239 9573 10945 9360 7833 1046 12061 9420 223 2561 9 7490 12659 11838 694 8655 3231 9965 10734 3872 12714 5810 6027 432 5494 5903 1866 8410 10237 4435 217 5660 5999 4379 6562 3964 2128 9577 3096 8205 12138 4014 8461 8324 6636 12148 3421 3487 2479 4492 1820 4915 10519 9598 2454 1996
1371 5900 5121 4528 7630 3043 9687 4570 6135 6729 11345 6656 955 1885 1733 7941 5476 5274 346 4476 4970 5522 10326 2170 2839 496 7806 10974 1368 4566 9719 6372 1235 5979 7116 12334 8648 425 6754 1637 6690 6412 5211 2963 11626 1463 11857 12311 11253 6397 2636 3529 2496 4631 4131 3264 671 7864 5403 8379 229 1248 1046 9909 2367 559 5166 757 490 7623 12273 8927 8523 11580 183 1754 861 1387 10548 6739 6791 10998 3657 8245 1497 9605 2601 5484 11066 1203 3425 8411 7151 3112 1488 11510 2338 8758 10359 9390 52 5457 6604 12413 957 11587 1282 5756 7757 7353 10318 1095 6550
10716 4938 851 5695 9804 5049 6792 12050 10033 10676 4550 12420 9520 7866 9738 7242 9894 908 3917 1848 5044 6447 9551 740 9385 9257 6367 1874 2495 11254 12010 7716 6131 245 5103 6884 8294 5467 5451 6876 10146 8652 11082 6498 3338 6246 565 10878 595 6746 3017 963 7367 893 4154 4137 12340 719 11352 6109 2588 12013 3673 3178 5710 11608 7827 7725 7905 9898 9453 5708 1342 9004 7802 9891 8823 4136 6312 11108 3643 6351 9800 1814 2511 11256 1120 9322 11082 5545 10326 6079 8373 5834 4285 3781 10808 9910 2971 12673 11019 9753 7479 4385 7940 11207 4195 6838 8988 5440 326 1285 5658
8242 7693 11283 4659 127 12581 8164 2064 7113 7484 3104 9122 10823 375 940 11414 8273 10717 7010 9791 9140 3907 8661 11680 10491 3763 1401 12729 10980 9097 6766 5718 8715 2248 3593 2033 3271 9372 8278 3831 7106 2677 2776 3288 5135 1604 6945 95 11215 1569 8435 4071 8936 12760 3764 2664 7384 1710 3133 1940 685 6307 997 3702 7137 2615 11927 6170 7839 3458 2591 1428 4101 6459 6139 8034 5760 1011 1680 12214 4293 6249 11182 7338 2153 6186 7088 3996 9963 2491 8030 8961 4421 10221 4115 277 848 9083 600 2692 12236 10298 11717 11471 3717 2494 12262 6290 536 7662 9021 10770 6174
6005 347 8320 521 8822 10648 4012 12629 5565 3585 953 4390 8045 640 4181 2803 7167 8097 6023 11837 11389 9873 2394 8383 9492 2825 393 9131 2844 1698 3188 3981 11355 1789 652 5820 8711 4778 12651 6846 4906 12659 3038 3326 6783 5639 7467 10467 11773 7025 7098 2343 10510 7147 4201 2564 2234 2743 9506 10248 2253 10136 11441 11222 1845 9813 12757 5684 8540 10113 12110 8592 4504 11105 7685 4872 11839 3347 8442 11556 107 11098 929 11225 11028 9762 636 6897 3270 9484 1466 1493 7887 2879 9498 4531 10786 10450 11645 7268 4462 9050 2702 6711 3115 4849 4070 11568 3282 7497 5067 427 1235
298 3046 8604 2384 12107 84 8480 11266 12352 691 12033 12188 895 9945 10022 7461 5336 12463 9826 6462 3815 3800 6284 3330 8290 2710 10828 3805 10458 10400 11295 8392 6214 9007 2695 12012 9958 3676 6586 9575 4836 1187 3178 1379 241 7088 2097 5295 1179 2309 5418 6579 7453 9325 7185 9561 8058 1381 272 3681 3860 10018 4981 7060 2404 445 9052 12766 1486 9038 12591 9235 12333 10549 2442 3724 8066 11718 7442 772 10433 2569 11883 9152 834 1590 12596 1373 12188 6561 8452 7381 8652 9995 10109 6926 1132 8464 7415 8000 6630 1470 9974 10716 8370 233 12015 3494 4968 12172 12571 4478 736
6067 8186 1148 7549 11931 6840 5926 8208 2084 10453 11359 7144 6110 6653 6720 2012 9207 8627 127 4941 188 11772 4626 8828 11606 5847 11549 6005 4027 6027 8156 2214 706 684 9985 7837 6313 5490 9977 790 2680 1351 1631 4260 8683 5154 5009 11576 3641 8003 2499 3 10387 4125 6867 3284 2927 4942 2296 5482 3408 12253 12660 7803 9920 12153 11577 10083 475 7669 2449 8780 5608 1134 4519 2209 8877 5171 6428 1420 440 12341 2484 5169 10840 5712 821 11602 7764 5728 8460 1190 5601 3501 10444 4329 4245 7444 7507 10294 2022 10991 1915 9199 7642 848 8743 5718 10653 10168 3089 11540 8069
