98
7134 3476 3880 8884 8049 7896 7755 7486 6886 1066 6330 1270 2317 4894 8033 9019 7891 7927 2581 8908 7785 8568 5134 9503 6062 5444 4253 6357 6598 1749 680 2672 7432 5861 1274 4395 2457 1249 7473 2090 5615 7001 482 2799 6442 1549 4685 4618 676 3988 2812 1922 9170 8538 1078 6260 2109 6150 1785 2518 1406 3518 3954 1828 1972 5827 3760 3182 3545 9255 7898 539 5968 9302 6140 6426 6185 6126 5492 8237 6658 4427 7221 1423 5142 8645 852 3413 3325 483 1172 629 2140 7773 7056 4053 6424 8478
768 618 7033 5962 2691 6955 2172 433 3608 6029 8695 564 2299 1436 2239 9000 4216 6869 3037 1421 2229 9398 1476 851 6780 8795 8691 5870 506 1348 8835 7905 7686 2086 3369 3086 2538 4277 4016 6401 503 8828 1187 5109 4932 4357 6320 3115 561 3015 7585 4610 6479 6846 6088 3082 3639 2301 4429 6172 506 6141 5990 433 1607 5610 1192 2040 8786 4528 3303 8365 7372 8801 3628 8233 4542 7213 7300 5888 8844 6097 6551 550 7921 1381 6160 1971 2943 151 4803 2556 115 5366 5580 4211 3775 6665
6591 4036 2932 4661 3285 7949 3181 3582 8319 7481 7912 3291 1700 6080 1330 5929 5218 9455 6862 7042 7408 1332 5533 6048 3512 4483 5098 4064 6291 6920 9174 6793 4742 3950 789 7991 5804 8663 6123 4531 2193 9099 8229 2721 3335 6703 4785 831 592 1272 3643 420 9236 8233 2042 8988 6378 6434 1683 7104 2857 310 6678 5359 1623 5846 3414 3512 8291 1289 2337 7679 1781 4955 5354 4919 542 8395 9560 1449 4305 6271 4871 3585 3664 9204 2906 5945 463 205 3731 427 1025 5407 5526 4487 2526 8020
7985 5680 5333 166 4255 8912 8283 7264 1424 9216 5068 8549 4371 2940 3237 62 8539 9574 5282 304 8441 4389 3582 1944 3565 8745 8487 423 2987 270 5926 4085 4840 5583 8466 574 2073 3410 9402 6223 3495 7855 477 7344 6892 3009 7029 1143 9277 1442 6760 1604 6973 4328 7052 3016 5087 5429 1601 9380 1016 278 2966 9411 6642 9100 7135 8287 7226 3696 6303 1177 3986 9131 4132 9275 481 5008 6229 2545 117 2295 7245 2186 8446 452 7247 3925 8529 7445 5995 3085 7164 9478 2175 411 3436 6584
6877 9213 9144 3687 5598 6929 9057 68 765 6879 6479 3584 1820 3364 5522 933 7767 786 4127 5522 7173 9166 5907 8182 5250 906 7128 7217 609 1996 2374 9412 9331 2665 382 8752 8751 6039 3669 5861 1579 9571 9041 7884 8782 83 3995 4700 2640 4332 1016 578 9280 8402 6174 3153 3355 7653 9045 8366 6968 1753 2006 6825 2879 9456 6959 668 1703 5439 7220 8402 2419 9098 6067 634 4783 1512 7322 9005 4526 564 7983 1716 2822 3226 7861 7357 6455 8766 473 5297 6894 6081 9538 6380 6770 6499
7170 5786 8096 5271 3987 6949 9539 6860 372 8653 5730 6231 4369 4285 8624 6713 2542 5501 1589 3574 6141 5689 9449 7245 4162 6972 8318 4740 2675 5353 1751 972 7561 7680 5833 9402 4443 2472 9524 3561 4044 1882 4177 5906 9502 8013 2754 4283 833 5086 524 6300 6823 459 3570 90 3835 8086 2577 2912 720 2207 3529 4132 4362 6731 1352 1033 8124 6470 4746 3665 2754 2282 7727 7915 6943 8772 2765 3749 2956 1344 2094 8982 3110 2434 8367 4061 4183 7290 5528 4059 4812 8896 271 9355 1665 2773
2008 4144 2470 2783 3722 8459 8545 1705 9395 2216 1310 5887 5027 2487 5799 4354 3861 5905 3809 7150 6561 8231 2016 2309 1118 4191 5498 4394 6035 2011 764 2922 8711 6533 358 8026 5111 8445 8452 9052 6836 8253 4283 5105 2151 5563 2368 5047 2613 2988 9149 7508 4713 9048 235 5798 465 1402 6477 757 2309 7822 5559 461 1803 6068 9466 873 6806 5778 1751 4879 1480 8139 957 5304 3656 2647 6487 8453 8095 39 165 1862 5948 6065 4563 9246 857 2826 6977 3482 2986 7951 1585 2485 7792 6725
1667 7208 6019 2159 5157 5699 7604 8464 296 2869 4371 8459 6034 5193 2785 3108 3142 4312 5774 3477 9091 5043 437 5280 225 4778 4052 71 2936 4570 2450 1965 6214 5650 5932 4128 8347 5259 931 737 5606 5473 1338 8487 1464 5708 5191 5730 9432 8112 1766 8502 5907 7778 4555 9384 1348 6751 5945 1957 4892 1705 2837 7925 2225 3706 8700 7377 4312 3902 4990 3886 2529 2685 1396 9327 729 3924 1811 5782 178 4556 78 3658 6409 7231 3271 7206 2440 5777 5411 6668 8433 5132 9039 5446 5961 7877
8214 1773 1637 4632 9347 6448 6560 4678 8985 2441 391 1050 3506 7167 5349 5057 4486 253 5677 973 3406 8218 171 5500 3628 4756 2054 2189 9558 868 7387 8336 2101 2464 2943 4634 1454 3567 8180 9464 1078 8192 2234 9044 1499 3973 7614 7500 1391 6021 8803 7092 250 4962 3302 6618 5386 5506 7294 7536 3524 9038 1711 1632 3122 177 257 6104 8212 7275 8193 3758 7354 166 4812 3902 8216 6168 4855 1122 8650 5441 4776 4256 5207 7349 4417 4750 8942 9431 323 6471 9294 2883 5929 556 2857 3120
2785 2017 5282 1804 702 6255 8558 1533 2472 2828 9086 1204 4482 983 9346 80 2119 8441 3862 704 5726 7614 3448 699 6053 514 2422 6056 2148 8343 1685 4546 6818 4334 722 6919 639 6217 7744 4152 5009 5321 1010 7593 5766 4747 4040 4285 1577 64 2439 3532 9125 7067 2984 2381 3305 2114 1921 4168 7753 6612 2320 428 7159 2991 9553 1017 1184 6572 9203 3988 1933 8602 4144 995 4432 6652 298 2721 3935 4383 6525 6065 4166 6392 3948 7278 275 7352 7092 7639 7657 924 3154 5847 3665 3582
8237 5024 3385 9028 9045 7381 9209 1689 2485 7947 7773 5667 7752 5021 4234 4518 7857 1788 5850 1037 6284 2961 3469 7370 7148 3753 8288 1193 1251 4442 4173 1043 3901 9485 4727 8148 3743 5325 7794 7834 8138 9585 6341 5878 9014 1913 6213 1528 7548 7316 3222 9283 4686 2817 2336 6845 2952 1810 4266 9087 7224 4116 8286 6757 889 5190 1502 3048 3121 1598 5489 1953 6773 1461 5737 3895 1902 3399 8540 7068 3414 1060 7945 7557 7108 5634 6376 8665 7543 8692 7041 3804 6245 942 3319 5873 7459 9534
4740 7672 1817 7295 4418 4119 3357 7419 4588 9133 8820 1588 6063 389 3017 9413 8722 2386 898 2030 7006 3637 8897 9032 5600 4402 141 6019 753 3392 9515 4592 7308 1115 6668 4875 8564 8421 2310 3988 2322 2480 5288 7885 1042 7648 4634 6968 683 2869 4248 3094 816 5242 1408 1145 2068 1626 7458 343 4884 8961 678 5590 4905 7542 162 386 7385 4589 8672 2712 154 4693 1001 1148 296 4783 4676 5758 1703 4159 8333 1174 6407 2175 4033 4408 7406 4778 4643 5596 7027 6823 2259 7409 3517 4268
863 8262 8869 6231 3761 9125 279 384 1474 8136 5005 2525 2272 2627 4076 152 5022 3829 1050 3178 4329 5926 638 9360 929 4643 9469 550 1338 4640 4476 5824 8867 1652 7292 6089 138 170 5943 5442 9029 5222 3476 5702 2407 3368 8992 1321 1491 9400 2147 7541 7156 7444 7296 329 5690 887 2348 8362 7283 4221 7463 9248 1424 5850 2496 7819 8767 958 6856 4661 4013 164 4379 995 3969 3107 499 8856 6527 5657 581 7049 8697 6755 6437 807 6496 1350 5434 1954 7202 4322 6415 6019 4474 8025
4828 792 8794 2576 3452 4879 264 2084 4617 7165 9036 6021 1610 1626 1159 113 3686 9587 5016 5410 2877 814 1173 4454 8086 6463 667 2532 445 5880 1276 5861 3257 7903 616 7168 2154 6657 93 3225 3432 225 1682 295 3967 2159 4427 8326 5734 5596 2990 2568 9027 4884 2747 7929 9361 2427 136 6629 3844 7508 2808 9534 4213 940 4861 8460 4004 336 8955 8097 1378 5543 3416 1259 8772 8829 2630 2441 121 5200 8968 5457 3948 2884 7940 7938 8612 2644 8670 7939 6620 6505 999 2587 8886 1014
1989 5492 6341 574 309 1530 7872 4683 2639 8979 110 5969 2765 4834 4378 2183 3258 8533 836 2807 7534 5993 7367 5473 6225 6495 3142 363 758 2601 7141 8836 505 1182 3971 3382 1057 2600 8626 5187 8862 7608 9148 9582 7202 8759 4610 6755 6531 1826 2069 7509 6494 8627 8290 2255 8951 1114 8425 8115 8974 3692 1467 3375 1124 8815 1262 1435 8352 2982 1158 2000 2428 5769 506 4532 8809 1057 7549 5686 3610 9254 4605 9336 6120 6704 5211 8636 9161 8485 5375 6904 2412 6158 8959 7315 7179 8536
6949 6470 5878 4030 7950 4848 4040 6085 4697 2920 1702 5448 5071 5386 6503 7498 8479 4611 3456 1819 2936 7293 2227 833 6803 411 6260 2803 2372 70 8399 879 8654 341 7503 1296 7561 3857 8479 8722 4387 1974 7998 7744 2762 9579 3857 6482 2977 5680 1791 8701 2774 1080 2076 4098 8430 2350 6341 3992 414 8116 4271 3390 1013 573 196 4033 5643 5855 2390 6597 3824 5994 6326 1798 1096 6723 6836 6962 4666 2092 3084 7250 2458 1964 376 265 8395 8067 348 6382 3617 4141 3535 3984 1730 7533
8815 4430 7564 836 6585 2352 1648 5247 5131 6996 2397 3327 1833 8360 9102 6617 9109 728 8274 7305 621 2774 8761 3809 2415 3918 5757 4161 3551 9314 3531 3176 2200 401 2822 6712 7122 9246 7685 7783 4548 7493 5465 585 6089 1804 2104 4786 1508 8769 1063 2258 3280 8711 8499 7902 7457 5104 6206 5553 2980 3368 5515 3091 681 6017 8835 4258 1607 8180 7527 5291 2196 9492 8156 1318 1361 4638 2130 8634 7498 1596 7309 1423 4044 4169 4521 7768 3088 9338 4469 5428 5492 7616 525 4502 2851 2133
7501 4067 8243 4492 8997 98 6962 3640 9530 1691 952 3217 3483 4010 5348 658 8190 5918 6853 2167 3394 8637 3269 2215 7522 1646 2518 4098 4291 395 5230 1018 3280 5956 5383 7408 1286 7620 8015 5571 8890 142 3038 6976 3148 2087 7711 8568 7977 1760 2401 5672 5748 2951 3276 6935 3627 833 1413 7388 1489 3774 3003 4277 1754 7706 8041 7566 890 1032 5743 1187 958 6749 3098 2532 2377 1990 5113 7629 5743 4287 9230 8392 3044 9226 3669 5849 8165 777 7068 6615 6775 5209 7144 1164 5861 3530
3946 2226 9312 9511 3394 1174 648 3916 5981 3254 9162 8344 7438 2745 3865 3404 4760 6532 7051 384 7831 3128 5896 1291 408 3655 20 2632 3853 9597 2906 7987 9321 6093 5741 5620 1079 7885 6835 2377 5538 5590 6409 702 848 1951 3797 6719 8106 1787 5349 1351 5085 2637 1488 5498 15 8917 5861 8256 5956 2272 6294 2073 8777 250 1391 2161 5246 9130 8153 414 1877 8890 2413 6642 8009 6885 1133 1758 135 6774 2636 4106 320 2762 1775 8717 6154 439 4227 1856 2405 5014 8945 3998 9006 6294
2330 7399 841 7506 4532 315 5389 7408 2089 9185 848 3122 6544 9368 4252 2564 7822 3000 8690 8337 3093 7995 3973 367 3443 3346 7505 4103 4442 3940 9506 2758 1350 8466 4056 4358 4226 4083 3624 815 7564 7892 1968 7068 7238 3944 8971 9286 4368 4250 1201 9038 7746 3773 5731 3506 7237 1285 9197 8438 1780 488 3766 3976 2057 5967 1682 2336 1365 5717 916 8228 3542 952 4529 2224 8946 8672 4767 8099 7311 8020 3548 4237 728 2086 386 7768 4673 7314 2485 6799 6647 2828 7043 9103 992 298
4313 3741 9456 843 9347 3671 9006 1626 3961 2567 8333 6434 6429 6783 4146 462 1033 2168 8203 2771 174 3931 593 1386 3658 9230 5785 3103 3900 2217 2885 4258 9105 1323 3336 6740 6124 2646 359 4207 940 7146 8836 3573 2203 5786 7188 2507 678 5298 9039 236 2114 4129 4546 3080 5391 9161 4661 4862 9387 6626 3711 4689 475 7233 3012 641 9079 7769 2652 6749 6151 4061 2734 935 4926 6022 2186 4950 1751 195 854 3274 2424 9170 5056 3892 528 5732 9271 8190 4955 6150 7355 8025 3308 6284
5532 8046 8220 5034 1866 5356 328 6718 4504 4474 9116 344 5793 2851 7387 2981 3639 6089 9244 2531 2100 7318 8930 1004 2630 5202 8516 98 1414 4627 2287 452 2367 7803 1878 8740 267 1979 792 2849 7904 305 4863 3251 5688 415 8734 2261 3042 7782 2692 931 4315 4603 7308 6715 3209 8579 2101 2925 2678 843 7737 1621 8278 326 7079 5320 3598 5095 7111 4630 6702 6720 9369 8070 8328 2797 6495 2070 7381 6520 3411 4244 8231 934 1820 1787 5544 3749 4513 6549 1696 8559 6919 1795 4442 4884
777 8924 7344 9495 8987 3509 5415 5220 8616 4386 5971 8881 3589 7347 7908 9416 9226 7117 3957 1344 2280 4799 313 2785 4806 4480 9560 3842 3996 4164 8503 3660 3416 8379 6718 4429 5959 1526 7743 3086 8760 4305 5611 2071 3766 169 971 2928 2017 6805 8393 5723 924 512 7412 2536 9453 1260 6786 1752 4707 1221 4813 4940 4485 2668 6619 1888 9303 6565 6422 3099 3675 8034 6193 1959 2650 6534 2544 5464 4606 681 1373 939 161 6833 6829 6690 2976 397 7681 3 2345 5076 8147 7868 3891 4437
7040 2791 6275 3460 5884 828 3415 5640 2742 9016 7163 3165 4955 3768 647 3251 7915 2095 8349 7939 5861 8045 1626 722 2204 4862 2225 4217 1381 2234 3806 52 5690 1078 2193 5800 2661 2208 4895 9114 8581 3921 3588 307 1074 7194 5299 9241 3829 6202 8603 4751 4628 521 6895 3431 6997 5303 9495 4595 7737 3033 1691 7147 7385 696 9209 5023 2323 5401 6180 4598 1011 6143 7642 4021 2672 3463 392 8460 5396 5948 814 5207 6012 4818 5260 700 3537 717 8827 5076 6412 8547 8042 2366 7001 107
7100 7471 9258 8956 6954 103 6533 9541 6873 7532 830 5169 3835 5786 9276 7430 8280 7257 8002 8822 8444 2876 3202 2808 2473 5927 2566 7871 2138 1919 7026 3537 3173 1751 7767 4236 7215 7572 7512 4942 6045 5416 269 6318 949 3661 6220 8091 3030 2488 3564 5102 3786 5854 6231 5985 4446 5482 7349 1963 6420 7687 4456 1970 4911 8962 7141 8772 5459 7711 6330 710 2331 8020 3170 4185 4770 3940 2316 1346 1307 2478 7695 1252 5368 265 8684 2899 7303 5241 9355 4739 6191 603 3343 1766 7495 5550
2407 7116 5316 8662 9388 2797 6071 840 1617 8096 5011 1338 7327 231 6108 6628 5871 2592 888 2312 3743 5083 8978 6702 9427 7958 198 7666 3067 2005 4946 6146 1089 6333 380 9566 3722 9547 1734 4969 3005 7788 3948 5738 2851 17 902 7224 4334 3725 8116 1915 465 5840 5879 9529 7044 3382 9246 813 1396 7805 134 5531 8652 8808 241 7548 8497 4228 7692 8747 2109 9465 5803 8825 8654 5575 2576 5222 317 7475 4902 3760 6124 8632 8526 8682 2223 2788 5586 544 7180 1234 8849 9511 7337 577
7418 6308 3595 8355 8039 4331 7272 5036 8895 4856 3634 103 8468 4305 3613 7329 483 621 5556 1643 6055 3730 7422 7131 213 1780 398 5125 4245 2127 140 3294 924 343 4224 7601 8633 3636 3339 5186 2125 5793 6769 8653 6433 3831 6922 8163 5331 2377 7347 627 2348 4917 7321 36 199 8578 7705 2967 8440 7090 318 4787 260 4512 7669 3127 8905 8177 1727 3149 976 1668 3960 2851 3044 3760 3414 7489 9383 1037 7330 5962 2961 4022 8228 8110 3684 317 1731 1869 6531 3980 209 5528 6393 8145
8691 4100 7184 4577 1869 6246 6672 174 5855 613 1548 2522 330 2905 3477 3759 6412 1080 1965 6131 2054 7522 8227 9171 3448 4048 7215 5919 2778 7858 7834 3723 7354 2854 3984 7546 3504 1960 4857 1982 1419 8022 8086 6446 3717 9108 3928 4889 1372 2494 4645 3420 6929 8733 5036 3107 4100 6870 819 3586 6694 1507 3043 9520 6303 8501 8935 3054 1093 5578 9595 5684 8009 3172 2514 9443 2013 8795 4619 9229 7197 5532 8201 69 4488 2290 6983 7387 3421 2844 7122 7441 6344 3969 1900 5015 98 9327
2091 4386 8223 6188 3612 2716 6578 667 1795 123 1042 3715 7719 2040 8136 4318 4174 1024 4570 9495 8601 6295 2219 6868 8361 3402 6155 6951 5191 3873 9235 8939 2858 2204 1405 8241 928 92 2693 6174 6585 3908 5906 7558 1857 4565 6963 7794 610 8440 6360 3226 5818 5526 2202 4949 7087 7587 1968 5679 3091 6984 8899 3510 6554 7877 165 3238 8413 6142 6604 7984 3652 344 3483 2272 5045 1678 4386 3928 9227 1123 8511 5607 8054 8935 3827 841 3328 663 1357 7369 2392 85 1322 6321 3904 2936
3965 1331 5867 3845 7729 8070 2576 4525 904 9492 3101 4883 754 1692 3214 8240 5049 5907 1225 5232 4599 5370 9347 2611 4204 2724 2206 1879 4773 4609 8001 2774 9002 8561 7476 7193 1736 4622 4097 4549 8863 2873 8249 3903 2269 7315 1403 3991 1810 8431 3284 435 7431 2540 6749 1350 6749 1365 6288 8317 6462 7368 982 829 7583 8557 2455 658 3873 7114 4774 6025 1693 680 2484 4307 4575 4951 1033 3641 7708 5397 2728 7000 7878 661 2113 9352 7821 5674 3529 5611 7460 581 7263 1116 7010 2526
29 6858 8337 3954 7353 8737 1636 4752 4449 4352 5008 919 9315 2827 3380 2974 5897 6122 2843 5309 4616 2296 2633 6555 9273 5680 2420 6365 4735 1416 3992 4575 625 436 3964 2065 282 1997 325 6415 5009 2451 9179 471 1563 2993 5365 9544 6605 3000 4278 1390 5183 8285 3053 8896 9402 5688 8430 7613 2128 4850 9561 8697 414 5801 2460 5638 5537 8106 901 1680 8034 5419 4508 9012 8858 16 5119 9119 7280 3249 1124 5341 3338 7419 7612 463 6874 7936 8788 6951 5055 8009 2386 5385 2447 6917
9034 8194 5731 3712 3069 6186 7117 9239 8913 1494 9439 7995 8607 2459 3129 7753 7932 102 6451 91 9011 1472 5708 6426 5273 5866 3546 3670 772 6131 8047 4482 897 2272 4864 2941 3174 3031 5058 7413 2368 6866 1437 3490 1237 8758 5579 2382 3359 6443 5281 3475 9495 3770 7284 3283 5872 790 8455 7170 5885 6881 5343 3767 2559 8397 6960 5828 7279 2599 6954 7882 7600 4706 1325 9191 3052 2547 2458 5 9153 4013 3073 8705 7066 5565 2453 458 7459 2708 7419 85 4024 2985 7188 774 2652 6401
969 9462 3228 5350 3384 3862 1610 5680 6228 2090 9277 9350 4319 5017 8060 9291 386 9513 7257 1610 7843 8741 5726 472 2241 2530 3973 1031 1832 9354 3559 5035 7710 7001 2622 2266 2193 3333 3522 713 6026 5942 7554 2749 9354 4057 8292 7694 2622 3791 766 617 6314 8670 1717 4204 7680 1546 7438 5237 5875 2845 5651 9233 3007 5451 3575 8550 7756 6353 7394 4747 1729 6949 9468 7865 4584 6702 9526 1918 9437 8079 7225 7702 444 1499 3828 8229 9481 4776 8165 4357 948 7515 1196 5435 4782 7163
276 8154 3550 1173 6801 5313 7906 3296 7103 1521 786 7919 2608 7114 612 2584 2275 9340 6779 8713 3067 5337 4212 2596 7767 8625 358 7428 3959 1361 2151 8304 6805 4680 9323 1494 5887 3700 1821 2960 67 1790 2170 1645 6791 9263 8955 4247 7477 6317 7884 4717 4696 6944 1045 6150 2758 779 7195 2280 344 1350 4746 4924 1795 2822 4993 3642 2190 3826 2042 4344 6787 1839 5744 1794 3497 7179 5649 1004 8008 1933 4884 650 8893 2839 8898 3473 3564 4170 4148 4404 2865 4230 2241 792 3189 6825
2496 7521 4654 8826 1856 6691 6695 7303 5815 412 5218 1730 8246 7604 808 1844 7578 2407 7780 4065 5541 8223 1015 5654 6057 947 517 8955 7998 7015 6621 1212 6096 610 7485 4660 2264 5211 1423 3149 7735 4063 3305 174 107 9138 582 1129 7273 2371 4031 6538 977 1187 7236 5327 9246 1909 7359 2405 5593 4453 3349 4831 9587 8402 9508 7115 2200 6695 5051 7005 7129 1206 2502 1278 2789 5664 4245 5221 925 7555 2788 4898 459 84 8326 1834 1934 1351 4210 4917 7249 4755 5605 5825 2312 3179
4778 975 228 3849 7382 2622 4509 8546 390 113 1712 7914 4087 5958 8371 6739 9340 8616 3840 918 1042 3426 1666 3145 7921 4745 4036 4033 2481 7504 3153 8066 3195 2729 5385 5213 4640 2157 34 8587 5406 9257 1337 5601 6341 7325 5059 1411 5271 8084 1227 231 1907 2316 6630 7636 3273 6367 9299 2391 4829 8177 6831 2815 8190 9439 134 2219 537 6626 6444 7622 2437 4904 183 4187 3953 2048 5804 3186 5527 9245 2793 2274 7129 8660 1269 2462 8180 1590 2751 9421 8887 7135 4040 5305 2021 5621
4964 1751 899 3287 3876 1400 2144 2923 554 8353 2909 6156 6927 2929 4900 5332 5681 4471 2292 525 3079 1912 5401 1531 1672 1379 2558 5148 28 8745 6926 4825 1271 137 3519 3905 714 1611 2039 3350 8127 2132 3738 7008 5244 5598 4135 6390 8816 5678 5967 927 6809 8491 4812 9247 6589 191 5717 8251 6467 4069 3244 668 9008 4588 8559 368 8616 283 742 5245 395 8624 1012 3653 8453 8878 1409 4102 2972 8273 5704 8786 3698 7995 7071 7681 4343 4276 2591 155 4604 1459 8935 2311 8299 5727
6854 1443 3959 2976 9120 7197 3710 5392 8627 3853 3528 7531 1487 467 7672 238 6823 5942 1215 6627 8825 6038 2229 8289 3203 8230 860 5990 7163 9164 6960 2167 8596 6773 9086 8755 1522 1264 140 2383 8650 4357 8673 4318 4534 1941 4863 706 6608 4875 1741 643 1123 6289 3999 5472 4160 2793 3584 4905 1702 5980 6277 4785 7008 230 9514 4058 4966 3477 3951 6093 668 1811 3660 2986 2833 3909 8887 8857 2632 7897 1006 5095 2257 8053 385 8663 6904 4717 2204 6949 43 2001 7428 4878 1569 2120
7484 9077 4544 8489 71 56 445 6317 5183 3075 5904 3039 4127 4832 8651 9435 6176 1622 8778 3748 5693 1 2946 4879 339 2384 3101 8388 5296 9202 7746 7948 7287 6975 8602 2936 6283 3525 6111 8919 8075 1196 5242 1971 402 6851 3414 8959 5076 3379 7650 9007 8049 2668 2100 7831 1457 501 5684 9211 5455 2841 8643 6859 8518 1067 4411 937 6723 7147 2152 3365 7355 3205 7158 9061 9136 5614 4453 4127 3054 5419 2537 6890 9062 7883 2499 4589 4473 6067 3779 8152 3416 9441 7910 2663 3889 1074
8357 5572 5676 4944 7566 830 6591 8315 2273 8952 4951 7459 8333 8317 8894 8310 8248 7849 8901 2600 3807 7505 1660 6327 6943 2879 8704 5743 7510 1671 5447 7314 3640 1343 8633 5145 9082 2959 6764 6642 8562 5849 4299 3047 7613 4275 4172 2676 5796 6216 3114 1480 6226 9061 1764 7500 1440 6496 4173 1978 8987 1694 6297 9297 9564 6037 8068 6634 7689 5135 4680 1813 4896 1101 8388 3252 289 6435 6377 2143 2656 6019 8171 2724 6910 9551 1318 95 6394 8493 4062 448 7266 7485 1883 5504 4993 2717
5399 1437 2618 9049 4922 32 4442 3725 2550 6312 3624 4218 7513 8567 7079 7255 3668 1714 7635 6142 2184 5806 538 803 1405 2928 2160 4806 370 8590 4036 6536 5572 1790 6259 1125 966 8205 871 6131 7486 5906 517 1055 2407 7374 5237 953 803 4846 6802 8737 2338 8200 7401 5242 132 5200 3735 6655 9157 4958 6780 240 7462 6867 7715 2738 1218 8946 1140 4108 5457 4117 1090 2993 719 1957 8627 1489 4953 6561 2976 8207 827 9309 4178 3055 4062 6259 6922 1742 1513 2450 645 4543 2582 5194
6958 8201 9468 6685 7902 8841 3697 5320 4198 2132 6155 8382 1370 3265 6246 8374 3659 7998 1049 9129 1267 2023 7012 6492 5125 5889 3847 1154 5694 418 1955 7524 2282 8188 4096 5338 2455 7041 86 6913 6342 4991 6616 3655 325 8775 1005 4156 7366 1956 7003 1770 2920 6510 5529 1451 6930 7522 4802 6549 696 4517 8532 773 5947 7892 7518 4167 3864 8029 8538 4865 2593 2370 5732 6583 5135 7233 5188 5036 3945 4112 6249 2277 6082 2968 401 1231 8367 2160 6164 3025 4079 8231 6754 6485 4951 7701
6889 6974 4943 6952 1557 4965 3502 3544 7455 6018 209 9381 3357 3386 8897 4241 7499 2341 2658 6028 3942 1346 6903 1214 1636 7574 2565 6540 6201 627 6045 8680 8160 3302 7596 8915 7496 2685 6528 7644 5152 8807 8483 3492 5328 3317 3359 6058 6248 529 1502 778 4467 961 3484 22 544 8479 4297 7333 7199 4305 4844 7823 6005 8829 6614 7901 1316 6497 1665 9070 4174 6286 4726 4636 7705 1140 6075 9316 3980 4808 7900 1716 7493 8727 2541 5269 6080 9463 4415 7706 8550 6177 1144 2135 5428 5440
813 8154 1893 4333 2038 4507 4880 5792 8071 9124 5344 9576 2089 8766 9589 5088 2299 5789 2687 6130 491 3958 7199 2620 7155 2974 2274 2768 271 2754 2503 5340 2362 259 4352 1796 1111 4219 5122 3855 9443 6890 7055 27 2968 8527 6574 6653 8368 6304 4886 7938 1034 8411 8680 6180 2266 5626 4308 3393 1829 6689 3403 3904 8755 9581 7365 3335 6313 8291 256 8603 5808 6361 4423 3753 6206 6782 4541 5402 8705 7522 6536 7966 7544 2221 945 7619 3758 7505 4818 5387 5719 1079 5308 8953 7551 2739
3891 6715 3190 7339 7729 5949 7499 6846 2030 5906 1989 7813 4789 4007 7898 3799 8668 7721 3580 4839 159 7653 506 111 3795 1645 7438 9106 4142 3592 3970 534 7383 7239 8518 859 80 3422 2645 7110 6516 7484 4927 128 8197 1955 4641 6040 5083 7715 7650 3701 5460 237 8967 525 164 5662 2387 3941 4002 8710 9162 7686 6649 2034 6559 83 3660 4682 6274 4199 2029 7588 921 1086 7293 1289 4140 2553 8417 1895 6650 4614 659 108 34 9018 5871 5464 5081 6978 1352 3064 5701 6629 1457 273
4314 3211 6015 8200 1820 6493 6440 866 321 3227 5620 3556 5390 771 4008 7000 1549 2389 3403 2265 6533 8657 2060 7650 8328 2616 5062 6485 2166 9238 5132 8654 8165 1125 873 1578 6690 3631 9152 1295 5671 7240 7414 4493 8531 155 4707 3852 1410 4690 1173 5933 9104 7790 5771 1764 8407 3401 4720 6545 1105 9312 7994 3203 4353 7363 5554 4072 311 1257 3844 3798 965 772 7359 3125 1295 5015 1875 8609 3910 6302 2683 3154 9362 59 7344 9077 7628 7527 3618 9190 161 8024 7559 8280 462 4431
9266 6749 4742 891 6768 669 8583 8651 3973 558 1172 7641 6658 6380 8639 1040 4300 9364 1785 6738 9193 8842 5903 7074 3647 4842 3140 6453 9212 3662 5660 5061 4198 7394 3148 9472 5619 8269 579 5231 7103 9574 5387 5629 7151 5901 3905 938 6682 3657 2356 171 2215 1018 7110 893 4545 2155 5519 7983 4710 7686 6786 3277 8729 1291 8822 3141 8053 3131 1819 3754 2053 1808 3750 3581 8845 1385 9234 4640 8921 4125 1317 4625 6914 9368 7879 670 1789 9285 7132 9225 8776 925 144 6887 8735 4574
6988 3328 6952 4318 5202 8741 7487 3206 5720 7688 6331 2816 1167 6352 3477 1434 3142 5433 9457 6644 5979 1428 2276 6330 6892 6793 5170 445 5131 6114 5894 3203 4667 5312 3998 9133 9018 2718 9120 2847 1503 49 1999 8113 4518 824 3068 1210 215 1869 5502 8890 6821 3508 2674 3723 254 398 6491 4746 6621 5549 4649 909 6585 3097 7881 2890 8437 1513 8412 2148 7024 5127 1641 89 3365 1263 5769 2613 5140 4057 4314 7624 8727 938 6465 2774 9219 7677 9148 7456 8984 7512 8993 3509 6494 6860
3806 5243 4938 6647 8187 6973 3672 4441 3019 8060 2278 1394 3391 278 6023 1870 3881 8751 3610 5470 8983 5598 1111 8831 435 7191 815 5689 812 4365 6653 6344 1382 7096 6911 1422 3691 3262 4992 982 6727 8218 7560 3265 1393 8310 7280 6944 6720 893 1724 7288 8040 875 3126 7844 9050 4951 2257 1469 2303 2299 4643 2417 3113 4689 2198 8374 8193 1880 5565 723 4221 2265 1759 771 4011 4331 4488 4794 5510 5685 3418 1074 3613 8899 5080 8953 7434 1443 7135 1979 7650 8758 192 5759 3018 7378
6855 2332 7825 2543 893 2509 8512 2271 2064 4311 429 3071 5967 4765 7639 8422 6978 4484 676 5230 1035 1985 9485 3532 7922 6254 7268 5631 8519 4128 6620 8084 475 6070 3198 5541 3839 3747 4792 4155 8514 7157 5308 3564 5738 1576 5320 8223 5410 9189 177 1813 4511 6225 8927 7101 7645 9199 1013 2779 4412 2304 8709 7551 502 8548 7250 9199 7428 1218 402 3278 4449 1737 1947 6469 8174 6628 5313 289 5047 5038 1216 5821 9174 1694 2010 6114 1577 5222 1770 3832 8853 785 3598 7247 4745 5168
8248 3492 7568 1709 6714 4741 8370 2874 2492 4701 4005 2886 3890 3001 6268 7945 9314 2818 8068 8330 5378 1568 478 7727 3975 6034 8371 4313 2966 3140 8035 3984 860 2203 473 4168 5906 8343 6874 2779 3454 8132 3626 39 988 737 5753 8367 3849 4047 6508 5963 3337 2886 5698 55 7325 7181 1489 3518 8489 8388 1389 8643 7781 8393 4212 1351 8888 2739 1833 3951 8391 8784 3732 3918 2888 9348 2177 327 2468 5254 2498 2472 9266 6108 7076 5515 239 6860 2571 75 3415 5932 5542 3608 1858 5647
4944 3152 5848 9588 1154 9260 3019 6118 4360 3908 9077 2243 5433 7464 4147 5570 1516 9115 9127 6789 4459 759 8632 3112 7626 6285 1732 6960 3271 5991 5384 9253 6796 4834 9244 5175 3995 9262 9519 6620 6302 3518 7915 3090 499 270 3200 6037 856 7640 8408 4520 4951 3863 1442 9171 4101 2314 8078 4847 2017 7009 1234 3841 8619 9431 7724 463 3791 3558 43 5240 1533 6322 5374 4514 6526 7599 1660 4655 9519 6785 3450 1092 5506 6387 3114 1866 643 7214 9070 6500 1065 3201 6471 3856 1474 9278
4541 9321 6109 3545 8290 78 2038 1301 6059 6563 6878 8399 5638 9300 2648 3290 5020 7115 9092 5897 9396 5551 3772 8387 7842 7777 4520 6605 1283 6747 3688 4177 6445 4420 733 1262 3444 8015 1724 1509 1568 4605 1394 8899 1787 706 6329 5133 7495 504 970 5048 7493 5790 5897 3505 3373 7812 3480 4463 3150 4875 7595 3847 6927 8347 4043 3758 564 5803 7836 148 3893 277 4176 4708 6737 2139 1129 7760 7531 2357 3859 582 4247 3065 4314 7625 494 5318 7017 642 7795 4083 7704 8411 3263 4576
6231 9324 2150 7147 1678 5740 2410 3380 2116 4484 7745 453 7863 3559 3449 132 7741 7633 1948 7935 5714 7697 2553 9298 5922 4343 5114 245 9054 9426 3309 8959 5259 112 7435 529 7788 6913 9194 5657 1679 3944 1077 310 861 1742 7192 1900 11 2407 6798 4018 3772 4875 9488 5825 583 1177 8928 678 2126 9036 635 9076 6612 8238 4716 3577 8954 1908 5562 6527 3809 3209 6655 157 4501 300 9577 2824 2847 6467 224 7727 6845 8015 7854 4599 3690 52 7465 7383 9171 6597 9357 8442 4041 2536
8905 7329 9218 6954 6028 5344 9091 3437 18 8735 2686 4140 6391 12 6629 8584 9118 8175 1134 9090 3704 8147 5603 6814 2262 2850 8109 5781 7171 8991 1599 184 9559 2582 1174 3666 2280 5367 7090 8629 8839 378 3326 4963 5777 881 5988 4242 7238 1383 2078 2980 8244 7388 2949 6445 4327 2734 2489 3081 3614 882 7030 716 8762 5756 5777 4317 793 6003 8000 175 4591 928 8671 125 5299 9043 2448 1857 2599 7332 3461 1676 3291 9199 2956 3385 2631 1863 1518 3665 741 3758 7565 4087 8933 4397
2203 2221 469 879 1500 1446 6276 8102 5326 8929 8487 1506 9106 5390 3741 7593 7042 3694 889 1849 3315 8898 3123 5487 1806 8095 1599 2499 7110 2583 2462 2366 3535 1274 4356 1275 6168 5590 1621 6232 4418 6191 8519 6222 6426 5620 1886 827 219 5163 4573 9551 7223 2957 2814 8127 1029 1978 7017 3512 6488 8477 2490 1065 3251 422 9279 920 6379 3294 5916 4170 9574 1532 2983 8338 5416 948 3741 7988 5099 4391 5284 2212 1427 7325 9258 6494 6105 6018 1806 7134 1413 5158 1142 5584 334 1127
6075 142 9585 541 203 8892 3311 7276 457 6230 2047 4535 4338 1666 8990 8847 4852 813 6905 1408 8238 3568 1269 4962 2717 154 3173 7542 3428 600 2804 1580 3551 9068 3890 7412 9321 4813 1934 1927 4001 3331 5614 5738 7705 3948 1761 8591 7729 3737 3012 2952 2458 5540 9573 122 125 4873 7798 4107 7241 6907 7924 3504 1554 2401 562 9021 3902 9038 7623 7751 1419 8224 5451 3437 64 618 1921 1870 8758 3364 4862 5628 3191 1538 7966 5569 2898 5018 3546 3207 808 8415 3275 8111 5373 8356
8927 4218 2867 6205 7980 817 340 1924 5907 2246 5131 7452 5949 8270 9424 2515 9139 4956 2382 3910 4937 1695 7268 8301 2932 436 6405 8829 1303 7299 5464 4789 4060 6765 5961 7713 5806 5191 3967 2099 1465 2266 5883 9232 8926 4049 8711 422 2092 5418 1534 1827 4849 9063 8889 6675 7348 3394 1296 6031 1499 2208 9241 6215 9048 9584 6414 5426 7969 596 9326 678 5391 1459 3386 5747 1196 2279 2237 5567 6843 5450 3034 6621 1870 110 339 4213 2989 8850 7270 8506 4913 2985 7409 4866 8759 3250
2962 1216 7852 527 8071 3888 6163 8383 6281 1152 2984 2272 2268 3471 2276 4403 778 2386 2893 2227 1772 9289 2416 5740 2850 1299 3517 7758 7445 9411 1813 5342 8478 6931 2943 5734 2942 4847 5779 9233 2735 5233 9350 6088 1302 103 2100 5044 5475 5416 4969 6303 3433 8512 4106 728 8811 4911 358 4882 296 7556 7037 4516 1847 2079 6793 2749 8320 5682 4657 4407 5148 8650 302 7867 7428 2983 6412 2414 5284 3492 9407 4827 3334 8752 3003 8725 7079 3892 4404 4353 8673 3904 7851 7829 1052 6939
4883 7649 7838 5066 7961 8891 8855 2016 7401 8450 5365 9595 1932 5516 5352 3619 1251 67 1155 564 8811 1219 6424 1814 3676 35 2511 3551 1226 4485 951 6342 1197 8025 2957 422 1415 5032 3195 2544 323 9383 4009 5653 5722 8977 6478 6109 1749 6221 6892 2443 5876 1033 2322 4963 4955 7949 5022 2473 8105 20 967 2376 295 5222 2374 9446 950 2422 7111 8820 6623 4363 1848 6144 3360 9118 233 8709 5073 6656 2688 553 6323 2071 5264 1920 4147 5689 2277 4174 1036 2789 8367 2094 65 8363
1030 9240 4688 7821 4386 4018 3648 1602 3465 3881 3703 4874 2983 3319 6593 615 8634 987 3394 7297 2536 4283 8915 9540 7285 7901 6069 8539 6387 775 8556 6225 9094 5661 7605 1974 136 5015 8588 1583 8901 7146 4519 9309 4905 6308 1275 48 5541 6121 8117 8867 5486 4253 3 976 535 7540 6876 5056 9179 4620 4181 6325 1425 6029 6918 484 6558 7431 7541 9401 4289 5502 2517 8882 7244 7887 2835 6216 6405 2490 5974 6744 883 778 6817 8154 6590 8232 6313 9309 6504 8367 9121 4837 7894 2160
1787 4711 2931 3604 5670 7276 285 1749 7084 4050 401 1564 4493 4616 1826 688 4145 4671 7818 6282 8583 3955 2602 6967 7240 3130 3301 6922 2185 2916 5949 3034 3036 4285 1211 3937 9569 6439 6329 8687 584 4098 294 6894 936 761 8271 1664 6640 2611 6145 5521 4162 2983 1348 4054 5082 5967 7044 3711 9084 8245 8028 1806 3109 7357 1072 6032 1435 1627 4976 140 6969 802 1779 8738 3789 2513 3269 8393 4099 3621 160 4485 4184 275 6373 4737 4443 7091 3760 820 9484 2625 379 5344 7875 7156
7373 8345 5542 68 3134 2756 3936 1071 8404 8532 6414 2532 5782 2791 4381 2092 8318 472 1064 6211 2163 6901 7412 3294 6338 862 4208 4322 7825 1429 2581 3369 5593 6845 429 4874 7129 7288 7360 3181 8745 5486 9227 2325 7475 6406 6969 7472 7720 9333 8264 7564 9522 8720 3089 1238 8079 3919 1734 8830 6969 6923 2022 8288 4156 3117 6877 8243 7300 5760 5322 6484 3840 5652 7451 7475 7376 9295 414 97 4427 1235 2523 6039 28 3194 1280 916 7871 6667 1167 6100 4668 6864 3325 6914 9466 8831
8823 6632 3005 6262 1340 5069 5900 2225 5678 7324 4395 6461 5516 8544 7994 3864 7708 235 9601 1083 2310 1061 6301 819 8759 546 1707 7029 7744 6303 1099 7791 5034 8052 1637 1017 5199 8091 7583 4247 355 8568 4893 8132 870 2361 4955 2366 351 8793 326 7560 5266 9237 6457 6844 5031 4326 6856 9604 7177 2347 3772 4793 4274 8371 3551 3141 2176 9361 7970 6889 7429 7811 982 7241 3551 5596 7454 4063 8707 595 3382 4441 3737 3094 2637 8409 4975 3851 4686 5405 6947 7635 5826 8949 5430 7353
2634 7656 5224 4917 117 6718 8411 1488 4453 2157 4302 1282 642 6922 4507 3406 2283 8235 8055 583 692 452 128 2764 8041 633 5328 8050 2614 3615 1846 7999 5738 656 6702 8922 8353 5323 6171 4260 3800 7005 6842 7720 3260 7055 4037 6492 6353 5508 8725 4352 4438 7281 3513 5094 4779 1406 4733 6006 6770 7414 1699 5334 1849 7902 55 981 7741 9228 5717 8385 6605 7430 9076 7234 555 1712 8551 6229 4886 7697 5920 3369 2664 5201 3022 5918 5721 8498 3490 2837 33 1627 1612 793 2357 1390
3725 8878 4313 6341 1128 7854 4827 1972 6430 9155 1262 7976 1500 6888 9030 4230 4968 4267 399 4635 1567 4921 1152 5164 5299 6478 8888 2619 2622 3788 1983 8389 409 6673 5478 415 6714 2525 3884 3974 4815 5490 2904 6301 6250 3151 1293 7012 1503 1078 3539 1702 2607 1493 278 4458 4729 6076 836 6990 7729 7963 5889 5230 6733 1108 1149 4402 5220 5704 5387 5593 7359 5143 5272 8826 1199 7181 9022 8828 2276 6615 1585 1289 5324 9323 4983 3265 460 4290 6694 4896 6625 6866 6944 95 1534 9225
5387 8383 7372 9311 4157 7210 2504 3923 8363 4966 8753 4434 5520 8580 5032 3498 7457 3164 2687 7468 6728 3211 3227 1611 2634 7296 7214 9394 2044 1875 8252 2497 5526 6640 8047 1532 6363 321 7876 7333 2633 5676 1446 5329 1592 3919 4430 2273 2571 4338 6109 3222 8442 5032 7274 2144 449 8847 2873 4561 8552 3493 7517 3859 9337 7441 4496 9213 3116 3926 4630 5061 2798 6349 1998 78 5583 7724 1372 362 1921 4546 2259 3788 1331 7778 4612 8231 9543 3689 7004 3695 6916 2111 6263 7660 1386 7477
7755 5273 596 3852 5430 5967 190 880 3483 483 4955 2644 6508 6942 7054 3967 7163 1778 4724 2854 1247 3629 1400 8669 5339 5673 4823 5120 1487 5664 6646 6812 5778 569 9036 4382 617 5667 315 393 6076 6992 6063 6975 8360 8470 6863 9376 4635 3128 4956 6508 7420 2224 385 8384 8308 7090 5745 6323 6496 365 8691 3420 891 3292 1341 6570 9437 8951 5431 1980 8932 9373 3912 2831 2089 5500 6267 4003 4250 480 6155 7212 4225 5060 2310 3125 4086 6287 1512 1688 3095 4157 348 7172 9039 6111
490 7803 9444 6182 1328 303 7182 4909 4439 546 5536 2425 7036 8102 2028 8707 8259 7351 4005 2629 8105 8068 8947 7186 2727 1117 9529 4935 5279 6658 7600 4234 8051 3363 9006 1345 8807 3126 4405 2106 4967 1891 9183 3017 135 5467 8087 6194 4388 4035 9251 8171 3355 4852 523 8647 8095 2857 4202 8480 250 8829 3013 8219 5841 5267 8031 2261 583 5767 3263 817 329 5187 2196 1075 5483 7534 7955 2627 6916 5135 3061 5973 7361 6111 4588 3156 4167 9571 5942 8845 5323 5769 8975 7792 3989 9214
3666 6076 5583 7286 3813 3755 6062 6129 8052 5079 2541 91 3519 3635 8726 9130 71 3214 6457 3141 7154 5610 1081 2819 2275 8324 4661 1090 2912 2167 9417 8508 7625 7732 1151 6068 8397 1126 4301 1931 8126 2340 6812 8527 7583 6280 8926 1846 1183 4522 2636 9161 4608 7211 8729 898 3345 5999 416 85 1168 9372 7695 344 4238 3819 9134 6273 4038 3384 1840 597 2222 9397 5764 2101 1150 3860 2354 5918 1068 5609 2667 319 2134 3509 3331 1401 2733 2234 1522 3209 9205 9255 9013 4705 2466 6062
5464 6024 2920 441 1952 9272 4509 5099 1146 7263 9220 8192 3985 8636 8389 5736 8067 3330 6430 1168 6963 8868 7413 4862 3612 2611 8335 8229 5175 3940 6011 1528 4273 5418 4365 3428 7930 6790 3058 3485 5619 5344 8390 4453 1198 5668 8971 618 6043 2649 793 2124 2173 2885 2775 9186 5680 2610 5219 549 3479 8660 554 4417 6772 7088 3913 8717 1314 637 6552 2275 4979 8701 9112 6599 9460 9203 3922 9144 651 5655 8768 2625 547 2869 1029 8150 7285 874 5809 9192 4373 1235 5996 7927 8852 4898
4814 3247 7427 5323 7245 1691 5982 7551 9199 4126 5290 7478 8423 5216 3433 6683 8200 2579 8216 9408 8546 3160 2377 4097 1214 3793 1531 2406 9114 349 5343 5613 4723 1942 8587 4435 7255 8685 1316 5703 1633 7708 6734 2032 496 6605 1759 1354 6256 2026 4614 2021 1817 4595 3986 6000 9421 1545 9463 6824 1874 2966 2062 6935 9589 6818 8288 8283 4906 4372 758 6763 1783 5419 4548 8360 8352 3951 881 1105 7376 6898 1911 6190 4669 73 8745 2424 8801 6604 4730 1180 646 9116 6681 405 5425 3871
2409 4833 7269 569 8175 9150 842 7370 8917 2793 1566 7887 2681 5595 4750 7378 4774 8116 6538 6049 3168 1974 9241 8483 1922 8639 9036 9144 5806 4469 5854 2386 6928 5554 9481 2429 1125 8607 3502 1006 1143 911 7447 3387 3019 6540 5655 7614 3802 5359 3653 3114 9023 179 6175 1867 2911 1696 7474 2827 9256 5340 2137 4295 8150 9061 1772 5054 7892 7702 3476 8229 3009 4452 9369 7295 8134 6934 5947 1158 8125 8681 6050 3870 7523 721 5257 1521 946 6934 8361 8574 4564 5317 7630 6155 9200 426
1023 2896 9390 8319 8666 2641 4646 7508 8270 5813 1178 8625 4452 6009 5185 4013 1576 7959 7548 4439 9174 6481 8843 1407 7717 4423 7979 5984 4923 570 7652 6921 572 6030 8782 8311 6306 2379 6499 294 9549 8344 9443 1472 9046 417 7493 8680 5561 1054 5281 5209 8071 3591 1679 3367 6793 7818 3803 7353 2606 8469 2515 700 3004 2030 5263 1582 7243 7094 5637 7694 5769 5300 7379 1608 5796 752 9461 1652 58 1636 809 8972 8365 7867 4716 3674 9538 5033 1354 7076 5225 7082 6958 4065 824 2898
2260 8127 5210 2284 6556 7423 5742 4650 108 6523 1186 309 2518 615 4648 4845 2275 7190 4176 7098 4535 5077 5714 7137 649 2465 275 1120 4957 7237 3562 4725 9001 1702 3697 634 8570 4032 9036 2203 2334 9237 8603 8696 5977 4992 1914 5473 7834 7424 1496 7296 3822 4833 1501 1487 5089 7625 5241 1956 2936 7168 3872 6697 1444 2608 9533 8045 8978 1595 9456 4194 5796 8295 9519 27 4034 7514 1299 720 2902 8658 3396 5896 3806 170 6810 8390 4686 2173 3618 4530 4709 4324 2545 3120 4023 5102
3051 9326 9486 604 1498 3711 8172 1834 1840 6031 8197 7390 1027 9349 5528 1011 2039 67 8519 7509 2259 2737 1632 6259 1295 8163 7760 7797 3291 3871 2139 4394 4194 2558 3357 1329 4140 296 3141 868 2276 1325 8912 905 3391 9110 5809 3676 2331 8925 5151 6816 9261 263 6476 2225 1460 2748 3940 8295 6076 7505 2301 6356 6541 9150 3821 8667 7841 1314 5460 730 5917 1781 8898 628 1957 1066 8153 7665 4620 3133 9336 1735 3828 4145 5655 8166 7421 5127 7752 6803 8403 5853 9442 1732 1681 6120
6191 827 7412 5942 3868 7699 7302 4476 1612 3790 1133 3465 6323 7865 5318 2011 8045 2868 7597 351 1721 1203 9240 5383 7024 3971 5988 2755 7927 393 1928 3469 5349 8345 8065 2531 1253 8047 2444 1191 9168 1971 8123 3913 7148 8362 5771 2356 2433 302 411 34 2667 7521 2053 4522 7940 5509 1799 8736 885 1009 1543 2103 279 4478 5170 8743 4616 6227 6338 2665 6708 1379 8734 1378 7504 5347 7990 8042 2987 8593 1418 9448 8965 1789 2297 2878 2405 3063 6420 6341 4662 9312 6516 148 6098 5358
965 4701 4155 4206 5619 2536 3339 6963 3903 4306 9164 7286 7005 7589 1473 1304 6110 711 157 6984 1265 6881 7616 8716 6070 8687 5743 1745 6265 9370 2480 4599 8462 631 8639 1021 5661 3956 413 8750 852 4589 4408 2274 4355 7034 2926 9449 4667 1370 4775 8835 3428 1878 7847 4223 1183 8649 7441 1790 8279 2528 3301 348 9205 8742 3124 5484 4583 8839 5522 9397 4476 2360 148 2798 4202 2797 1715 9531 4710 4523 1252 6742 9535 3333 6281 4484 4694 29 2129 4776 1342 938 832 3389 92 7886
1515 2454 512 3435 2448 5676 203 8501 9458 3483 1541 2954 9583 4601 3141 3383 2299 6774 7424 9017 4667 4483 7494 8398 2549 2420 7649 521 7225 4032 7334 207 6545 625 5106 6149 8811 3071 5046 2854 6354 7518 8916 5741 9003 1534 5347 5977 8137 8620 1397 3831 5319 7437 4400 8311 3812 1696 2009 5652 8647 5952 3449 3468 8718 3204 8963 2759 5926 8470 7342 9501 3266 4488 1836 1802 1936 4687 5830 8047 4415 2651 8602 9262 1600 35 4121 803 2877 7237 8900 1630 440 6923 684 3306 5611 8362
7497 603 5118 1140 6420 6056 3205 2475 4675 6519 213 7190 4197 2053 4245 377 4660 890 4420 425 3195 8115 7286 2019 230 745 5556 3523 3892 7968 5916 6803 260 7682 765 5313 1298 3502 3263 477 7961 5243 8773 6127 4433 8758 9474 632 1956 2874 7839 2718 5672 9286 3830 8359 8064 3527 7717 2175 5924 7820 193 8572 1526 1319 2068 1332 2866 491 9292 9404 4150 4963 1729 9028 36 8125 3072 4027 2438 9012 2252 5446 4119 5620 435 8446 4582 8357 2742 2565 6035 841 4895 2301 2790 6485
7361 5209 1334 8383 7636 30 1740 8237 1925 4318 5827 144 4749 7553 2775 4697 973 8988 4776 8517 5869 6820 6673 3094 2877 21 1935 5877 6094 6232 6492 7171 2638 8022 261 414 2147 4042 7549 7118 1941 1498 2889 9020 746 6607 8093 5279 2456 3893 7747 2945 920 3590 2867 3435 7007 7822 3329 2068 9152 6141 7645 1499 6978 7468 8464 660 5324 3533 6079 4916 6620 3970 1762 2359 7492 9583 2673 1285 2390 1806 8478 3929 3779 6222 2171 8843 1232 4838 2738 1114 2219 1558 938 1299 9565 2081
6744 8183 3664 5773 8790 9234 3710 8542 2856 7324 9432 4145 5593 5186 3575 6657 1337 2330 925 1961 3472 393 2018 4660 1819 4905 8890 2911 4530 6374 7513 8456 2797 6257 3747 2440 9301 1188 7989 6316 6171 7347 5335 2243 3665 8857 6766 7147 4018 3723 2339 158 1816 5776 8878 5935 7758 5343 2218 254 1695 701 3631 8191 3084 8198 3468 3750 2130 8102 608 9098 8423 736 5966 1036 8526 5740 6585 3183 6693 5953 5272 1698 7633 2175 2813 21 4467 7468 3925 2570 3666 6921 6813 7892 6554 5861
1357 8280 7768 3296 2682 6132 7665 9016 556 7145 560 2388 6293 1596 2934 4313 8919 6054 588 5924 2886 5102 4469 6997 5280 3904 6321 8158 6487 220 9240 8532 5552 8903 6112 7727 4724 794 3570 7836 4729 726 3165 5519 7000 2061 4961 9117 4781 4124 9432 4754 2842 18 621 6860 1988 5582 2600 2792 8767 8406 3998 5275 8295 86 4652 6176 3423 4059 9471 2397 1687 4589 7737 760 3060 6526 4816 6150 6703 5059 4103 77 4776 4066 461 3559 2635 3606 4652 3793 4658 9543 3459 3564 4788 4275
3790 8918 4401 2221 3973 5535 5177 2153 8107 5175 8959 2033 9543 3971 8439 9042 7831 4174 8775 4440 9231 5624 2231 8171 9276 2086 8260 7091 4970 2647 2635 4463 7295 4266 7456 5626 3086 515 5944 3122 9538 5123 8020 799 4906 2068 3206 4914 4926 6607 2006 2205 4700 4359 6203 5880 6815 4053 8426 8048 5680 1657 7333 8346 758 2640 5186 8221 8329 9237 7009 4167 2079 1904 2171 2459 1314 3433 5306 7246 7014 6107 7943 9023 1494 6724 4937 9587 2960 6490 5274 8060 6099 7824 4431 8259 1016 341
948 9062 2149 7205 1528 329 1578 7497 3023 2821 1451 6143 1620 966 2298 5345 4661 2282 7189 4879 4686 1860 3812 2002 54 475 461 7603 4415 7996 8691 2453 2584 6366 746 9322 4781 1889 3928 6789 5702 9504 8190 78 6513 9068 6806 3776 5616 1620 2241 9494 8866 3657 8364 6727 7727 6513 4587 1641 9134 8519 8993 4446 7168 1870 5071 8016 5238 7652 6239 6932 8351 127 4512 6109 8685 5598 8608 4475 5801 7151 429 3678 9501 158 4944 5345 5018 4024 2291 8933 3846 639 7185 2621 7492 7453
4382 3263 9085 3193 3101 8188 767 5483 5554 8597 6861 3120 1175 9221 3862 1212 6965 2939 995 6927 3661 4314 3895 3935 8766 5407 7998 4136 4827 2802 8944 7901 3852 4790 5702 4343 4076 1097 1491 6522 4518 1462 8507 461 596 647 4213 6074 5429 8801 1092 8355 4556 2213 2504 2825 1457 6681 6185 8554 95 3707 5139 8800 8396 3987 2017 9586 4267 6306 9006 3740 4699 3865 72 4554 4915 278 4054 9253 1205 4175 3953 2569 3098 6729 44 9168 6657 9087 7900 870 2437 9224 7593 2612 2388 3271
8068 3722 5372 9199 3959 5776 8735 9386 4214 3312 8522 5662 1038 2164 8354 2826 8734 2361 2053 7979 7395 6662 2568 5359 448 3627 2531 5019 2600 5581 1008 1481 5883 5885 7714 4171 129 3588 3618 4805 2691 2550 5769 1121 8754 5655 3826 6531 2909 5815 1159 3912 5463 9312 6929 1580 3964 5989 3054 7507 5237 510 5877 6707 1256 8768 5405 5688 769 248 2803 314 1992 6708 837 1857 8040 5441 1488 5707 1793 5696 6849 881 5522 7692 6711 9170 3062 1088 2199 4309 9170 4 4843 1549 1216 8806
4706 2515 2086 7392 2142 8635 6521 5570 2683 9064 5099 5626 3893 9579 3734 926 4145 8450 153 7158 6625 6060 3108 2465 1878 6172 4125 6780 1473 2265 1571 8020 4964 5128 6899 6111 1084 5782 6449 3444 5752 8305 7900 2673 5644 7263 3793 6428 6001 9537 479 3112 4091 5135 8291 5027 571 7174 1640 7180 4239 7442 3179 5872 4899 9093 6794 4511 5180 1774 7837 8919 8146 5265 3528 9041 2924 936 7365 8924 5766 4621 9291 5799 7093 9140 9578 2749 9443 8151 8565 132 156 411 8478 4380 7105 3611
7570 4560 8701 8843 7537 261 1855 6132 4909 5122 2086 8779 4194 5298 2256 2616 5632 2442 8028 4388 362 7837 5570 2068 1756 9059 7472 6303 876 7877 5905 602 5744 7999 8207 4457 7300 3357 1141 4216 913 6182 9115 2297 8140 9367 1375 4876 198 7440 4761 130 1310 658 8688 1791 2383 972 1667 2463 5507 2368 1767 1081 7263 7797 8723 5005 2324 217 2537 2321 3744 8344 6597 1211 8667 5097 8450 3898 7089 4043 6140 5798 8762 9189 898 7172 2899 2177 6389 6137 127 3561 8669 2115 2174 1456
1568 6984 3150 684 433 9066 7389 8685 5087 6265 3041 3432 3297 3915 8494 9072 5213 9423 3826 5056 1716 1245 4330 3905 7098 2226 2697 8885 2766 1578 7432 4342 8153 761 1733 5350 5247 2753 5243 5451 8003 6643 7352 2231 1785 8208 3421 2135 397 9148 4246 1309 2196 2235 6924 4054 2006 2942 9151 1128 4484 9528 972 8899 5660 2986 9210 5039 5972 4117 5676 391 7202 5320 3406 5408 5987 8345 700 7743 157 1257 5613 6851 4903 5251 7614 7878 1245 2177 3841 7885 5269 1404 7026 9278 3062 6367
3640 7617 4737 3653 4372 6748 533 2177 1519 8768 3743 2703 1369 7905 3346 6175 8327 840 395 5011 855 4613 1910 3932 3948 4820 3022 5349 4990 1991 5155 2245 1885 3957 3582 5114 5925 2872 1353 2326 2816 3337 9447 1406 8920 4679 6140 2550 4319 8629 5760 8871 7135 9467 9015 3839 7870 2225 6716 1063 7099 826 4143 1943 2099 8125 3317 9552 8811 9049 1571 1453 1859 8313 6067 4776 2102 8541 8942 2908 3531 645 7058 6825 2165 422 1724 4554 69 2337 1779 7883 8914 4811 2560 2147 3626 2833
8393 2769 2802 2998 3470 4762 5481 3686 685 221 2975 3239 8811 1087 4008 3066 6666 321 9337 2340 2281 7902 8657 2531 4907 9552 4567 781 1055 4630 8977 8836 7793 499 3309 3579 4231 562 4156 8596 8108 7221 3265 5816 8660 16 9175 975 2197 2359 8129 8938 4231 4671 7855 6055 1898 967 7876 7862 9009 5638 4066 4955 2365 3070 709 8537 1947 7196 4829 1941 914 1615 7157 6432 7818 8417 60 4833 106 4301 3315 3302 160 3606 1861 4177 9257 3146 2972 3163 8594 1071 3031 568 6799 8338
1278 8807 5082 525 4729 4623 7351 8637 7493 3217 117 26 4320 9412 8148 5603 147 5919 4315 9527 2341 5927 7415 9396 7812 9094 111 2145 2672 1407 6128 5994 4941 7166 4617 7357 2257 1742 8053 388 6686 442 7375 7424 1822 8926 2598 1437 8858 1128 415 7080 7255 1591 584 7567 8473 5950 9055 2945 893 5981 2446 9106 1577 2166 474 9506 7124 496 2569 5207 2109 7088 907 595 703 7706 8485 58 111 8930 2911 7166 2924 2382 2914 5354 3536 2404 3993 6102 5335 6475 1427 8199 7969 8770
3782 2881 9467 1721 4520 5260 1175 7884 7850 734 9183 2974 5678 4553 8963 2334 4991 3300 7817 6358 8532 4991 6153 7124 519 8131 2819 8472 2104 8144 5751 3844 1462 8860 391 3620 367 673 4347 4024 309 1284 1548 7903 717 243 8009 4179 5041 8209 8173 3261 254 6797 2242 3211 4103 3935 3162 802 8442 8695 6114 9539 2284 6684 7782 3604 5062 2105 7232 9559 1623 7146 3202 5901 4631 3202 3911 8662 5378 6036 5134 889 1538 3719 2283 237 8930 9043 576 9157 4809 77 6436 5299 3409 2911
8092 6491 1412 6525 739 1511 8994 7823 2615 2164 1305 7856 3913 5944 4191 2252 2921 2358 1802 6163 9199 8839 1726 1290 7655 8957 2743 5084 4517 1064 4277 8318 2320 5062 8162 8065 9272 1411 7864 1998 6635 8363 3730 1801 2821 2313 3192 4552 7603 4270 3188 2155 4376 7721 9289 6482 1974 2994 8037 8205 7785 6479 1061 6812 762 8625 7234 6556 1503 3095 363 9326 1510 7405 5102 7374 628 533 706 4568 3476 7916 5385 5164 8700 6949 5310 5106 3885 6126 8162 6857 1459 8547 7744 4374 6682 8521
2920 4728 8694 3198 698 1622 5066 1113 1810 446 7094 7912 554 7546 1354 5488 6745 5632 3159 7224 197 2925 3241 3056 5559 8486 3807 8618 3047 991 7539 1045 8381 9312 4003 2062 2400 3478 8025 4916 570 9082 1285 9393 2429 4064 6509 1007 2269 3855 2766 3726 5927 8237 1924 8315 3099 2845 1885 7592 6613 700 7514 1567 2927 3389 6977 9389 3002 9045 8726 923 5942 1634 5216 3689 8310 5926 1692 6371 6109 6856 5754 151 6145 5759 4967 2969 8190 702 7891 2905 1088 2025 3355 4958 7591 8761
2090 842 7702 1786 5513 5544 4694 3946 6818 6706 4623 4973 8415 3138 6305 8385 9585 1955 3341 4624 8627 1897 8596 4120 2285 4234 3509 526 6643 6890 6086 9473 3578 7024 8819 5007 4287 4881 6785 4491 3829 3929 9448 8930 6254 8511 8669 7925 5012 1797 4631 8207 3436 6406 8861 6566 3234 4354 817 1111 4824 2163 4065 3693 7789 1575 7994 5606 3386 3094 3813 2287 5592 7838 9023 8035 478 2067 1134 7556 5241 9369 8428 2381 5041 526 9188 8733 4574 6562 1673 4297 8948 870 4625 6861 365 6264
1239 5784 2448 7379 5291 2382 863 4197 6752 44 7997 4389 2515 3768 4021 3991 2361 4823 5437 3240 8177 3117 6674 4821 2727 218 8326 505 6563 4328 5432 5166 716 5547 5162 4083 4738 407 8915 6638 3728 6690 3784 8637 9274 4243 3717 7661 2912 2874 1455 9428 2332 3993 3623 1228 490 4721 7535 6580 4689 5737 1160 129 5222 5629 690 6765 6672 667 1821 946 7068 9170 3216 7540 5361 1049 6183 5670 3138 2367 8805 5575 4906 4685 8655 3484 6306 5572 8194 6284 5393 1211 3780 5183 3269 7467
