80
2586 280 3543 5448 4419 459 322 1614 6192 4804 1894 236 2869 4615 5521 1150 2529 5697 5836 1850 1895 4899 2628 2934 4861 313 5564 1692 5504 3571 126 3196 4961 4212 637 6340 2951 4942 4702 5236 2240 1396 2879 6053 6148 5660 4356 1489 2162 5320 5042 3944 3384 481 1386 6328 2383 5327 2432 5568 5304 4605 3650 5463 4791 4457 5004 1666 4934 1055 789 5171 243 2403 4955 4116 4741 4562 3569 447
2074 4873 4278 2568 5832 3202 389 3801 3910 6226 4838 188 2908 205 3280 2123 5143 1581 932 4353 3742 3039 3831 3068 5075 2769 5109 1279 5616 870 6284 5570 4290 2657 2247 3165 3876 4218 345 511 211 3365 1298 2956 3031 1367 6331 5365 2614 4723 2944 1146 5995 3295 2427 5678 4132 409 6219 1787 5376 1864 3048 1322 5677 1345 3297 1918 6320 1965 5396 3411 213 674 1365 1338 5818 1589 4181 5003
3239 291 2852 4840 3323 1792 850 4516 1926 3539 5256 5684 2158 618 5583 1817 2766 5775 2288 397 5522 5730 3593 4112 6201 5425 1085 4525 116 80 1959 2336 4002 2565 2465 3874 1574 1686 1520 38 5152 908 5331 1373 3008 4960 3084 3041 2722 2842 1605 3435 1033 1989 4159 5160 5994 5245 5154 4827 4136 5642 383 5325 6128 6082 5928 711 3976 6352 4913 4676 3347 4707 2515 4777 4132 1497 1234 2088
505 1787 1390 6359 6390 5444 4024 6115 60 2000 4860 726 4669 1787 293 1649 2221 1799 899 5778 671 1432 3992 5355 3492 3614 5145 401 2183 4897 2762 3531 665 4756 4504 6325 1449 2928 2416 2106 4300 4105 2572 6118 5587 2752 5209 5499 4319 4985 3575 4797 2121 1863 2260 2566 6364 4360 5091 1879 1388 4877 4060 1496 4944 131 3933 2720 2459 4 3786 605 1386 2778 1067 2309 4627 2489 2186 1748
3035 1813 6248 589 4780 901 6102 1321 1874 1899 5065 4470 4420 1623 4143 1524 3690 6193 2989 2137 1147 2990 3015 2354 1296 3452 3484 4526 1869 3985 3822 1988 262 1848 2244 702 1022 5048 5873 98 2219 4970 3154 4735 5535 5737 4173 5156 3222 5935 1412 1651 5241 2654 4221 5855 667 1820 3120 2623 110 5347 216 2164 6092 4508 1668 4350 4119 2566 213 4418 1547 136 5647 6079 828 8 4810 1221
644 5883 6100 2122 1487 1463 5182 2991 3416 3785 3375 5203 2425 3170 4932 4732 5265 214 4769 147 1907 1262 1500 2275 1356 756 5897 1295 6058 4827 3996 140 1655 1242 791 80 4357 1135 6200 925 1140 2985 5069 5066 3418 4654 3893 4780 87 5333 2962 828 4938 4500 517 28 1073 1575 1132 6205 1971 3102 1602 5564 3488 814 2653 385 1457 2445 1562 683 610 1882 4656 1329 4296 4120 2986 5703
1065 4448 3445 916 1209 3050 41 368 3441 322 1830 4900 526 4600 2278 1663 4818 3082 3604 4119 2390 2158 669 334 2799 230 3205 4743 2126 320 3875 3040 3170 5065 2421 1004 85 5652 1267 1657 5934 5158 133 4253 5213 5643 1197 5905 4933 5853 2518 197 5107 2476 4803 5708 3952 4770 1543 5733 6243 1558 521 2648 2198 1622 4753 2020 3208 1384 272 846 4357 2248 2584 1329 3144 1286 4316 3389
460 3036 6123 5438 2260 1979 1123 5818 6126 5640 98 4769 4182 5166 3258 4437 5530 5766 738 2954 3616 5404 1583 1063 290 3973 4251 249 2848 5730 5875 3480 4091 3308 3571 2483 6073 2850 3768 1115 4023 5048 6125 6027 629 767 2064 4579 2883 5925 3550 466 3159 1246 4079 4017 4039 3595 1761 3110 2147 269 332 5832 4073 1247 973 1009 6069 3571 3883 4991 6010 1873 2380 4007 5032 3776 1934 2672
3648 1024 2672 1331 805 815 6330 2666 2640 3159 5883 6184 262 883 1351 3037 3057 2723 5780 2656 4727 3374 1901 5629 2042 2794 3579 916 2308 1747 259 400 1839 2855 3234 1753 1109 2266 4809 823 2766 4020 5886 481 1630 5315 2889 6104 926 1856 5690 6067 5322 1648 1663 3886 4933 2617 5066 2161 5729 5071 4982 2170 3773 4091 4152 2909 2113 1459 3192 1548 4051 4187 5216 935 5829 5797 389 606
1011 4574 4145 2352 3969 5150 1015 3040 5628 1787 5318 6272 3979 3402 4652 548 1710 4238 1602 2931 1250 4911 2781 937 2424 1700 1891 3742 3577 4219 5836 3023 3069 3069 3844 421 1723 4144 4150 1459 5333 2776 5044 3464 3126 667 785 3649 3041 4535 2170 939 4606 3922 1403 5713 6215 2393 2718 1142 2861 620 909 3341 2334 1462 2939 867 1949 1430 1646 5634 5215 982 3668 3256 1294 4344 2908 5820
5237 1724 5922 4304 3438 329 295 1755 179 3811 2496 3618 4224 1011 470 2897 1571 4165 3345 2027 5438 4008 6394 3914 6293 994 5560 4153 5519 298 1857 6313 5437 3022 561 2943 4875 5880 3741 3261 1647 1583 5270 2913 5404 492 4342 5570 6233 5390 1534 1971 2648 2405 2845 49 1833 3348 281 1657 3092 3261 4131 1133 3711 2282 6085 4682 4865 3607 1099 5367 3669 3323 2174 6118 6072 3726 466 2925
5354 4339 1860 4455 4292 4923 55 5985 3567 3533 4674 2170 3011 2181 3664 2030 3791 1397 1568 2081 4863 5911 4669 1815 3647 1626 1533 2372 4800 2461 4118 3251 4466 159 3430 4576 766 4759 6232 416 3738 1754 5670 3494 4046 5694 903 4567 2608 743 5451 3090 2648 1283 2518 1358 1871 6368 355 381 1493 3976 6072 2263 6075 382 2208 1342 4796 5697 6007 4362 1509 4942 4826 6246 6 43 6172 4765
6344 2546 1807 1423 5887 5590 4340 1858 2551 597 2095 6014 555 2169 1700 402 4749 5414 4591 5090 5554 2810 2439 2488 2735 3478 6053 6110 2888 4533 2281 4093 6152 1027 4770 1741 5160 2381 3047 878 840 2137 3479 4978 1176 6271 232 3280 2665 1224 4452 4479 2624 5886 3725 1918 485 2597 2569 4279 3613 3791 2567 4605 5901 5625 5919 4123 4605 1992 3367 6168 2950 3576 4458 3379 5464 1655 2663 1879
3310 2959 3996 3835 5163 3220 3827 1897 4487 6127 5404 5391 96 473 3635 3141 5218 6164 4727 813 3956 1289 3713 493 4722 421 886 5572 632 3229 5873 887 867 4444 4608 2681 6077 5759 2372 3424 4124 2615 5742 5808 1433 2980 2417 1855 3056 2315 243 1809 2023 423 472 108 2297 1428 2862 2567 4208 2135 2525 2464 5285 1045 1456 1450 5376 3283 5996 830 3944 4344 1486 890 1093 1800 1323 5970
376 4142 5069 882 2412 2123 3107 1249 1758 1385 776 3176 318 447 2366 1208 314 4237 4841 3217 1539 3865 5173 6377 1189 5835 4188 668 5602 5291 4469 352 2504 2948 700 2151 565 6322 6311 2911 6233 2165 1365 2450 116 1023 2035 762 4130 4085 478 641 1312 3166 2643 219 269 2474 3304 309 5658 5263 5886 1087 4720 4014 3434 127 4149 5331 1262 415 1280 5089 4862 6047 1152 3282 3012 5655
3209 708 1853 2541 451 4788 3024 386 4410 4663 4400 4303 3582 117 2498 4789 651 2075 6192 1778 1176 3951 1259 3989 737 4671 5114 3377 5586 695 1722 2240 2166 185 2769 3038 3362 5783 423 3637 6139 2020 4019 3276 936 5331 2335 2394 3002 2491 4306 4657 2080 3948 6130 4230 4919 1640 1299 1620 3886 4460 1405 2244 5888 1165 4027 6367 3579 3445 6323 1299 218 1336 6304 374 5576 2524 4439 5599
6375 1217 6017 5123 5379 4365 309 2049 2144 2775 1102 6244 4116 6301 5659 5492 457 2087 3089 4719 5928 4666 5709 3775 5387 328 593 150 5745 2696 3641 5945 5654 2646 2587 4169 188 5044 908 6279 2106 4949 3547 4468 1149 1639 4878 1708 3810 6046 1549 4120 4663 4981 5907 2259 360 2124 3825 5007 1138 2593 4222 5852 956 4773 5347 5329 2715 5643 6211 4256 2449 5670 5982 6011 2192 3645 3708 4147
6059 966 5196 6196 2172 4051 1262 1715 4904 6311 5744 2171 3313 5138 2695 6314 3548 2153 4601 5458 2609 578 2822 3253 2855 787 1045 235 5892 2452 4534 4859 3580 4731 1144 2169 2717 389 3149 617 5132 2984 2626 4052 5553 5614 1597 1393 751 2832 1628 1429 4151 5571 4633 820 2128 2612 2816 3819 1282 5179 4711 2994 1657 5695 5912 2796 5855 751 5223 2528 5038 87 1111 5031 5549 3093 1469 497
640 1413 6196 992 5492 5624 4546 3598 3852 3498 5486 5862 4437 3245 5374 5770 1374 1545 4020 1690 6115 4133 4601 2829 2712 4032 2619 4001 777 5517 3771 2484 4933 3693 1607 5740 1597 5853 4354 5107 5936 205 4799 5354 5179 462 669 3489 5598 1970 1103 2824 2424 1785 309 4921 2046 3925 2185 5307 1477 6309 6065 4040 3419 4538 301 5592 4691 1200 5014 281 5004 6197 1066 4234 5482 3873 2430 1377
6339 3349 3499 2065 3642 1250 2090 5425 607 4602 35 5850 4346 3341 5890 4530 718 1412 5112 989 731 5388 5334 2809 5341 5134 179 6271 6005 2669 2877 3216 305 5070 1550 3759 2815 596 4798 2829 604 2427 963 3251 3167 6172 4266 3673 4939 4846 2529 4180 5048 1590 707 3666 927 3759 1314 5819 4554 4661 5056 3185 4442 3976 6012 3767 2198 2002 6071 1515 4676 4393 4890 1859 6283 5288 6086 5965
3595 141 502 5442 4990 884 5533 3171 4049 2757 6398 410 3193 5809 5076 4801 2158 4175 907 3621 4481 5032 5218 2077 3924 5048 292 4860 1398 5245 158 4054 4423 5000 2878 1561 3252 3700 3277 2898 1039 5203 4257 1659 4409 1204 1380 791 3380 260 5176 5759 1246 5323 2493 2722 208 3813 2513 2178 1248 2203 3075 6132 5316 1059 1704 5004 610 4986 6160 5029 118 3273 4458 2745 1539 3032 3875 3615
836 1309 5380 1604 1569 5225 602 1243 5879 2915 93 3849 3605 5915 6350 5330 4017 2655 6300 2982 5258 127 4643 3188 4503 5077 1610 5866 3910 6128 4215 3890 294 5466 6064 2576 1321 4886 4637 6218 1366 438 2356 4957 4060 4079 1892 2235 4927 2950 4380 804 775 1329 927 4826 5947 763 1645 3598 1608 1690 1495 1060 2089 4689 4122 4767 5451 1533 5146 4522 4068 3142 2063 4982 4741 4132 2749 4212
1875 4966 2660 1231 227 2213 6 2969 3371 1988 912 1575 3646 4842 3250 4419 6028 1540 3208 441 638 4288 5111 3386 4744 6354 2224 4107 3319 383 5479 2068 2581 5997 718 968 4602 1411 338 2190 2210 2409 866 2033 685 4700 884 2121 1803 551 2696 6168 4409 372 49 1522 3860 964 5755 1935 5586 5981 2176 4839 5027 5875 3267 3218 2049 1616 525 683 5940 5099 3429 4514 1483 798 4330 5409
5000 3471 2083 3244 2320 5153 3643 5855 849 3443 6382 3662 3423 722 2971 88 1647 360 4286 1161 6361 3297 5607 1885 1353 908 6060 2260 2289 239 3450 2903 4047 4004 5368 5170 2200 3893 1513 4346 1096 4761 1316 4893 6132 1761 4707 1389 1466 3382 4774 5145 3074 3968 2894 1951 1844 1721 1033 4347 431 6042 1866 6064 2216 4611 85 1171 4772 3347 484 448 3587 2580 3183 4778 3111 3027 1090 1974
1568 3607 2439 5380 960 5708 1552 5499 2861 1488 1537 1403 2948 2364 5965 2317 6261 2760 1845 5480 3369 1066 274 1792 1943 2819 3264 400 3094 1886 897 4997 844 1911 5744 5405 2455 498 4568 3504 1027 2219 1551 4283 2717 2454 102 3670 3649 2609 4094 2844 1343 5964 813 2320 4630 3090 2814 2636 2088 4951 3568 951 3882 585 3709 1445 135 2796 1266 5217 2516 6114 5031 4063 5090 5096 6242 1448
2137 2716 775 5156 1763 2251 5474 4529 5557 853 926 3859 5026 3795 2700 1492 2277 6279 368 1000 69 2614 3718 3781 5899 1929 5323 5239 495 2529 5546 2057 3372 1510 5370 5418 6287 2516 2126 3282 2304 1096 509 2934 2993 3870 5746 2307 2810 3401 834 1614 1845 2271 5396 3443 3021 2785 3993 2608 4077 5957 2290 5116 837 4236 5244 5321 782 3655 1716 3245 4947 5369 1911 5552 5740 4053 5726 5680
3663 1936 5226 4255 4083 5878 1043 5963 220 4864 2959 162 4754 1267 1627 3775 6396 3108 3680 1130 1873 6400 4402 5612 3427 796 5606 4977 5248 3947 3891 4258 3909 1112 2058 2624 5224 246 413 4703 4055 5661 5034 1585 4582 1386 2233 4376 1025 5822 2790 6367 1588 5459 2102 3677 5680 4621 5505 308 4416 2627 5265 4206 3091 3365 303 46 5206 6186 4076 6077 251 2429 3489 3247 3058 3077 5528 4804
5103 4701 666 3749 5086 2252 790 3050 78 89 4896 459 444 443 1919 858 404 1511 5892 2310 123 4533 2081 4441 6089 1892 1023 2836 3683 2641 5299 3707 2633 1301 5221 6275 1610 2808 3046 5151 1151 4048 3471 4661 6183 4526 5953 4136 3161 2474 5767 477 1464 3128 4657 5075 2638 879 5601 5794 4540 2929 561 5953 3351 4464 3454 6096 5169 4618 4000 38 4786 2619 3528 3163 3232 1842 2836 2170
4864 1177 4916 4602 6111 5471 2152 4719 6189 1280 944 646 2905 1948 3095 6293 4358 5013 1526 1215 3180 5171 659 532 663 1541 5384 4241 5573 5091 2568 5677 6345 6271 5049 2104 6195 5476 1633 4820 103 1748 5512 4516 5199 3848 4797 1550 5588 4271 3900 3036 519 4842 3702 6051 5623 3174 1994 6117 1857 4481 5129 3088 4496 546 4373 4022 3583 4374 5922 880 1172 1233 52 4383 4924 379 5770 2629
931 2291 3012 225 1794 1415 3119 3223 3938 4209 5301 5964 624 3412 2454 1743 1127 5259 1953 2868 1648 1475 2414 1859 3421 244 2414 1780 6164 1169 3028 1425 5380 2566 3753 1615 3871 2385 3131 995 965 4494 3552 903 930 3063 3321 686 3740 4009 426 1732 4403 177 4950 2087 1812 2114 2164 1412 3218 4843 5818 3081 1149 3242 3007 4934 5865 2455 3486 5202 3825 2698 5376 4799 5991 1314 5417 2714
1229 3518 3657 2588 1072 3243 2250 4701 1729 4734 557 2298 1952 2393 842 2475 5302 1240 2262 4868 5889 3028 5208 5873 4373 664 5563 5401 2736 3502 5653 987 2433 4708 1082 2108 1690 1821 1928 4217 5939 3956 5779 4296 2737 2230 3270 1168 3733 4536 6095 821 1798 1526 5091 3052 6241 3977 2965 2013 4560 760 659 6376 2478 4161 2871 2713 2307 1728 1107 1550 417 4975 2655 3243 3545 2510 6035 732
503 1121 2883 5611 644 3793 1394 6289 1588 3518 4859 714 3484 2144 4805 1706 1535 4989 329 3808 1850 5601 5162 389 362 1912 3710 1523 1009 2958 5721 4120 440 962 2919 1417 6050 1951 1129 476 531 5315 3896 1448 5329 2048 5695 2678 2517 4645 674 5389 3718 287 5571 1695 5269 1875 3205 931 803 4451 5179 315 656 353 489 4074 5362 5152 3496 2506 6284 825 5890 6324 1104 6163 3292 1269
877 2106 4136 5251 1039 46 5668 5012 3809 4361 2817 873 3694 5969 1474 677 6129 5121 2453 1714 1538 1957 4337 2524 136 4673 5322 3363 4096 5134 2195 2522 3413 1907 298 309 202 4308 5192 6256 5526 384 4921 3730 1159 6030 6095 6248 245 1304 1885 5110 3790 2551 1629 2397 4953 5624 1839 2278 4584 3785 1101 4800 3065 1170 224 1784 345 6027 3728 169 3079 1794 5939 2157 5487 1812 3346 3125
5493 4294 3503 3664 4796 3784 4238 4096 1357 418 247 5501 3141 904 1902 2938 3514 2660 3105 319 354 5932 5025 548 421 2908 6234 4355 3348 651 570 4056 2200 5075 1424 387 3818 1507 2098 2811 1472 5396 4775 752 6276 856 4841 4751 2398 6302 270 5197 6351 6263 6374 3160 3311 5310 1552 6063 3599 366 3417 6222 68 5587 3823 1172 3214 4646 2984 6039 5125 4426 2894 5417 1929 2681 2933 3526
2009 3303 1037 6035 3695 2726 5620 6093 5898 101 120 5788 696 2576 1935 3581 1580 679 3011 5793 1571 3260 6 3431 1617 5592 6253 2789 1835 620 3774 2100 3400 721 4211 4504 805 2732 523 1964 2876 1738 5572 1264 5989 3381 1949 434 2115 4304 2419 1474 4653 5170 4874 5668 4470 3982 5510 928 4468 3518 4070 437 6022 964 599 2876 2113 1907 1329 3151 1716 2938 849 47 6235 2973 653 5484
3930 1855 2965 508 2677 213 1713 5635 3679 1984 1217 442 5772 5248 2590 525 2435 2622 1648 1704 3274 1858 5090 3338 1919 2394 5190 764 6395 4001 6366 5232 1076 2871 2850 2871 4918 4627 1051 2323 2188 877 6056 1791 5743 4018 4942 1936 4418 2217 1878 935 3115 6322 5538 6219 4773 1367 6308 2591 4678 840 3766 6103 298 3467 2542 2896 2448 3741 2276 2074 3774 1234 2455 4507 6147 2182 705 5278
4601 5171 1634 5668 1800 4635 3454 1385 2004 5525 4514 844 316 6239 2085 580 4203 3217 4821 2341 1304 4925 5065 6086 4714 5638 5235 4402 3176 957 12 3324 2109 4218 3717 1263 5455 1851 2894 173 6041 292 3773 3068 71 5260 593 2860 446 6273 1181 5497 3697 2316 753 356 5118 2708 2225 2949 196 2746 4702 4608 606 1643 1096 2998 777 1776 4931 1934 560 1293 3389 220 1935 1054 6243 2694
3665 1330 4798 4123 5019 2218 995 2143 1067 959 4976 4086 3098 1289 978 1450 4537 6000 5990 1426 3932 6291 4193 6302 1449 945 1950 1150 3594 4549 6302 4199 34 3531 802 3262 5502 2584 884 267 3940 5734 2564 5921 1222 6077 5172 541 6396 4177 6033 1996 2096 953 536 193 2320 1349 96 2311 4400 2993 2720 4203 5146 6020 5668 3228 4382 1429 5305 3511 4075 475 2858 5762 3991 992 6354 206
2736 5608 1830 6301 526 2196 3191 3187 675 1754 2126 1233 5493 2917 841 1346 5174 2799 2465 382 1222 552 1429 6364 804 3793 5010 5079 363 6215 4943 413 4144 6082 5972 1649 4425 5395 2171 2506 3581 302 4638 4058 3226 1966 5270 5498 3377 1401 2498 3363 494 6184 1561 2690 1343 2948 4353 4742 1945 6174 1178 5814 4314 3834 2610 5888 1735 1942 782 987 5853 6278 1120 5401 4768 4484 387 1551
5783 3255 6227 3375 5076 1032 681 316 1612 2684 2069 2831 4559 5554 4396 2348 3250 1198 3031 5816 3358 991 2636 2298 1860 5898 5218 689 2577 2087 3028 5832 5842 6172 3048 3810 4223 1103 232 4521 5645 704 5690 4954 1094 5686 2673 2961 2104 88 3237 1341 1081 5555 6132 5257 6317 5979 2978 1269 1535 5076 1944 3262 4469 3073 6312 3310 360 3581 5161 2960 3547 3482 5362 2331 4038 2606 4351 3612
4484 2427 2189 5312 4847 3731 2690 3465 2657 3712 5642 5556 744 3546 3900 3914 6272 524 3316 968 1840 1035 4672 199 3053 1771 2151 3653 3079 5686 5011 2928 4279 2627 3001 1991 1029 4406 374 815 179 2299 4469 275 3543 4495 3144 3676 4333 2317 454 2095 1037 4988 3743 6113 4400 3138 2406 197 5781 2698 107 1095 4238 5569 2718 1124 853 4155 5549 6212 554 1819 1522 5396 1478 1016 1599 3639
5524 1208 4616 3193 6140 1764 1405 4562 112 5713 1470 6068 3118 3775 1641 4641 5751 2939 248 1729 4391 1467 4060 5282 3232 5141 2237 5936 4290 2429 3639 5079 100 1420 728 2874 2192 2379 6366 3666 4740 1664 1734 5730 2706 4938 3006 3102 4504 2115 3742 4043 357 1642 4041 4558 1853 3412 5556 3797 4559 2199 3938 4950 2465 230 1504 3810 6014 966 155 3418 1990 3030 3365 5281 1636 2332 2963 2470
786 4365 5677 4372 355 3186 5254 3459 237 4049 5348 4536 1418 692 4353 3028 1074 1923 4421 1657 3885 706 2596 5255 1726 6007 227 2131 4117 4415 2310 5359 2637 339 4937 4288 5762 1853 3997 2097 4805 1090 2650 1771 5802 2372 1405 764 799 623 1993 3650 4643 2540 1626 3859 3476 5853 1279 988 1900 579 4881 3751 834 672 1820 1192 1166 2546 5150 212 4178 3527 635 324 3622 981 4005 2194
3447 1120 368 1890 4436 3197 4936 5829 4572 5822 1969 4932 5389 3389 6282 209 6078 3327 6172 2452 3454 611 3090 984 4482 229 3086 1373 1962 2957 2116 6164 2415 4616 2889 2501 4891 483 5322 806 1801 1819 4407 6355 2806 6266 875 3214 1190 4991 305 2929 742 4770 5879 540 4464 3353 2825 1793 2432 2150 2755 1339 3697 2559 5926 3194 617 1515 3813 5458 4494 2930 3298 5760 2000 5944 518 2843
6134 2112 3408 4237 1225 2783 5785 2426 2916 5996 4844 480 359 5806 3966 543 4038 4091 2381 1524 5727 5177 6241 4074 4820 2906 964 5617 147 5045 246 2080 341 771 1615 838 5272 2672 5311 3986 1303 2006 6224 5740 736 3546 5592 1822 3927 6199 3689 3966 6028 1466 2690 639 2898 5931 3879 4907 2112 3204 1977 3815 6056 672 6197 1068 4463 2428 4403 2428 2763 4456 493 3965 857 5528 2823 1903
3079 3210 4675 3595 638 3808 1279 1664 21 517 2372 871 5182 2373 511 5667 6171 2588 6304 721 3868 3371 781 508 3749 6145 117 2748 6332 5215 6023 1017 1459 47 3997 5208 5052 4704 2694 4935 1588 1708 814 975 6383 928 4920 3832 5315 5400 1592 5204 4415 5379 1576 192 5986 882 87 1361 2856 3303 5485 3795 5746 6296 3265 1434 5267 2157 2707 6392 724 1190 5662 3818 1814 4738 890 5395
5750 4280 1759 5421 6039 3673 2734 2486 4797 207 5214 1151 3814 2359 371 2808 4824 2779 16 4767 5497 4944 2051 1666 5437 4960 1334 6248 5111 4039 6341 1501 224 121 934 3719 6239 4265 2650 3036 3789 270 6254 829 3472 730 399 3728 2872 3335 539 5712 1751 3851 2788 891 1277 1340 4937 3850 3007 1535 2167 882 2475 2153 4706 6240 4371 3725 430 5648 5027 6130 3524 493 2649 3781 2671 5278
604 3931 3320 2962 4887 4754 3098 544 4493 476 1166 1085 2972 6138 3558 3971 270 3572 2142 3125 2793 5702 757 5390 2752 709 3010 2370 840 5795 797 4219 5859 3379 1198 4726 4263 253 6245 273 5638 3225 2555 6384 4598 626 4996 2711 895 1266 5694 5234 4030 721 2226 5060 3266 5130 2528 4989 3530 3081 109 3056 1653 609 724 3189 2355 5405 1588 857 5109 2167 4612 4696 5581 194 3273 4242
4579 5010 4545 1693 3951 807 2164 2608 1817 3726 6136 355 525 1235 2219 3020 4420 993 6367 4044 645 5228 4198 4070 2720 3256 2493 1237 3148 289 1254 4620 1714 2349 5090 3823 2396 668 1345 4401 1443 4541 2030 2847 6300 6323 5741 4289 2273 1424 4377 5017 2969 1830 2460 5794 6199 3534 1054 671 5546 1469 2676 2594 1344 1940 951 3612 158 6365 999 4327 3908 3720 630 3874 6096 3557 5117 3397
5859 4643 901 1845 1603 1734 5941 1862 62 5006 5134 286 2813 1799 4764 3690 4939 4238 3422 5927 1403 6059 2998 4526 4182 433 2053 5874 5204 5232 5479 1914 128 5299 1639 4486 4074 6354 6190 1025 4582 1052 3297 2569 685 5466 3561 708 4172 2875 5698 642 743 3905 2460 2522 5246 2661 5576 2335 1489 507 4824 1494 3245 841 966 2007 5214 5507 3683 2106 2581 2923 1361 4170 6262 2530 3191 1469
5274 4863 5463 2999 4573 6303 2041 4356 5203 2809 4905 2833 2598 3805 4903 1216 5211 3068 4514 4958 382 3048 4372 4419 2681 2444 4334 6125 5760 2969 1677 6344 6182 1312 2229 5114 4748 4588 1299 4503 2369 4517 3942 5454 4751 1813 348 4128 1385 5969 527 1146 524 4968 2888 395 3410 2018 4750 823 3532 2170 1525 4191 1276 4575 453 2652 517 2920 418 4145 2924 1326 3007 4077 4291 1338 3758 4900
3630 1959 1960 788 4446 4629 4382 2744 2304 1044 5567 4036 6157 4461 1327 3673 123 924 2193 1642 5559 980 3049 3181 5733 1754 1455 2080 1942 4330 4350 1366 6110 3392 5453 4491 3795 781 5602 5469 3435 239 4316 3496 230 3569 2318 95 2431 2939 4915 703 1873 3740 1852 2896 894 1833 2681 875 107 3357 1410 3188 2653 1966 2781 5861 3224 1045 2516 3906 4433 5199 5222 1745 1541 2949 3392 4175
4766 873 742 1683 436 977 2840 4571 4107 4678 1992 2007 1096 6098 3059 3975 6030 1708 6136 1431 2914 4760 2916 3444 4740 470 5478 1379 694 3946 2287 6330 4316 4608 2144 5656 1792 3816 5413 4171 266 1940 2247 3755 49 1244 6172 2150 4427 4452 6357 264 2258 1224 873 693 2349 1971 1324 1059 1638 377 1451 1954 347 4549 4551 4912 5055 4683 1694 3610 5305 2311 1 4598 12 1184 6393 3865
1222 3801 3854 1671 1557 2985 3830 4468 1550 2312 4753 6156 2862 6335 3721 4400 784 2801 2538 6151 688 9 5323 4117 1794 3570 229 673 4951 1227 3336 846 3298 130 3118 2389 3612 5528 284 185 6260 5974 5672 3802 5780 1229 741 6053 536 5396 5433 4040 389 2630 5472 1529 5446 5768 3746 3610 5854 2715 1404 5637 4301 6175 551 5645 3646 486 1691 4462 4608 2115 6103 1717 6353 2225 696 3103
4501 528 2313 1380 6256 5025 3733 607 806 4485 3820 3302 5094 3187 1398 5841 4946 754 4092 4152 852 680 4696 3450 1554 1789 266 6211 1112 4495 1111 1757 3509 4617 3982 6185 2232 4470 2473 4584 711 6323 2008 3077 4245 747 454 5670 6334 3126 3927 723 5781 3142 3069 4528 3671 4324 163 5591 1721 5833 3129 1306 3300 973 3363 4276 2955 6156 2678 4221 1789 3315 1505 4993 3649 5787 4506 4665
690 655 6269 3007 2691 1327 4902 4718 1470 1081 4156 898 5654 446 2877 6045 6074 5075 526 2638 6114 4196 4964 3097 2168 3031 2292 1099 3015 4580 3422 4408 5516 5429 4200 6294 5450 6137 290 395 3845 1941 3874 4061 745 3026 322 4872 1795 535 2485 7 2993 4782 1885 96 3787 5430 2677 3159 3736 2793 3459 6041 4576 3706 333 2410 4609 3149 5676 5028 3611 4476 5285 4699 1192 1552 6339 2008
2657 4853 721 1902 4990 4098 809 4884 2604 1522 3921 4529 477 2346 3625 3534 3247 2209 312 1359 5554 384 5341 49 3503 5377 1397 2877 3007 5078 2274 5688 4181 2581 4647 3033 3518 5311 6170 4780 1438 5158 2056 2202 4061 1521 6040 1823 3335 929 3639 1231 3930 4521 3511 2543 2523 2959 6030 569 880 4301 4051 6190 5675 6368 2789 3341 2080 536 491 3488 780 4607 6221 6361 4063 5116 5890 4401
4116 5391 2118 65 1004 4200 6094 3949 4291 5528 3574 3655 4601 6303 1738 5331 3647 2471 2981 5634 1806 5771 3811 3140 4034 3683 2199 3180 197 5923 1545 5480 1451 2605 5227 1110 4425 217 5456 5891 2718 5819 2545 4792 6064 77 2157 1488 2008 853 619 3877 4628 5992 354 2710 5036 217 3520 2190 3100 3259 1088 2835 1371 6071 6383 1214 3800 3736 5249 1224 2179 1028 3346 2678 1310 3478 4988 6123
5087 6258 6072 1031 5878 1703 1543 4760 1809 1647 2112 1840 2111 4192 4605 5416 5424 2989 3819 4960 5123 4431 6189 6068 6018 3856 4673 1609 5806 1291 6323 5457 1938 1706 968 2578 3148 2298 6186 2282 6212 2053 905 3206 2739 1321 3110 4690 427 4908 5953 364 3608 4294 961 3204 2933 1356 3141 36 1752 5977 472 3437 2406 2064 3980 3439 3093 2999 422 353 1182 4030 2610 3450 5217 1051 6158 516
2432 3866 2203 2628 1556 13 3611 2505 5567 3607 446 1678 5129 2473 2979 5878 1152 1300 1602 5410 2791 3858 4554 62 1927 4197 4678 5875 1284 3006 1208 3981 5982 5283 1480 4156 6333 4280 2164 1979 3623 2330 2081 6221 639 1066 5953 97 3352 4985 5154 843 4499 4626 5126 5066 4408 4683 4215 3983 4737 311 2728 3980 1086 2962 611 4854 3835 1913 1383 4787 1860 21 4861 4280 5522 836 4377 2794
4074 3280 4718 5964 6175 3667 1541 5790 1855 4931 6294 3887 2216 3445 3530 3193 259 676 2427 224 6345 3905 969 3500 4135 494 5287 5032 4681 1430 6345 2671 3126 5292 480 4959 3469 249 960 1483 6307 2511 6395 2956 6065 1827 4118 378 4702 3356 4658 2261 3143 411 1636 2422 5055 1971 6275 74 355 1898 844 4953 435 2293 989 5942 4489 1487 4389 4919 5395 6093 5589 2717 4912 3017 5623 5065
4333 3464 2643 3485 1164 4411 413 2574 1795 4577 2030 3305 5242 3768 3312 3419 5620 101 2787 1567 6012 3309 518 3757 1941 4081 5544 329 2833 1265 631 2266 2666 276 3943 5855 6230 356 330 2126 5094 5358 4995 1049 5154 2377 4617 1173 3915 2995 3749 589 5663 2956 5952 3064 2120 5932 3104 6205 3021 4375 4419 5890 2850 5609 889 1381 1191 2845 406 3379 2843 4277 4941 2655 6281 4681 2036 4535
2441 5022 2368 3835 868 2921 500 2351 673 2796 1012 4921 3454 2584 1753 5381 264 470 811 2067 1109 132 4929 3237 4917 1991 5087 2918 2087 45 6032 1624 5659 3812 4156 2843 5037 129 915 6327 3353 4330 3914 231 1501 5978 3875 6273 4388 924 4769 5117 4288 1604 5023 797 5987 4879 1230 1313 1712 2944 2180 2091 2657 205 2104 4544 748 4808 5087 5957 5351 5305 326 1022 3085 2320 6048 2618
2373 4680 885 3536 3478 2881 1297 2160 1396 3276 1518 3489 1988 4521 5010 75 254 789 161 1573 6048 1300 1887 2648 5774 4533 4057 4414 5570 728 2611 3498 1467 4262 2473 1215 2217 6019 4517 1500 2699 2149 3272 4836 687 3456 279 3686 1143 308 3963 5886 1797 1660 1251 4695 1252 2366 4164 1440 39 1202 5249 671 1688 174 4829 2728 1958 2605 5291 4811 4143 4596 1543 3985 3054 285 2716 4811
3819 4537 3279 6373 5840 5101 537 192 3114 3191 2387 5971 5970 5113 464 6117 4292 3146 1569 3237 5775 1535 2802 5383 3501 3340 88 2811 1206 3945 2901 4210 3040 1975 4484 5157 4466 5222 4409 3162 696 1060 5052 2952 5910 2532 4954 5841 5550 4579 6095 6009 5860 1708 3200 73 2564 2177 1488 4844 1071 4353 6332 5836 6262 4083 2855 4651 4944 6056 2381 2893 1487 396 1509 2106 661 4541 2537 5582
374 2119 221 1269 682 1173 2185 1858 5690 2260 3135 5693 208 3881 5561 4580 5106 3002 933 5081 9 3156 232 1435 1763 2208 3459 1441 28 446 3825 2330 2169 1309 1224 5615 4988 6034 4108 1336 561 2049 4080 1468 5344 5443 5718 1035 154 332 1690 3387 1265 5644 4437 4487 1652 1563 2407 5258 5855 2069 3845 1040 3751 2038 3930 2340 5277 454 2720 3165 3693 2237 5550 1055 4724 5194 2531 1
6012 4699 4121 5315 4593 4803 3401 94 375 5905 310 5997 3722 2189 5317 4280 3817 5853 5479 5496 2882 4495 4595 1101 3897 1094 3025 4679 140 2033 5490 1845 5977 3473 2499 2977 5695 168 3558 319 5189 2852 1042 1129 5935 5894 2499 87 4677 4348 282 5006 5871 1901 3731 6294 6036 5731 977 2858 3321 6008 2693 3418 367 1434 4811 5547 6052 3895 3321 2715 649 3836 6326 2362 867 2833 702 928
4055 3792 1617 1451 2264 5240 4902 3858 4087 3651 2604 2042 4023 4023 5751 6158 1639 1672 3493 511 843 5068 4468 5398 3516 5641 1369 5921 5463 2016 3098 65 2073 3816 5660 910 6205 349 6000 6304 4253 6377 1301 6140 799 6211 5575 43 330 1243 2170 2875 373 3180 3067 713 2258 4441 1658 2953 3216 2543 5412 4712 1482 2040 200 173 1233 4380 3147 5888 3822 4053 5838 2471 765 287 840 6001
5792 2404 1262 5751 5149 6154 4699 3918 2367 3606 618 5876 1302 4862 1243 1013 2634 3360 2919 197 5196 3529 5334 3862 5142 5829 3306 4905 4901 1884 1732 5097 5167 4350 24 3334 3459 2281 1832 4859 3327 6299 1445 2057 418 3540 2809 4364 5948 4303 702 4192 3742 1281 678 5975 1619 5463 1064 4915 5736 3380 2445 1567 4052 1726 411 3740 1030 371 2977 5421 1662 5582 3239 2102 2244 4791 2333 3506
5391 1738 5400 4365 5684 385 2177 490 4447 6175 5181 877 5683 1646 1436 2875 1668 2213 504 4398 1426 2849 5874 2229 4332 4981 4823 1125 4910 2609 909 5082 1806 1957 2016 3378 1951 5719 1191 2822 5964 4731 3978 4600 3350 4503 6151 6065 23 3844 2817 2900 838 5695 3416 2842 2588 2364 5010 86 5494 4494 419 4074 2153 2566 2731 4046 6229 1199 89 1755 4627 321 999 3447 2808 6337 3085 2920
3366 6181 560 663 5608 4663 712 3799 2199 1054 5371 1557 2403 3988 2712 4625 2888 1775 4946 2690 5577 4069 3106 1408 4827 260 4645 3171 872 2245 2920 999 2329 3317 5391 2008 4634 2839 1723 518 2673 5652 5234 4968 2620 4991 6039 2650 4915 6111 4250 6278 40 4291 4698 457 3192 133 402 128 5115 6089 1651 2429 1135 2561 1964 5154 4398 5198 1896 4461 3665 828 2498 1854 4008 3908 450 1989
5889 4198 5527 1553 2797 5746 19 5606 2241 1428 5472 2929 5720 700 1252 2232 333 2960 1965 1166 5591 670 5323 5384 1764 21 3774 1515 2181 5100 1291 1565 5246 307 188 4137 1619 3763 3056 1616 1745 266 4522 4243 5184 766 3956 1258 4246 2846 2833 4086 4591 886 3034 5183 3592 5309 6129 3838 1873 2831 3629 2046 1359 877 171 2728 4923 2814 5357 1931 3513 5842 562 2262 1258 983 1008 3632
5672 1394 3017 1537 3489 1398 4720 3832 2353 2892 156 5423 1497 4009 1048 1070 3161 910 4903 1081 391 3960 3795 5968 2163 1532 6140 4505 1824 803 5065 3522 1918 977 3298 4976 3044 4013 2027 3291 6009 2729 2494 6255 4265 12 1060 3769 1173 557 575 4888 1924 3039 2502 2463 3487 5132 1742 514 1488 66 4428 918 560 352 554 3609 1587 2637 2165 2962 5991 1520 6072 2745 917 5389 4363 2752
1535 2787 2655 1581 5032 45 352 1197 1421 827 42 1927 4592 5587 5487 643 4535 3794 2999 3983 4417 555 5349 3916 539 4531 4763 84 5241 6249 4449 3484 1924 3276 6064 714 2839 1321 5656 5100 594 3814 477 2140 4818 2273 4759 6026 2085 2037 2197 1977 3236 990 306 1524 651 545 4724 4333 2451 5415 2299 2594 4632 3136 1406 2451 1441 5359 4224 3754 5376 2211 4174 722 942 5289 5142 5537
1944 5414 2952 4303 1797 3684 3357 4086 2293 1696 3375 5603 2105 2986 3062 5736 5488 4381 2689 4191 6247 4982 2687 6345 2078 1538 6020 2325 4807 2260 4400 2678 292 5990 5257 1640 4870 2172 5491 729 6188 1624 1318 6204 1267 1218 6099 5990 5308 1219 1173 1878 3163 5703 3042 4725 4137 4651 460 5782 6272 3431 5950 3205 1190 4666 376 4688 4942 50 4638 6343 5095 3153 4609 2552 3945 5948 2845 1054
2226 1845 2136 1230 379 1126 1302 5527 2297 337 4543 2659 2294 2415 5155 206 3557 6332 2445 216 5441 5198 2143 985 5139 5238 4441 2448 1172 4555 1964 1670 3066 4362 4250 156 464 1400 729 3889 4835 5273 5816 3774 5043 86 6185 3661 1585 944 3445 5194 622 902 6064 1382 5056 5321 2261 79 113 2690 6112 5455 2979 6106 5698 2100 918 4340 2360 5076 2685 3902 5755 5556 4963 1238 3872 3413
3970 4562 871 1368 2115 4396 3491 4993 438 5327 3188 4674 4871 4180 4741 4692 480 5022 4926 5194 4464 3427 5173 2877 5269 3803 4822 5131 5197 2687 5423 1701 440 4010 3936 5033 3826 2570 2295 4987 5740 738 2244 3386 4066 5699 2236 1480 5610 3039 2820 561 4260 5716 3408 5927 6056 775 3044 744 1699 1564 538 968 698 1399 3399 2668 533 3192 3741 3347 3850 4043 2291 3850 2807 3384 4477 2545
1315 5215 5184 6158 2645 4240 2123 2345 2387 4656 6032 3556 4617 8 3267 1113 599 603 1080 3247 5010 1206 5509 231 4778 711 5899 6025 4018 1690 2408 147 2034 122 5496 5620 6340 818 3002 3887 3696 3699 1055 2735 1808 2171 5599 5212 3402 6005 1904 2694 3609 5918 5502 3786 5791 4206 1347 1778 6385 4780 2048 1828 1235 1492 5682 6078 197 4040 1001 3773 2510 1216 2265 6209 4264 1557 5018 2318
5018 1778 5610 159 4331 1879 4072 4942 1642 3522 3121 1039 5319 3840 2721 5412 3543 2138 6141 5979 721 1120 6001 4498 6114 4552 6255 374 5960 6058 1123 1023 3140 5414 951 5640 2929 1068 2905 3455 1959 2908 1952 5940 5897 3112 1684 316 2363 950 4983 2460 2406 5506 3797 2810 1026 4785 1930 4087 5393 2334 1651 2838 5500 6246 3480 6140 3950 1985 3898 854 5708 450 1289 1075 4008 5036 2941 2089
2016 486 6222 2658 6341 2431 1934 5903 5744 521 6107 1845 2971 5575 801 6338 5891 6341 3543 3176 581 4802 1968 4596 972 3029 2356 1571 3052 2164 1455 372 4736 930 3531 6065 2230 2496 1164 2259 261 3318 864 5917 5060 4257 5181 2577 4183 4025 884 6035 4062 2876 330 5937 1486 5805 5518 5700 6385 25 2934 5752 2399 3547 3722 500 3491 1707 5902 4577 4258 642 5390 2438 3189 4901 1965 3010
