26
507 476 86 488 650 657 373 580 183 123 232 565 73 294 593 672 173 222 581 114 301 462 313 299 3 39
584 378 186 210 352 614 71 499 576 416 515 610 536 294 359 26 396 118 611 296 528 664 370 641 55 539
526 104 611 513 634 186 163 374 152 590 424 118 35 224 611 363 556 510 186 322 3 518 594 279 251 644
669 463 202 520 183 352 533 56 69 219 107 610 467 286 652 171 195 253 256 674 274 123 88 167 673 244
190 28 534 8 378 596 642 440 86 336 581 662 92 141 657 429 480 557 558 131 36 214 273 12 597 597
480 150 113 539 310 308 335 134 651 334 652 184 465 667 366 417 486 587 565 581 468 435 224 254 181 507
373 142 14 561 529 331 614 245 649 556 52 250 234 555 298 45 636 637 281 110 641 213 648 490 268 494
469 114 165 293 127 64 375 377 647 299 292 322 265 289 599 282 12 508 612 547 437 222 437 292 466 13
29 606 567 645 505 60 380 350 236 549 409 675 177 381 19 51 224 340 649 276 276 253 404 675 465 257
525 302 94 254 29 402 380 405 261 46 603 282 527 198 241 140 529 572 358 485 111 62 635 32 424 506
262 111 136 318 578 508 509 88 529 537 195 125 139 595 486 26 498 359 292 92 348 9 408 362 20 272
382 606 483 241 498 83 82 602 57 644 338 418 412 42 498 504 229 384 19 631 496 314 538 355 148 395
357 466 150 573 665 307 458 271 408 642 424 174 263 671 373 337 507 212 227 237 159 519 631 20 660 592
71 139 446 605 141 440 598 47 435 389 453 410 159 616 436 546 591 655 336 623 622 151 94 551 103 474
302 71 3 200 583 393 312 208 608 123 508 65 105 484 211 574 263 348 102 312 171 485 638 37 604 587
399 369 360 74 259 572 375 485 527 67 402 321 301 1 353 576 541 522 214 143 648 605 21 294 35 65
364 594 523 446 309 152 505 109 280 413 666 358 186 504 376 181 56 526 507 457 443 6 29 413 288 238
194 568 145 296 67 428 229 303 254 350 257 542 69 287 140 336 217 442 331 327 488 661 363 184 127 276
134 31 424 427 178 360 600 386 34 393 271 298 493 366 400 163 417 444 400 396 350 316 254 114 555 49
188 279 514 379 290 345 504 591 498 309 65 412 109 206 462 36 117 117 95 530 578 597 518 125 421 156
577 464 216 30 192 441 607 434 258 336 174 560 574 451 322 335 615 4 234 482 263 81 642 28 130 284
526 503 260 414 468 248 76 600 447 228 198 317 338 124 382 109 78 309 140 76 651 672 4 106 327 320
462 17 359 76 134 196 118 187 84 670 417 59 234 318 394 542 615 433 594 157 132 492 462 196 562 528
473 179 181 23 263 630 335 637 537 562 595 258 553 133 377 374 275 39 470 339 128 380 159 637 592 515
549 366 476 7 490 43 83 15 195 530 228 378 4 427 47 104 459 538 9 48 502 58 188 261 518 435
525 4 270 556 214 94 500 53 358 311 210 307 615 335 178 197 135 269 642 218 512 220 219 507 462 138
