1000
0 1410 2
0 1022 91
0 617 2421
1 1022 91 617 2421
1 617 2421 1410 2
1 1022 91 617 2421
1 617 2421 1410 2
1 617 2421 1410 2
1 617 2421 1022 91
1 1410 2 617 2421
1 1022 91 1410 2
0 1260 19
1 1022 91 1410 2
0 2206 434
0 1891 2406
0 745 2505
0 122 1001
0 2179 2156
1 617 2421 1410 2
1 1891 2406 2179 2156
0 1651 2552
0 1109 2643
1 2206 434 745 2505
0 2642 1234
0 2479 1810
0 461 2283
1 461 2283 1891 2406
1 745 2505 2642 1234
1 1410 2 617 2421
0 1572 30
1 1260 19 1891 2406
1 122 1001 461 2283
0 1439 2638
1 1439 2638 1572 30
0 609 2415
1 1410 2 1891 2406
1 745 2505 1109 2643
0 1843 2438
1 461 2283 2179 2156
1 2479 1810 461 2283
0 1635 2560
1 1109 2643 617 2421
1 2179 2156 609 2415
1 1572 30 1109 2643
0 2253 2082
0 2157 2178
0 901 2579
1 1572 30 1439 2638
0 412 593
1 2253 2082 1260 19
0 2015 747
0 1191 2661
0 2629 1458
0 106 1033
0 1514 18
1 1022 91 1410 2
1 2479 1810 2206 434
0 2606 1074
1 1651 2552 1439 2638
0 2440 720
1 2206 434 2253 2082
0 1245 1888
1 1109 2643 2440 720
1 1439 2638 901 2579
1 2157 2178 106 1033
1 106 1033 2157 2178
0 2641 1402
0 2623 1482
1 461 2283 2253 2082
0 2651 1328
0 166 917
1 2157 2178 1022 91
0 2226 454
1 1109 2643 1572 30
1 2651 1328 106 1033
1 1191 2661 2226 454
0 1710 70
0 2439 1870
0 1658 52
1 1410 2 1843 2438
1 2623 1482 2157 2178
0 1324 9
0 2201 2134
0 1619 2568
0 2452 740
0 1048 79
1 2206 434 745 2505
0 362 647
1 1619 2568 2629 1458
0 44 1181
0 338 675
1 1619 2568 609 2415
0 1403 1068
1 1260 19 2440 720
1 362 647 2439 1870
1 1109 2643 1658 52
0 2489 1794
1 617 2421 2606 1074
1 1891 2406 2641 1402
0 2528 878
1 2606 1074 617 2421
0 275 2065
0 56 1147
0 1650 1754
0 1974 230
1 2642 1234 338 675
0 2601 1554
0 665 2455
0 557 2373
0 2649 1348
0 2636 1204
0 5 1415
1 1439 2638 1974 230
1 557 2373 2452 740
1 2528 878 1619 2568
1 1260 19 2623 1482
0 1515 2612
1 275 2065 461 2283
1 2157 2178 1260 19
0 72 1107
1 106 1033 2601 1554
0 146 953
0 2237 2098
0 2240 468
1 2528 878 1651 2552
0 1944 208
1 1619 2568 1260 19
1 2651 1328 1515 2612
0 2559 1666
0 4 1341
1 617 2421 2636 1204
1 617 2421 2636 1204
0 514 491
1 461 2283 617 2421
0 1265 2069
0 2538 900
1 72 1107 2559 1666
0 2129 2206
1 146 953 2651 1328
0 35 1579
0 2291 2044
1 1324 9 2129 2206
1 2291 2044 617 2421
0 387 2209
1 2559 1666 1109 2643
1 275 2065 2651 1328
1 106 1033 514 491
0 695 2475
1 2606 1074 2439 1870
1 557 2373 2440 720
0 10 1311
1 2642 1234 56 1147
1 1048 79 1515 2612
1 2629 1458 1572 30
0 768 263
1 1651 2552 514 491
1 1191 2661 1658 52
0 474 531
1 2636 1204 2623 1482
1 1514 18 901 2579
0 622 387
0 900 167
1 5 1415 2538 900
1 1891 2406 1324 9
1 1410 2 2440 720
1 768 263 1891 2406
1 2649 1348 5 1415
1 557 2373 2528 878
1 617 2421 695 2475
1 72 1107 2629 1458
0 43 1609
0 1876 160
1 338 675 275 2065
1 1974 230 557 2373
0 1503 686
0 1375 2656
1 1022 91 387 2209
1 1876 160 665 2455
0 625 2427
0 2609 1530
1 2489 1794 338 675
0 38 1199
0 948 135
0 1859 1814
1 1410 2 461 2283
0 1201 2663
1 768 263 4 1341
1 2623 1482 1619 2568
0 3 1395
1 1439 2638 362 647
1 1375 2656 768 263
0 2650 1290
0 1215 2665
0 80 1087
0 306 715
1 1710 70 695 2475
1 338 675 2489 1794
0 305 2107
1 1260 19 901 2579
1 901 2579 1375 2656
0 1764 94
0 285 2079
0 1981 2338
0 348 663
1 306 715 1022 91
0 2575 1628
1 665 2455 1710 70
0 1212 29
1 1048 79 1764 94
1 166 917 1201 2663
0 1004 101
1 1439 2638 1260 19
1 1572 30 146 953
1 80 1087 2642 1234
1 625 2427 2489 1794
0 2252 480
0 1776 100
0 1767 604
1 387 2209 557 2373
1 695 2475 2129 2206
0 1675 2540
0 704 315
0 160 927
0 0 1375
0 1958 218
0 725 989
1 901 2579 1958 218
0 997 2611
1 1004 101 1675 2540
1 2206 434 461 2283
0 49 1629
1 1022 91 2650 1290
0 2092 1353
0 1117 2645
0 550 1865
0 1916 188
0 2386 638
1 695 2475 160 927
0 2633 1440
1 1710 70 2651 1328
1 695 2475 1974 230
1 1916 188 901 2579
1 1619 2568 275 2065
0 2445 1862
0 15 1483
1 1215 2665 768 263
0 1068 71
1 2479 1810 2650 1290
0 1777 2482
1 1710 70 1201 2663
0 841 2553
1 1048 79 1004 101
1 1324 9 625 2427
1 38 1199 2601 1554
1 1515 2612 704 315
1 2252 480 2445 1862
1 1068 71 1619 2568
1 2445 1862 348 663
0 2615 1510
0 1840 136
0 599 2407
0 341 2155
1 341 2155 49 1629
1 695 2475 1840 136
1 2623 1482 2615 1510
0 640 371
1 49 1629 2642 1234
0 2029 2298
0 2543 1227
0 2346 1287
0 2011 2314
0 1487 2622
1 2029 2298 2011 2314
1 43 1609 2642 1234
0 2420 688
0 576 429
0 2614 1102
0 2646 1256
1 10 1311 0 1375
0 2343 1986
1 362 647 1876 160
1 2575 1628 1048 79
1 2629 1458 2636 1204
1 338 675 2575 1628
1 2439 1870 44 1181
1 2614 1102 1109 2643
0 51 1635
0 223 1981
1 35 1579 43 1609
0 1057 2629
0 891 2575
1 106 1033 2420 688
1 2575 1628 44 1181
0 20 1265
0 32 1219
1 1109 2643 1048 79
0 1231 2667
1 2629 1458 2606 1074
1 768 263 1675 2540
0 2643 1392
0 2327 2004
0 2610 1088
1 2129 2206 2606 1074
0 1856 146
1 2615 1510 146 953
0 2024 270
0 483 2305
1 1515 2612 0 1375
1 609 2415 2528 878
0 795 2531
1 35 1579 1231 2667
0 1084 65
0 2371 1954
1 51 1635 2528 878
0 829 966
1 1856 146 1117 2645
0 290 735
0 2089 2244
0 25 1533
0 2592 1030
0 437 2259
1 483 2305 1212 29
1 1916 188 640 371
1 1776 100 1057 2629
1 1057 2629 695 2475
0 2530 882
1 2528 878 223 1981
0 1135 2649
0 1101 2641
1 2641 1402 1231 2667
0 1896 174
1 2011 2314 1212 29
1 2489 1794 2029 2298
0 240 801
0 2586 1014
0 748 279
0 1861 2426
1 2636 1204 997 2611
0 262 771
1 49 1629 2452 740
1 2642 1234 223 1981
0 2553 1678
0 409 1718
1 2420 688 341 2155
1 640 371 2528 878
1 32 1219 2489 1794
1 1048 79 599 2407
0 235 2001
0 2218 446
0 1153 2653
1 240 801 35 1579
0 1866 1376
0 2001 2322
1 2601 1554 2024 270
0 1391 2652
1 1439 2638 1212 29
1 35 1579 948 135
1 2386 638 1375 2656
0 656 357
1 2643 1392 1375 2656
0 1019 1370
1 1776 100 2386 638
0 394 611
1 1260 19 362 647
1 1439 2638 1057 2629
1 1777 2482 2606 1074
1 2420 688 599 2407
0 716 305
1 15 1483 2615 1510
0 1953 2360
1 1324 9 1201 2663
1 2439 1870 1710 70
0 178 897
1 146 953 2643 1392
1 178 897 0 1375
0 522 483
1 2206 434 2538 900
1 2553 1678 20 1265
0 2431 1880
1 2445 1862 38 1199
1 25 1533 599 2407
0 936 143
1 262 771 1515 2612
0 202 857
0 1018 93
0 1148 45
1 2445 1862 2528 878
1 80 1087 2623 1482
0 1807 2462
0 717 474
1 1410 2 1004 101
0 1399 2650
0 562 443
0 779 2523
0 2399 1920
0 99 1751
0 1327 2666
1 2440 720 745 2505
0 2620 1126
1 1410 2 901 2579
1 20 1265 2445 1862
1 948 135 2252 480
0 317 2123
1 1777 2482 1487 2622
1 2649 1348 38 1199
0 1340 7
0 94 1057
0 508 1167
0 2492 808
1 38 1199 2553 1678
0 977 2605
0 2546 918
0 2374 622
1 0 1375 2642 1234
0 284 1770
1 768 263 2011 2314
1 1068 71 2649 1348
0 763 2515
1 2371 1954 1375 2656
0 796 241
0 2579 1618
1 1084 65 1231 2667
1 25 1533 2649 1348
0 314 705
0 1599 2578
1 2579 1618 2575 1628
1 2291 2044 2420 688
1 1191 2661 0 1375
0 399 2221
0 1494 14
0 75 1699
1 1117 2645 1212 29
0 860 195
0 1747 2500
0 579 2391
0 1313 2668
1 341 2155 2420 688
0 1281 2673
1 2420 688 795 2531
0 1194 33
0 257 2037
0 1585 2584
1 2024 270 275 2065
0 2022 721
1 94 1057 2489 1794
1 763 2515 2615 1510
0 2502 826
1 1327 2666 2623 1482
1 2502 826 262 771
1 2575 1628 20 1265
0 2578 994
0 1595 1726
1 1215 2665 2606 1074
0 859 2561
1 2643 1392 75 1699
0 36 1205
0 1484 12
0 1748 86
0 1935 2374
1 1953 2360 1018 93
0 1309 107
0 2049 2280
1 1212 29 716 305
0 2618 1118
1 2629 1458 290 735
0 11 1463
0 1772 98
0 249 1404
1 841 2553 1281 2673
0 2593 1578
1 748 279 1084 65
0 807 2537
0 2270 500
1 1572 30 1327 2666
0 840 209
0 2607 1536
0 107 1767
1 341 2155 2636 1204
0 2358 602
0 1280 15
1 745 2505 1410 2
1 56 1147 2270 500
0 2160 390
1 1974 230 695 2475
1 1327 2666 1658 52
0 2120 354
1 51 1635 2452 740
1 1191 2661 1856 146
1 2011 2314 2371 1954
0 65 1140
1 768 263 1599 2578
0 2304 538
0 1812 120
1 2371 1954 262 771
0 1463 2630
1 1487 2622 1148 45
0 1472 10
1 2575 1628 36 1205
0 329 2139
0 1132 869
1 2651 1328 1658 52
0 880 181
0 1930 198
1 1018 93 1022 91
1 2270 500 2399 1920
1 840 209 11 1463
1 362 647 2489 1794
1 716 305 2011 2314
0 853 1211
1 1439 2638 1260 19
1 1018 93 240 801
1 2420 688 387 2209
1 275 2065 43 1609
1 901 2579 2160 390
0 2066 306
1 2024 270 56 1147
1 2386 638 2327 2004
0 28 1233
0 1247 2669
1 622 387 35 1579
0 1178 37
0 2461 1838
0 2619 1496
0 476 529
1 1812 120 1101 2641
1 341 2155 2066 306
0 373 2193
1 2374 622 841 2553
0 2338 578
0 812 229
0 291 1061
1 1004 101 2011 2314
0 2221 2114
0 267 2053
1 745 2505 2553 1678
1 43 1609 2374 622
0 1240 23
1 267 2053 557 2373
0 27 1543
0 1108 57
0 191 1927
0 1694 64
0 46 1175
1 901 2579 1514 18
0 212 841
0 1971 2346
0 50 1163
0 7 1433
0 1278 451
0 2624 1144
0 1571 2590
0 31 1561
0 2109 2226
0 136 973
1 1240 23 1399 2650
0 57 1653
0 1444 6
0 110 1025
0 2069 2262
1 50 1163 2386 638
1 1487 2622 2270 500
1 891 2575 1057 2629
0 205 1951
1 1514 18 1599 2578
0 458 2269
0 2052 294
1 80 1087 2643 1392
0 759 643
0 473 2295
1 2011 2314 338 675
0 2100 336
1 1484 12 1191 2661
1 1191 2661 948 135
1 1891 2406 2100 336
1 2620 1126 4 1341
1 812 229 625 2427
0 88 1069
1 2445 1862 704 315
0 2476 780
1 2615 1510 1694 64
1 202 857 2206 434
1 1048 79 1487 2622
0 1873 2418
0 959 2599
1 748 279 2461 1838
0 711 2485
0 2460 1475
1 2445 1862 2530 882
0 1720 74
0 1085 2637
1 257 2037 2206 434
0 2400 658
0 12 1301
1 2620 1126 1599 2578
1 7 1433 387 2209
1 1108 57 2615 1510
0 2245 2090
1 2575 1628 36 1205
0 2554 936
0 1030 87
0 1831 2446
1 1324 9 1057 2629
0 1037 2623
1 711 2485 7 1433
0 2144 1524
1 2606 1074 235 2001
1 622 387 2327 2004
0 1017 2617
1 1057 2629 1974 230
0 1499 2618
0 2147 2188
0 1623 2566
1 1057 2629 1215 2665
1 2641 1402 2643 1392
0 728 295
0 2596 1042
0 2328 566
0 2499 1778
1 4 1341 2643 1392
0 2520 862
1 1084 65 1201 2663
1 2651 1328 1515 2612
1 2439 1870 212 841
1 2592 1030 28 1233
0 216 835
1 807 2537 1748 86
1 625 2427 2252 480
1 763 2515 2206 434
1 1324 9 1117 2645
0 247 2021
0 2637 1422
0 1294 13
0 23 1523
1 1439 2638 745 2505
0 519 2339
0 499 2321
0 1740 82
0 295 2093
0 1230 25
0 1392 0
1 499 2321 2160 390
0 804 235
1 191 1927 1327 2666
1 2400 658 2440 720
0 2159 2176
0 230 815
1 1194 33 625 2427
0 97 1747
1 1812 120 891 2575
0 428 577
0 2653 1308
1 2109 2226 1191 2661
1 2100 336 373 2193
1 2445 1862 2593 1578
0 1337 2664
0 826 219
0 2116 470
0 2248 476
1 579 2391 704 315
1 2445 1862 362 647
0 2038 282
0 55 1647
1 20 1265 2653 1308
0 1475 2626
1 1085 2637 1084 65
0 2547 1690
1 20 1265 2499 1778
1 1194 33 394 611
1 2624 1144 2623 1482
0 547 962
1 1215 2665 1392 0
0 2570 974
0 2082 320
0 778 255
0 2464 760
1 2291 2044 1084 65
0 877 2569
1 20 1265 2623 1482
1 2596 1042 27 1543
1 2570 974 1048 79
1 2270 500 1399 2650
1 2374 622 1856 146
0 1678 58
0 2574 984
1 1201 2663 2029 2298
1 576 429 2291 2044
1 2586 1014 1777 2482
0 1374 3
0 217 1971
1 202 857 1777 2482
0 645 2441
1 745 2505 1048 79
0 2347 1626
0 2595 1572
0 150 945
1 1057 2629 1514 18
1 2575 1628 2386 638
0 939 1599
1 2649 1348 88 1069
0 2600 1054
0 1534 22
0 2484 794
1 2642 1234 97 1747
0 935 2591
1 2614 1102 1974 230
0 1927 2380
0 780 848
1 2439 1870 728 295
0 2175 2160
1 1280 15 1571 2590
1 2358 602 2066 306
1 36 1205 43 1609
1 2328 566 665 2455
0 817 2508
0 1428 4
0 1554 26
1 88 1069 622 387
1 625 2427 1974 230
1 191 1927 267 2053
1 362 647 394 611
1 1215 2665 704 315
0 2273 2062
1 191 1927 2100 336
0 1663 2546
1 2629 1458 891 2575
1 2547 1690 50 1163
1 1048 79 1515 2612
0 613 1009
1 1515 2612 1048 79
1 1472 10 1599 2578
0 24 1249
0 688 329
1 1444 6 1747 2500
0 1707 2524
1 1324 9 1085 2637
0 2412 676
0 163 1877
0 2562 954
1 2374 622 557 2373
1 900 167 1840 136
1 362 647 1215 2665
1 695 2475 1916 188
1 2371 1954 338 675
0 330 685
0 1171 2657
1 50 1163 2445 1862
1 1171 2657 1280 15
1 1327 2666 935 2591
1 2374 622 2024 270
0 184 887
1 704 315 2579 1618
1 191 1927 1084 65
0 727 2495
1 150 945 341 2155
1 695 2475 1840 136
0 1308 11
0 2585 1602
0 1103 2255
0 1911 2392
0 2521 1740
0 423 2245
1 1840 136 841 2553
0 120 1005
0 1590 34
1 763 2515 1658 52
1 1194 33 901 2579
0 1598 36
1 640 371 1776 100
1 1428 4 841 2553
0 1826 128
1 4 1341 2586 1014
0 1757 2494
1 2530 882 1499 2618
0 2457 1844
1 2624 1144 305 2107
1 1247 2669 2371 1954
0 2645 1380
0 482 523
0 1794 110
0 67 1679
1 2547 1690 2585 1602
0 569 2383
0 1919 2386
0 2539 1706
1 1958 218 569 2383
1 2492 808 373 2193
1 2399 1920 262 771
0 2200 428
1 27 1543 2011 2314
0 2648 1272
1 1215 2665 1068 71
0 1992 244
0 1367 2222
1 1707 2524 1678 58
1 1281 2673 80 1087
0 2012 260
0 2591 1584
1 216 835 2521 1740
0 2255 1919
1 27 1543 2371 1954
1 807 2537 2024 270
0 2628 1164
0 1855 2430
1 625 2427 247 2021
0 1419 2644
1 1068 71 1337 2664
0 539 2357
1 1178 37 1247 2669
0 2191 2144
0 604 403
1 2160 390 88 1069
1 2492 808 499 2321
0 16 1281
0 2127 2208
0 130 985
1 11 1463 1444 6
1 2586 1014 57 1653
1 840 209 1571 2590
0 1789 2474
0 2625 1474
1 2649 1348 0 1375
0 823 2545
1 1392 0 1935 2374
1 625 2427 1678 58
1 665 2455 1840 136
1 267 2053 2358 602
1 763 2515 2082 320
0 2180 408
1 891 2575 1337 2664
1 2180 408 341 2155
1 665 2455 247 2021
1 1030 87 1057 2629
0 454 551
0 964 125
0 457 2279
1 1018 93 1247 2669
0 2043 1472
0 941 2593
0 918 155
1 877 2569 2180 408
1 56 1147 2585 1602
1 216 835 569 2383
0 2511 1758
0 2428 700
0 586 419
1 2600 1054 1215 2665
1 1308 11 1375 2656
1 763 2515 2100 336
1 2270 500 163 1877
1 28 1233 2646 1256
1 205 1951 2386 638
0 2357 1970
1 1571 2590 900 167
1 2400 658 539 2357
1 2624 1144 1840 136
0 917 2585
0 1090 63
0 2512 846
1 1048 79 2511 1758
0 1162 41
1 2304 538 539 2357
1 2024 270 625 2427
0 1933 1502
0 1078 67
1 7 1433 1958 218
1 2615 1510 2012 260
0 1614 40
0 2288 520
1 1201 2663 373 2193
1 11 1463 2502 826
1 2499 1778 796 241
0 190 877
0 276 753
0 2140 372
0 79 1709
1 2386 638 262 771
1 341 2155 2615 1510
0 1115 1323
1 2066 306 695 2475
0 912 159
0 250 787
0 2566 964
0 2644 1244
0 361 2179
0 19 1503
1 1048 79 1891 2406
1 609 2415 2100 336
0 2531 1722
0 9 1451
0 434 571
0 2407 1910
1 891 2575 1916 188
0 2416 682
1 796 241 2066 306
1 1057 2629 1974 230
1 557 2373 1085 2637
1 2492 808 4 1341
1 2531 1722 2646 1256
0 2316 552
0 87 1727
1 2461 1838 362 647
0 500 505
0 64 1127
0 2383 1940
0 2594 1036
1 2624 1144 79 1709
0 1638 46
1 840 209 2328 566
1 11 1463 2643 1392
0 542 463
1 27 1543 2649 1348
1 28 1233 1992 244
0 2380 630
1 2623 1482 27 1543
0 441 2263
1 56 1147 2082 320
1 2461 1838 1935 2374
0 1501 286
1 1201 2663 2439 1870
1 387 2209 1499 2618
0 1825 2450
1 2562 954 2252 480
1 341 2155 43 1609
0 183 1913
0 98 1049
0 2647 1366
1 2383 1940 1974 230
1 9 1451 2530 882
1 2531 1722 362 647
1 2615 1510 2643 1392
0 2415 1900
0 2348 590
0 173 1895
0 1128 51
0 1847 662
0 433 2046
0 1691 2532
0 376 631
0 672 343
1 1230 25 1484 12
0 1356 5
0 1299 2670
1 35 1579 2646 1256
1 1599 2578 1392 0
1 2615 1510 250 787
0 1531 2606
0 2567 1648
0 1357 2660
0 1551 2598
1 1215 2665 1108 57
0 2469 1826
0 39 1595
0 2632 1184
0 677 2463
0 309 986
0 415 2237
0 2236 464
1 43 1609 376 631
1 2649 1348 2066 306
1 1108 57 2439 1870
1 2629 1458 640 371
0 2309 2024
1 2586 1014 305 2107
1 79 1709 2567 1648
1 79 1709 2606 1074
0 2125 2210
1 2629 1458 338 675
1 2606 1074 35 1579
0 199 1941
0 984 113
0 351 2167
0 2640 1224
1 900 167 1499 2618
1 1280 15 1057 2629
0 2387 1636
1 640 371 80 1087
1 2579 1618 16 1281
0 1727 2512
0 1630 44
0 1445 2636
1 1247 2669 1911 2392
1 1108 57 1439 2638
0 1071 2633
0 1460 8
1 2469 1826 1215 2665
0 899 648
1 2647 1366 11 1463
1 1308 11 891 2575
1 2609 1530 1308 11
1 2647 1366 2609 1530
1 1571 2590 778 255
1 2567 1648 16 1281
0 63 1669
1 1856 146 290 735
0 6 1331
1 2606 1074 57 1653
0 2 1357
0 470 535
1 28 1233 900 167
0 1263 2671
