23 3
8 37 70
56 42 63
2 61 75
61 57 49
34 72 14
82 77 44
23 44 69
91 99 21
16 79 22
69 48 4
56 7 92
25 62 33
87 15 46
62 75 2
62 61 73
27 42 2
70 17 45
38 7 43
10 74 74
32 95 73
87 50 32
78 74 45
62 12 60
37
row 1 -19
row 12 11
row 6 -4
col 1 16
row 23 -6
row 10 6
col 3 3
row 21 5
col 1 -13
col 2 -11
row 1 9
row 8 -15
col 2 17
row 12 10
col 2 -17
col 1 -8
row 7 -12
col 1 1
col 3 -8
row 12 5
row 13 -13
col 1 13
row 21 3
row 13 5
row 10 9
col 2 -7
col 3 -4
row 16 5
row 14 -2
col 2 -13
row 16 19
row 16 17
row 12 11
col 2 19
row 2 -3
row 13 -2
col 2 13
