39 11
68 34 2 74 27 13 13 54 27 98 50
95 8 83 73 58 87 72 66 26 36 91
39 43 67 37 76 27 92 52 58 59 86
60 32 12 24 96 17 2 46 18 48 53
100 21 10 38 92 28 16 80 70 6 22
88 43 50 15 86 1 24 44 38 35 28
50 58 23 18 12 20 36 59 25 87 31
86 77 75 65 92 54 35 97 27 22 91
76 88 76 29 12 72 66 46 99 67 56
73 85 67 93 72 77 17 10 8 2 86
34 67 29 87 1 78 65 74 68 41 62
96 69 73 67 86 70 65 53 25 37 89
43 29 60 20 97 21 79 99 7 12 65
87 50 17 64 14 90 84 54 3 31 74
27 97 60 97 13 64 21 49 52 64 30
63 35 26 83 13 76 89 24 40 28 25
56 43 38 98 78 92 100 8 17 79 4
28 75 68 91 95 69 42 10 50 4 44
75 39 8 3 27 83 42 6 7 50 49
45 99 26 88 50 86 4 28 41 84 2
9 74 49 77 68 10 26 23 6 52 61
13 54 40 96 48 45 2 97 45 46 47
23 85 96 60 89 24 100 24 77 8 97
77 36 16 87 13 91 92 65 51 4 70
42 51 17 39 53 65 83 50 11 57 35
7 16 75 82 68 98 10 75 46 87 63
62 73 75 52 64 39 54 19 9 96 70
77 86 74 42 20 23 52 77 9 10 44
83 43 11 32 5 38 78 91 100 91 63
74 94 78 65 99 48 25 46 17 1 31
90 94 51 65 98 79 73 7 22 8 2
33 39 6 22 68 48 21 10 62 46 55
39 10 54 38 34 99 55 87 30 96 80
32 12 77 10 85 36 31 44 89 15 82
94 36 2 93 8 63 54 54 18 44 63
71 81 49 21 87 87 2 83 66 33 94
95 42 30 30 25 73 70 91 7 15 79
60 7 86 22 60 39 39 3 54 9 83
54 30 70 40 31 4 5 16 97 51 57
83
row 2 14
row 14 -17
row 31 -8
col 10 5
col 6 4
col 1 -8
row 36 6
col 9 10
col 3 12
row 23 -19
col 10 12
col 10 0
row 20 -13
col 3 -8
row 2 -15
col 1 17
col 2 13
row 26 3
row 26 -1
row 7 9
col 5 -9
row 2 1
col 4 -18
row 25 -13
row 35 -13
row 6 8
col 6 -18
row 12 -19
row 37 20
row 25 -3
row 22 10
col 10 6
col 9 -9
col 7 20
col 2 -5
row 13 -16
row 8 -2
col 1 -15
col 5 14
col 1 -6
row 24 10
row 32 16
col 7 -11
col 6 -19
col 2 6
col 1 -16
row 33 0
col 5 5
row 12 -17
col 9 -8
row 3 -15
row 17 12
col 8 14
row 17 -2
row 12 9
row 13 13
row 25 2
col 6 19
col 5 -20
row 29 13
row 3 10
row 1 5
row 15 -17
col 9 -4
col 8 4
col 9 -17
col 7 16
col 11 2
col 10 -14
col 9 4
row 30 -11
row 14 11
row 39 -15
col 1 4
row 36 -9
row 5 9
row 2 -16
row 32 18
row 13 17
row 14 -16
row 23 14
col 2 -9
col 1 -10
