5 41
11 86 49 7 74 5 3 50 50 52 41 22 38 47 80 24 19 10 14 62 33 56 10 65 50 95 20 30 76 36 41 86 74 41 44 47 97 47 48 46 50
89 19 87 35 51 10 53 60 76 66 93 31 75 57 33 21 28 14 96 64 6 33 37 98 77 35 95 75 35 92 24 23 11 63 9 61 72 13 20 47 78
64 30 5 21 14 25 48 27 73 63 85 5 51 82 33 86 28 59 72 20 35 46 30 97 54 42 68 18 13 67 47 77 96 3 97 9 28 96 87 52 59
71 56 9 5 41 46 32 51 17 51 85 62 32 33 67 73 53 36 86 19 35 62 66 37 10 26 16 5 12 67 15 83 75 76 39 15 73 70 17 42 21
54 55 52 86 22 25 90 9 62 60 43 75 25 32 84 2 47 40 14 14 7 48 88 82 86 54 54 55 22 95 27 75 50 79 13 23 55 2 83 16 14
48
col 40 -1
row 2 -5
row 5 -9
col 8 -10
row 4 -13
col 37 15
col 17 -5
col 27 -18
col 21 -19
col 6 19
row 4 6
col 1 14
row 5 -13
row 4 15
col 34 3
col 28 -12
row 4 -13
col 7 -4
row 3 -14
col 9 -5
col 35 -5
row 5 -7
col 37 7
col 33 -8
col 16 -13
row 2 -11
row 3 -11
col 10 5
row 1 8
row 2 -12
row 5 16
col 23 -12
col 9 -1
row 4 -15
col 30 -6
col 1 -2
row 5 -11
col 38 -15
col 25 -12
col 36 1
row 1 -17
row 4 1
col 22 7
row 4 11
col 3 6
col 21 20
row 4 16
row 2 5
