34 50
36 72 58 98 1 40 85 74 16 9 100 55 16 64 87 28 42 92 46 86 70 7 78 76 46 34 90 22 88 90 4 75 61 61 72 14 52 57 87 68 17 87 22 32 50 60 60 43 51 57
81 20 16 10 48 61 44 37 34 83 78 90 58 39 2 29 4 54 37 90 21 53 76 42 37 77 54 96 72 4 52 52 76 67 61 23 80 56 11 13 39 89 2 48 79 4 28 82 9 65
71 29 69 99 22 57 27 75 52 50 31 56 53 6 74 66 80 53 21 90 18 11 30 71 10 8 26 38 89 34 54 12 62 22 62 36 79 40 62 82 90 44 37 94 1 63 59 80 15 32
22 84 42 3 55 4 11 80 41 51 14 94 14 27 67 27 14 97 67 76 79 8 19 67 1 72 29 12 3 96 43 76 79 36 79 33 39 41 65 79 91 78 24 57 4 91 83 18 39 1
45 17 60 15 36 13 86 16 24 41 11 66 16 42 1 94 26 40 34 90 70 77 67 46 33 23 36 67 92 74 20 88 43 31 2 30 95 40 45 18 80 8 35 95 49 36 41 74 27 26
16 48 2 34 93 86 56 80 5 99 6 76 86 48 6 40 29 1 31 73 70 10 80 5 56 80 92 48 6 70 74 21 17 27 54 62 13 62 41 69 60 46 44 98 45 1 37 73 53 67
98 75 28 77 79 35 9 22 83 14 91 8 86 59 34 39 72 98 52 13 66 64 10 61 61 7 14 49 31 18 67 28 44 46 57 22 80 65 95 14 30 37 21 15 96 55 5 19 4 57
31 22 20 93 34 32 51 47 80 81 17 98 9 60 43 65 34 22 81 80 36 62 17 8 76 64 14 80 82 18 88 65 39 59 9 72 90 59 71 21 39 39 18 47 98 60 63 83 82 95
63 69 56 31 76 31 94 90 63 27 59 2 91 97 61 99 20 2 57 42 23 96 80 92 94 30 52 9 64 85 3 78 53 59 8 80 41 1 21 55 28 79 9 70 27 69 69 99 22 77
40 96 72 72 88 18 1 39 26 16 23 28 94 27 38 1 6 79 54 79 85 81 9 93 2 36 13 70 34 35 47 25 30 70 96 17 87 48 7 12 16 29 40 9 7 29 9 65 59 62
43 44 94 51 88 48 38 1 17 23 87 15 48 68 85 95 37 23 95 43 35 10 24 26 70 30 6 78 46 65 92 88 60 37 91 47 84 28 99 53 51 37 19 50 5 55 96 41 78 42
35 64 51 58 41 72 40 46 50 85 10 93 25 69 81 15 16 17 94 66 21 96 3 39 45 7 94 93 99 23 34 33 86 37 43 26 8 82 71 9 18 33 53 42 1 34 8 68 2 2
34 22 97 88 60 94 94 5 86 44 27 71 28 12 59 70 89 19 3 12 27 73 44 32 14 44 17 74 12 18 75 97 39 71 84 98 64 29 55 1 24 81 24 51 45 34 73 33 52 27
44 31 51 87 62 17 83 78 90 46 95 64 94 85 86 29 34 2 57 88 2 32 69 77 34 65 11 58 97 14 85 93 44 35 31 57 51 13 34 40 10 80 55 3 64 41 31 98 42 39
85 95 70 5 24 56 69 34 13 18 47 97 62 43 84 92 99 86 57 85 78 66 64 32 21 80 24 51 29 17 42 13 12 11 70 35 66 90 20 31 7 18 79 68 12 62 12 11 100 20
47 77 37 10 60 57 41 36 60 69 52 1 34 63 63 3 49 81 92 20 11 51 38 89 70 1 51 81 11 2 52 57 78 89 19 89 45 11 24 4 80 76 4 13 90 19 67 39 99 10
10 9 60 47 97 30 100 99 62 10 100 14 19 29 2 89 70 98 51 45 54 30 20 9 94 62 27 12 52 25 22 61 33 33 60 82 14 59 32 28 20 84 41 90 12 94 30 33 43 81
78 96 62 49 57 56 10 83 19 61 60 92 74 44 25 33 25 38 91 57 65 10 92 57 52 3 2 81 88 97 61 65 92 23 65 100 30 27 83 48 87 42 40 60 85 16 44 62 5 34
70 70 96 61 78 47 15 32 27 2 28 40 18 71 14 83 71 43 9 53 42 47 46 33 59 82 48 2 43 5 88 12 26 35 24 3 81 39 86 59 92 13 50 10 84 63 44 6 57 4
10 99 2 55 83 12 36 83 66 31 87 53 94 12 87 18 66 19 8 52 29 99 16 79 60 51 93 55 56 50 10 65 100 12 19 82 75 7 16 40 37 54 44 82 17 82 99 83 100 58
86 81 57 1 11 68 52 3 23 7 52 84 24 3 95 42 37 22 100 52 61 88 58 5 70 74 86 68 56 38 78 93 18 34 94 28 53 97 82 75 55 86 11 78 88 5 72 24 78 71
28 39 11 85 43 80 58 80 99 14 17 76 58 86 61 51 65 14 99 47 40 54 32 50 83 71 7 54 95 84 77 22 22 87 6 16 18 63 48 16 28 64 92 86 2 52 88 66 65 87
64 5 92 47 6 74 18 12 80 64 96 8 85 17 94 42 85 63 4 32 78 84 47 69 21 48 73 60 66 89 98 81 45 89 28 51 15 97 62 46 60 57 53 96 26 98 37 62 60 92
93 37 27 91 58 47 39 30 7 56 70 4 88 15 45 67 65 11 63 26 56 74 35 60 69 12 57 5 73 16 49 65 4 75 7 13 74 45 94 32 52 64 87 40 78 31 6 42 93 21
19 48 94 53 7 63 64 15 19 88 82 19 4 86 94 11 50 67 7 44 98 59 7 84 50 36 67 7 29 59 27 47 59 21 52 65 35 67 80 5 55 61 24 58 98 69 68 48 35 75
43 84 85 49 19 34 36 85 40 64 96 19 10 54 91 13 70 25 80 1 81 34 14 4 43 11 72 11 10 58 37 52 93 73 52 12 58 87 48 49 2 43 67 64 48 57 76 18 33 7
18 14 92 83 69 35 46 41 97 55 50 33 59 43 5 62 54 62 1 1 10 2 96 29 17 43 85 93 60 18 99 30 83 91 12 51 77 9 91 73 16 93 57 74 35 13 87 88 26 39
40 87 93 35 15 9 30 100 53 89 69 52 70 51 94 34 1 70 42 44 94 57 36 50 82 22 62 21 61 87 59 100 73 51 87 40 12 16 91 64 56 59 67 78 61 12 11 13 33 4
8 26 13 43 27 46 16 40 66 76 78 77 28 51 79 14 42 90 81 32 6 88 90 72 65 2 36 27 14 68 83 22 94 95 16 72 40 32 12 58 59 89 34 86 91 12 51 32 54 31
63 59 19 4 82 35 57 17 62 71 85 96 44 30 90 11 1 81 42 64 90 1 5 23 38 95 87 89 79 92 71 93 50 89 97 83 76 5 100 89 75 36 84 70 65 73 81 17 5 74
33 95 26 37 69 64 83 7 4 61 98 74 54 99 15 2 82 90 6 81 78 33 16 61 2 32 85 34 100 41 8 32 35 33 20 56 48 3 62 51 63 60 25 16 10 39 69 91 28 75
71 57 7 38 69 60 21 53 94 21 93 1 4 80 85 24 87 33 26 48 35 88 59 59 56 69 49 24 11 28 50 34 84 8 71 52 68 44 56 61 64 1 13 67 32 97 42 18 81 67
17 16 7 28 74 62 48 75 37 58 2 87 91 86 94 14 89 13 57 97 73 20 97 37 38 28 86 32 45 66 98 13 33 56 40 59 17 87 33 6 97 34 44 87 71 37 100 60 2 56
56 26 27 4 63 17 31 48 48 27 65 97 39 98 53 31 56 21 69 88 26 65 73 21 4 44 10 55 55 11 63 62 36 41 65 98 57 47 97 56 25 14 5 63 11 57 45 66 29 66
100
row 10 -5
row 1 8
col 40 -7
col 4 3
row 34 -7
row 17 1
row 10 -7
row 20 -19
col 20 20
col 49 -3
row 21 -13
row 7 -8
row 23 -11
col 16 9
row 27 19
row 32 11
row 15 8
col 5 -14
col 9 8
row 6 -4
row 33 -14
row 2 -14
col 37 -4
col 40 -7
row 23 3
col 28 19
row 14 -13
row 1 20
row 22 -9
row 23 2
col 7 2
col 38 10
row 20 8
col 42 14
row 34 12
row 10 16
col 12 6
col 5 -1
col 26 -2
row 1 -2
col 8 20
col 28 -11
row 23 0
row 33 -17
col 24 5
row 25 -12
col 27 0
row 6 -6
row 2 13
col 31 6
col 44 -8
col 15 17
row 25 9
col 10 -17
col 9 -5
row 28 -14
col 21 -1
col 36 -4
row 25 -17
col 16 9
row 16 18
col 37 -8
col 20 2
row 30 -5
col 16 11
row 29 -5
col 18 -13
col 30 17
col 24 -20
col 23 16
row 34 -13
col 38 11
col 41 -19
row 14 -4
col 45 20
col 13 -3
col 41 19
row 29 -18
col 3 -16
row 32 -20
col 44 -8
row 14 -3
row 28 -9
row 20 4
col 34 -1
row 27 -9
row 12 -8
row 19 18
row 26 4
row 25 0
row 19 -7
col 19 -18
row 29 19
row 8 7
col 41 1
row 14 -4
col 5 2
row 4 -7
row 4 4
row 25 -6
