50 50
47 2 37 41 35 30 28 79 70 20 76 71 46 19 45 49 19 69 86 43 45 12 5 91 27 27 31 4 69 79 64 67 81 100 7 67 82 35 97 3 54 24 73 51 42 69 51 61 38 37
55 82 48 59 72 26 85 54 81 5 85 44 72 17 96 30 83 29 64 79 31 69 54 55 20 96 23 70 8 60 6 62 94 5 73 17 82 9 23 14 14 7 58 37 23 5 66 57 33 82
87 15 2 40 21 21 35 95 43 42 55 100 4 100 57 28 16 38 36 90 52 1 48 61 37 70 17 55 78 1 88 64 15 89 4 87 10 90 81 4 32 87 3 87 86 59 14 54 49 49
95 52 2 43 64 38 12 80 44 42 80 31 5 46 20 8 32 81 50 12 84 81 99 38 67 36 49 32 41 97 32 36 48 33 78 63 23 41 42 66 82 73 49 87 18 68 46 49 100 95
12 83 27 62 72 45 98 20 76 38 16 8 25 15 92 2 77 14 43 70 32 76 42 80 62 11 47 60 59 98 6 23 80 33 84 51 77 33 23 5 23 38 64 47 5 55 1 81 69 43
3 100 70 96 31 32 7 29 43 65 26 100 39 57 84 75 59 13 7 81 17 81 19 80 28 23 86 28 55 6 22 9 57 91 5 87 74 11 15 68 27 40 68 66 96 51 40 55 15 98
35 31 79 5 62 6 79 100 85 34 5 58 94 62 100 98 100 26 8 15 93 35 6 12 52 54 15 91 60 29 40 94 12 18 51 73 75 29 24 59 14 29 68 8 42 68 57 41 45 65
7 89 51 65 1 54 18 67 44 77 47 83 22 58 53 72 83 27 53 6 38 66 86 5 25 27 24 82 20 68 98 26 9 48 90 61 1 59 27 96 87 25 30 9 83 34 32 17 61 84
74 98 2 60 2 78 86 78 59 57 97 8 83 5 7 24 65 59 35 43 54 21 68 36 29 2 69 13 18 81 48 91 78 1 2 32 79 40 61 89 96 57 97 30 62 3 54 26 62 88
69 67 60 36 54 41 37 75 53 6 55 100 48 85 1 50 16 31 89 76 19 84 84 15 14 45 18 19 23 31 58 43 97 17 30 51 57 18 77 61 23 31 13 70 15 65 71 82 95 59
9 13 95 93 80 60 89 97 78 11 79 35 53 75 3 82 77 12 51 5 72 73 36 36 95 2 100 65 36 94 76 96 59 22 88 38 81 77 86 58 39 64 44 44 90 98 77 19 9 28
23 33 100 10 68 46 64 20 63 99 13 90 94 71 11 34 8 91 62 93 100 100 8 95 43 98 92 72 16 53 99 90 37 50 100 4 96 63 75 10 13 40 99 6 10 9 91 70 51 52
14 50 4 22 96 46 71 87 17 86 39 67 27 75 17 26 31 64 88 57 73 52 96 71 10 6 31 100 27 33 52 92 34 55 65 29 52 35 15 21 72 6 87 99 32 55 24 14 18 64
71 90 15 66 12 76 23 94 76 49 26 79 93 59 85 57 87 36 92 54 8 63 59 47 13 42 53 89 56 71 52 26 12 18 91 24 94 14 17 21 14 95 99 6 53 83 15 40 70 6
45 30 20 3 76 33 96 28 21 51 50 24 76 62 93 19 37 38 84 5 58 49 99 8 7 52 90 21 43 12 78 87 41 97 41 68 81 36 95 53 87 97 28 14 58 73 84 94 10 19
98 20 68 97 27 74 100 69 46 42 80 23 28 20 19 20 87 52 55 33 4 93 29 32 59 38 56 94 83 65 13 33 36 80 81 63 5 80 83 50 73 62 72 52 33 42 71 71 93 77
55 49 70 36 32 80 73 87 73 56 3 37 88 39 68 20 53 72 99 35 73 71 48 96 22 80 38 92 2 82 68 56 82 89 91 13 20 64 51 45 71 54 81 10 92 49 29 44 20 79
30 45 49 77 40 70 8 29 13 9 11 32 64 92 73 7 57 92 22 7 36 92 60 17 53 3 65 33 98 36 11 27 80 59 3 72 80 10 100 44 70 62 27 34 54 99 40 62 43 61
68 30 4 80 46 8 82 62 40 80 50 50 6 81 8 61 52 39 22 4 34 92 65 60 77 18 59 68 31 53 80 99 82 83 78 28 42 11 41 81 42 42 30 100 23 89 60 26 79 81
29 12 24 94 71 100 63 81 19 94 33 98 44 15 32 73 94 73 83 34 53 25 28 34 24 2 22 35 27 100 67 8 63 91 53 34 42 15 14 61 60 47 58 3 61 42 75 54 14 10
39 19 86 66 52 61 19 26 95 98 25 13 5 40 3 57 73 97 23 86 9 83 84 18 37 96 59 64 49 73 73 40 91 10 57 94 70 76 19 16 73 96 28 29 35 83 37 7 79 59
44 87 93 80 4 30 75 15 45 76 87 69 15 29 78 23 22 99 50 93 14 22 88 41 2 22 23 38 80 53 97 75 39 41 54 95 70 29 9 66 4 47 34 70 27 63 44 100 61 94
92 74 67 31 15 69 52 89 6 83 42 54 58 32 95 11 78 16 91 86 82 46 84 15 67 62 30 11 62 90 4 5 64 70 36 30 38 39 18 96 22 59 49 79 43 43 41 20 59 32
58 40 29 41 6 96 55 35 6 16 77 9 20 40 30 7 21 20 46 90 15 67 1 15 97 43 58 89 62 68 20 19 59 49 12 64 44 66 51 1 33 79 61 52 70 90 59 90 9 56
79 75 22 79 90 70 73 99 58 35 66 30 5 24 30 16 39 25 33 41 25 65 19 85 69 88 74 79 77 35 34 8 61 7 38 2 28 11 100 85 97 17 14 1 40 95 69 79 19 53
19 43 70 38 27 38 77 53 68 54 39 53 13 51 59 50 53 86 12 4 22 8 21 88 61 60 82 81 90 1 33 61 95 2 50 74 91 26 78 58 31 16 10 43 18 20 45 22 57 8
26 79 16 98 66 28 9 99 8 99 99 92 11 46 94 60 19 84 37 96 94 68 63 3 62 80 75 58 54 31 66 31 9 33 28 26 12 36 25 19 86 75 10 96 20 55 7 90 91 44
85 36 63 99 38 76 31 64 34 84 95 51 14 3 35 41 81 46 28 57 64 14 31 25 61 3 32 68 92 74 63 29 9 25 27 98 52 57 62 85 92 56 87 5 10 21 97 90 66 77
46 81 42 29 58 2 83 89 21 26 62 83 6 70 59 33 67 63 41 28 47 85 35 86 41 45 6 38 86 24 66 84 4 7 12 13 8 46 1 81 71 14 15 77 35 26 61 2 88 53
81 86 37 68 71 78 12 29 67 49 52 32 32 7 90 95 20 49 92 72 29 63 86 44 91 72 21 3 25 8 55 58 93 44 25 16 73 88 44 91 36 47 74 20 5 63 14 76 11 58
48 40 20 85 35 62 8 55 16 33 14 70 90 6 65 14 21 37 1 16 27 88 14 100 7 19 14 73 46 25 30 45 16 1 81 2 14 89 56 29 21 69 50 10 26 15 75 99 3 75
66 82 14 80 33 21 50 47 45 95 23 26 40 38 78 72 39 91 60 46 19 80 66 20 41 91 34 15 41 89 41 7 70 55 38 54 27 39 100 71 33 22 96 24 11 73 96 49 15 7
46 85 39 11 4 79 54 90 94 94 78 86 52 99 40 41 4 66 79 56 88 64 77 35 87 40 59 34 40 73 93 86 57 31 96 13 9 49 2 54 95 31 40 98 81 31 39 84 97 17
39 84 80 68 71 19 7 29 4 98 2 96 83 10 26 79 22 87 79 23 40 25 5 31 23 85 62 61 21 10 29 59 45 61 78 15 79 36 44 82 34 45 78 16 6 55 46 28 41 77
2 33 1 7 63 75 91 76 87 63 85 68 22 82 28 51 96 6 87 91 39 72 87 68 39 93 23 85 20 15 13 21 47 65 79 62 40 22 37 78 84 74 45 57 7 72 8 2 77 46
45 68 17 31 35 55 23 9 91 94 76 3 67 22 68 45 35 59 66 24 36 50 49 81 6 55 52 65 8 81 10 52 100 78 83 34 85 57 95 75 51 70 30 17 43 97 61 78 55 79
53 90 28 1 22 85 55 74 50 62 6 11 66 5 89 48 90 73 56 36 99 6 5 28 74 100 24 87 29 30 65 81 72 44 81 93 28 87 18 77 48 75 40 13 79 28 12 21 52 68
56 50 25 61 78 51 12 53 89 40 83 5 20 6 48 52 50 27 38 68 56 37 42 95 50 73 22 13 93 73 32 100 22 9 12 51 59 23 4 99 62 86 3 33 43 50 84 92 28 73
59 83 10 53 77 11 77 50 23 21 22 7 20 96 15 32 46 25 54 49 75 68 86 77 52 80 78 88 72 5 60 82 88 69 86 16 31 62 66 54 34 87 12 54 34 78 37 80 54 42
80 28 9 18 4 61 97 81 48 68 37 59 2 76 28 87 92 58 49 57 63 34 95 26 87 29 3 23 60 56 17 39 83 25 8 38 37 57 70 36 76 7 95 77 82 74 64 73 83 64
29 98 97 24 23 36 4 78 10 63 85 26 53 68 3 61 57 39 69 27 27 44 33 73 73 66 98 36 91 80 51 19 29 99 94 4 34 49 81 44 11 17 21 64 84 23 76 93 14 44
19 92 39 3 64 11 68 61 98 58 92 48 29 21 47 74 24 32 23 56 27 85 72 48 100 8 22 75 100 35 70 70 26 61 72 41 23 91 53 21 1 45 20 29 17 18 54 92 50 28
47 28 13 70 75 64 29 97 39 80 83 60 49 61 72 72 1 95 15 54 15 15 50 86 95 66 4 48 57 5 28 55 32 92 24 7 55 5 55 45 84 89 5 85 49 28 56 2 22 70
7 36 36 56 22 30 73 77 30 29 81 57 83 12 48 58 70 2 62 76 99 98 65 3 82 65 30 89 66 4 11 24 91 46 79 64 76 51 40 57 31 72 13 65 84 12 23 5 65 36
81 63 33 97 17 66 61 99 55 79 2 17 2 92 62 33 8 89 35 47 45 18 19 9 82 54 72 4 10 89 92 42 51 76 38 20 42 51 70 48 81 23 16 34 66 77 66 73 18 53
20 14 22 90 75 3 95 46 59 4 34 50 46 37 77 35 8 70 85 77 69 65 99 84 51 64 13 68 37 30 20 8 95 41 97 69 96 91 15 54 46 100 55 91 88 31 26 95 1 62
23 69 79 21 5 29 37 17 96 25 98 68 32 92 60 80 61 55 22 27 60 67 78 14 58 66 97 35 12 49 96 35 69 26 7 73 54 95 41 2 19 38 69 2 82 80 81 42 35 2
20 46 21 49 12 78 14 8 64 78 8 11 64 28 37 22 53 42 17 93 43 87 83 63 89 64 43 21 57 29 75 76 74 95 24 85 72 90 44 87 19 3 97 82 31 33 3 35 27 71
27 69 58 9 84 98 72 26 18 28 6 44 55 79 38 31 16 61 20 11 47 90 66 44 71 48 28 25 82 54 48 8 75 57 69 58 6 92 83 23 72 88 67 26 18 56 8 85 17 27
48 15 16 13 58 38 60 38 15 41 43 62 100 17 70 68 74 75 12 8 49 83 47 67 60 17 23 68 1 91 46 100 5 62 12 15 51 23 52 17 63 94 30 15 63 99 82 88 73 45
100
col 27 -11
col 37 18
col 4 17
row 49 -19
col 12 -18
col 15 -12
col 31 18
row 11 16
row 9 14
col 34 11
row 7 -7
row 46 16
row 8 -3
col 11 -6
row 17 -9
col 39 -5
col 14 -8
row 33 -11
row 15 -19
row 37 -5
col 6 -17
col 19 -8
col 47 12
row 39 19
row 46 2
col 31 -6
col 17 -5
col 15 14
col 41 6
col 28 -6
row 22 14
col 50 -9
col 46 10
col 18 -17
col 16 -4
col 2 11
col 39 -3
col 10 -5
col 27 -2
col 50 4
row 13 2
col 20 7
row 19 20
row 19 13
col 31 2
col 20 1
row 30 -13
row 24 9
col 36 -2
col 30 -6
row 46 14
col 38 -19
row 25 -13
row 5 -16
row 19 15
row 12 15
col 16 5
col 47 -2
row 21 -11
col 28 4
col 50 16
row 5 -18
col 44 -7
col 14 0
row 35 5
row 23 -13
row 29 14
col 41 -14
row 18 -2
row 42 -9
row 10 -12
col 36 11
col 41 11
row 43 -17
col 16 5
col 37 17
col 27 0
col 21 2
col 36 14
row 15 11
col 37 10
col 48 1
row 34 -11
row 23 18
col 19 16
row 41 18
row 1 18
row 16 0
row 32 -14
row 22 -15
row 14 -18
col 9 14
row 9 2
col 9 4
col 23 -2
col 37 13
col 24 15
col 12 -2
col 44 8
row 35 -17
