17 31
38 49 43 7 89 96 23 61 98 50 55 42 12 92 64 44 96 91 35 52 87 45 35 15 27 65 50 85 59 43 29
96 92 23 54 32 19 29 93 68 78 99 9 42 91 72 85 86 62 71 37 49 67 23 15 94 39 64 30 97 7 11
45 50 33 98 33 51 26 25 19 56 24 79 97 66 51 33 3 64 3 91 12 70 13 27 15 3 42 44 52 100 6
96 49 39 93 34 41 71 58 11 78 33 90 74 50 92 58 52 55 60 42 19 81 6 97 95 9 38 91 60 90 96
55 90 34 99 23 27 21 81 37 50 65 78 75 15 69 32 66 24 92 60 42 72 65 38 19 73 27 9 84 16 56
90 6 42 89 28 68 61 60 56 11 25 34 85 91 2 69 56 25 60 67 18 83 32 55 1 56 82 61 40 49 17
29 54 10 69 82 77 82 41 32 44 17 65 80 7 19 48 15 95 59 81 13 42 64 19 94 20 100 7 11 49 75
91 54 84 12 35 60 93 28 43 36 44 60 67 51 78 15 65 72 73 97 36 66 61 55 60 80 6 18 42 6 92
32 60 75 43 46 86 87 73 80 74 69 39 41 19 68 7 35 92 79 31 27 45 91 33 56 22 39 73 63 44 64
47 55 90 41 1 75 28 25 6 53 93 45 45 11 64 51 97 55 82 28 34 26 70 66 33 92 56 5 54 100 20
52 6 9 93 6 35 20 31 40 24 23 36 69 86 100 71 82 6 52 61 91 29 31 57 61 74 64 65 27 15 84
31 21 44 23 26 30 94 56 70 17 31 57 37 68 8 8 49 14 11 62 4 40 92 12 100 65 76 17 43 90 52
25 62 96 47 88 77 40 95 98 9 77 55 45 44 62 4 45 27 67 6 31 6 49 94 57 65 21 25 59 63 77
84 24 24 30 11 100 70 58 98 30 34 4 74 78 65 30 22 92 96 79 74 53 27 67 9 43 40 34 1 2 62
84 25 85 66 88 36 87 97 33 16 30 36 41 59 53 70 32 96 65 10 69 69 88 87 78 30 26 63 83 79 76
18 56 60 35 95 47 21 91 32 88 72 19 29 31 71 98 14 66 15 76 86 35 63 73 64 45 50 26 79 81 53
96 36 64 31 82 11 3 24 42 91 95 60 19 77 83 68 91 100 34 66 86 69 80 10 32 76 11 10 54 91 62
52
col 10 -18
col 5 13
col 24 -3
col 10 19
col 28 -6
col 26 -15
row 17 2
row 9 -19
row 3 12
col 27 20
row 9 9
col 28 16
row 2 -4
row 17 -8
row 17 -10
col 8 -8
row 17 0
row 12 14
col 29 -18
col 1 1
col 2 -6
row 1 -17
row 1 -1
row 8 -14
col 8 15
col 5 4
row 6 20
row 4 -19
col 9 8
row 16 2
row 8 -7
row 13 -18
col 16 7
col 16 1
row 10 5
col 17 -7
row 11 11
col 15 3
col 29 13
col 5 -12
row 4 14
row 12 -7
col 20 7
row 5 -10
col 21 -5
col 19 -6
col 14 0
row 14 -4
col 14 15
col 10 19
col 21 -6
col 17 -8
