50 50
62 61 79 77 36 82 35 60 33 45 69 70 3 48 91 26 98 59 14 37 12 37 79 79 50 86 30 44 26 54 80 87 66 58 15 53 39 49 12 71 45 80 92 99 79 82 76 76 41 89
65 4 25 95 34 75 32 15 70 57 68 49 95 33 6 9 85 96 57 48 66 53 79 9 51 58 43 27 85 35 15 1 38 92 95 71 18 26 85 87 34 5 35 28 89 92 36 26 87 44
73 4 96 4 12 47 61 54 25 97 88 39 98 77 82 44 99 99 70 84 85 3 40 71 31 28 62 18 5 100 62 78 3 57 81 15 55 93 20 79 89 60 70 38 88 51 82 87 2 3
22 38 5 61 9 87 40 22 5 45 22 66 74 76 74 6 42 29 50 62 59 38 73 80 28 60 83 9 98 84 11 19 21 67 79 81 6 71 55 10 15 28 27 40 3 100 97 45 80 46
58 91 35 30 70 62 41 52 70 39 87 32 57 60 99 88 40 4 58 46 65 24 73 91 15 76 42 11 20 74 56 29 64 90 58 85 4 50 89 73 88 75 57 97 34 55 36 26 10 45
71 74 20 96 16 34 71 9 96 42 82 51 70 97 92 79 82 95 28 70 20 68 96 76 16 82 82 51 7 43 47 29 16 66 24 83 51 46 91 46 39 25 48 60 21 39 38 54 86 18
75 57 37 23 32 4 4 65 6 62 7 52 90 74 17 66 56 67 11 98 64 50 22 11 9 95 49 99 100 86 68 27 42 4 49 25 7 52 89 12 65 95 15 54 68 31 19 75 49 30
73 12 31 46 22 91 40 22 89 92 60 56 18 1 11 18 26 69 21 66 80 85 61 94 38 80 76 9 55 76 90 79 87 20 24 60 62 16 34 51 7 93 58 76 45 69 93 22 37 13
88 69 97 100 14 86 79 42 94 85 17 83 15 56 54 39 67 16 6 100 18 12 44 75 39 89 95 31 10 84 95 49 4 91 48 17 28 79 10 22 15 79 56 30 34 10 20 100 77 25
52 94 36 95 20 26 35 15 56 97 50 50 45 53 92 45 21 19 75 31 92 89 9 48 18 94 9 37 45 37 61 96 82 48 43 1 73 29 67 80 25 16 81 22 68 24 18 89 95 92
71 86 80 31 85 50 76 45 38 20 81 51 68 62 50 10 15 75 38 81 6 15 97 87 88 16 62 5 56 56 96 78 94 27 8 30 28 83 27 18 55 7 68 22 21 69 83 87 43 20
67 49 86 15 87 73 83 48 77 38 56 24 68 49 3 75 30 30 10 56 47 16 15 14 37 35 35 19 73 77 90 39 77 76 6 63 100 88 63 29 77 18 52 96 18 54 23 47 84 32
3 82 99 17 48 35 3 82 5 75 58 94 13 87 21 70 49 21 9 11 49 38 80 52 33 97 6 55 44 41 38 46 74 36 62 21 70 16 2 74 90 12 20 54 98 40 24 98 12 84
9 12 21 88 64 54 85 21 60 80 13 98 25 86 33 38 59 55 53 60 80 42 23 51 47 20 43 70 18 54 6 78 18 26 17 33 31 53 53 91 32 17 40 8 54 72 45 12 78 49
24 10 42 46 60 89 18 2 10 35 8 15 64 25 41 32 57 23 85 61 13 16 77 52 76 82 76 20 94 5 21 69 14 62 14 74 50 31 27 60 17 34 26 32 58 66 64 14 41 100
26 53 67 2 57 42 36 84 14 81 88 34 49 54 95 14 79 97 45 5 8 13 91 33 97 48 51 60 14 91 11 39 95 77 93 3 19 80 86 32 60 26 65 8 31 11 21 9 7 17
65 66 82 55 99 78 55 1 89 20 91 99 10 37 75 54 40 45 33 77 76 92 54 92 51 84 3 72 44 61 40 61 79 73 67 77 50 21 29 90 92 71 40 2 7 67 55 98 11 88
27 39 31 80 30 82 16 84 5 59 97 44 71 27 17 38 55 18 58 83 60 2 53 51 3 59 17 9 9 80 48 35 70 79 66 51 12 81 87 16 92 35 59 62 61 27 99 15 45 9
97 56 10 49 6 64 59 75 24 19 6 72 53 75 2 19 25 13 99 63 28 42 97 86 4 57 65 54 71 61 62 67 16 23 67 21 86 26 47 10 96 52 33 49 26 34 19 3 46 69
65 73 11 62 10 66 18 26 19 41 86 81 7 1 3 26 74 41 3 20 2 98 72 86 46 49 19 64 51 16 33 68 40 95 29 1 60 98 27 78 38 12 10 97 13 65 22 38 5 24
57 58 21 28 43 19 77 13 34 79 28 66 46 19 12 26 19 71 24 45 49 13 57 58 61 21 22 34 58 78 57 66 87 30 46 81 48 74 93 81 52 72 99 98 90 10 75 61 33 50
5 81 63 13 90 75 33 64 9 42 41 17 60 28 46 5 8 45 78 53 78 29 76 28 78 18 89 53 78 21 2 82 53 16 47 43 43 79 6 51 73 98 67 32 25 65 36 85 61 65
89 38 93 64 65 23 33 6 27 10 26 80 44 79 48 90 73 90 20 78 40 92 75 58 75 52 22 62 88 83 26 76 72 71 91 89 93 24 94 71 33 71 50 28 49 97 17 21 86 37
50 77 80 25 35 55 28 8 16 15 42 42 90 14 64 80 54 56 55 47 78 40 17 27 67 18 76 84 90 61 20 40 90 51 16 76 5 43 35 73 57 77 66 98 42 29 29 95 36 84
93 13 23 61 39 89 78 66 24 20 27 95 59 68 46 74 43 50 68 77 74 76 5 39 73 46 67 53 92 2 36 36 66 10 97 57 51 26 22 74 45 48 69 3 67 66 28 61 15 95
90 89 22 94 79 94 92 46 47 35 99 34 71 65 96 67 21 46 92 42 71 37 42 91 91 60 56 19 21 23 65 10 63 87 55 41 32 98 38 30 33 37 64 3 53 59 69 25 56 12
66 78 100 59 69 91 19 76 61 91 98 77 100 12 15 6 5 47 4 42 76 36 30 91 38 82 1 58 6 8 21 24 86 21 82 54 63 52 81 75 42 31 51 93 42 18 99 46 16 54
88 91 89 17 34 78 51 34 87 8 42 59 31 79 31 65 84 93 16 64 19 10 94 22 2 36 39 52 33 54 5 72 96 45 41 29 74 91 15 60 98 8 19 81 86 1 45 69 94 12
84 64 21 78 85 75 65 23 78 97 28 35 21 24 31 61 4 5 3 70 16 52 29 86 32 14 87 28 34 32 40 18 95 12 47 80 38 11 54 68 59 82 2 31 57 32 91 60 36 45
82 52 97 10 37 80 76 75 8 9 6 99 78 1 10 76 80 100 86 85 67 97 66 20 27 74 3 70 34 91 14 15 94 62 76 82 42 51 57 1 12 62 99 89 62 60 65 93 59 2
78 77 50 95 48 29 69 51 98 54 41 63 20 34 77 95 15 18 46 23 18 57 85 68 97 98 27 13 91 38 15 20 66 16 14 14 44 34 64 41 87 56 56 6 41 32 53 7 1 98
30 70 6 14 37 2 63 15 67 5 52 81 24 70 48 90 83 92 75 46 84 62 53 39 19 93 22 23 99 22 72 28 43 77 93 31 31 56 46 97 12 49 29 36 18 76 77 100 19 51
97 3 64 1 93 35 93 15 57 92 88 29 71 83 5 16 13 87 23 58 83 34 59 63 21 76 39 97 28 57 100 76 11 63 77 4 97 21 70 54 64 9 82 35 91 38 50 56 25 24
13 59 57 71 74 78 99 12 74 78 20 73 53 83 88 81 38 84 2 7 89 65 67 22 51 10 12 52 65 88 75 29 46 32 52 19 61 50 82 34 79 54 59 31 36 46 64 25 81 17
31 22 33 49 43 84 10 54 87 74 41 62 3 39 45 6 9 5 55 43 90 33 96 48 15 83 45 30 7 78 46 89 99 79 89 41 14 99 47 100 72 87 13 26 77 57 31 86 13 37
28 3 21 75 2 88 9 99 17 15 76 15 55 74 45 43 66 58 93 12 9 17 51 74 94 27 82 25 64 95 13 91 49 86 17 50 73 25 48 41 39 23 55 45 48 99 40 14 8 32
77 69 100 27 94 94 6 75 70 69 21 82 60 69 67 76 71 91 53 18 32 91 93 38 88 92 89 27 5 48 10 34 16 10 60 61 3 65 36 24 34 56 5 45 77 24 72 47 14 24
64 45 67 8 35 6 100 23 84 56 70 93 89 38 54 1 98 8 17 33 31 2 41 88 98 69 11 22 15 24 97 30 21 15 38 55 20 89 29 3 96 98 48 37 35 53 89 33 13 5
17 43 59 9 82 56 77 92 29 91 68 26 21 40 40 10 46 12 50 74 14 45 71 13 33 6 66 21 90 30 78 6 72 36 15 54 43 91 97 72 34 16 97 6 55 88 15 100 99 16
73 65 12 96 77 45 53 94 17 42 23 94 99 47 81 13 52 24 56 48 47 41 64 43 46 70 82 12 70 81 79 94 45 90 41 73 86 93 67 3 34 41 48 33 87 29 97 90 4 4
38 50 96 53 44 41 22 25 4 43 5 82 89 1 24 29 74 9 22 92 11 7 84 59 91 71 39 40 12 42 95 49 43 91 53 86 83 27 62 39 69 19 20 57 19 43 86 44 52 59
87 14 17 71 24 8 93 62 99 4 55 93 5 49 83 57 34 18 83 48 56 4 66 27 60 36 22 97 80 25 7 18 38 24 88 14 31 80 75 29 84 82 73 40 30 8 96 16 25 31
15 80 34 80 58 93 15 79 42 46 3 48 64 41 71 3 54 53 83 80 33 18 13 6 57 95 13 4 62 37 34 76 68 67 7 25 12 21 4 53 19 58 100 34 50 23 36 55 75 70
35 8 39 99 65 95 45 77 51 6 65 84 81 84 3 87 8 14 60 63 18 30 21 69 63 70 91 50 25 18 72 11 77 10 61 41 57 6 69 7 11 33 42 44 16 44 30 75 9 41
90 26 70 10 95 84 31 37 86 7 54 57 17 30 18 78 22 74 83 90 32 45 74 74 88 41 69 70 68 78 10 57 55 32 18 49 67 48 86 52 55 91 60 23 73 30 52 94 3 34
36 87 31 61 12 18 54 80 87 21 9 49 29 64 80 46 64 98 45 49 50 51 92 61 74 64 90 25 9 45 11 44 83 41 57 94 10 10 73 49 82 34 97 10 97 76 55 60 73 51
61 74 2 4 87 75 67 28 51 75 24 61 71 6 53 27 99 15 88 24 63 69 57 59 78 5 86 84 16 10 34 76 36 87 79 22 61 97 1 64 24 25 24 94 30 29 72 29 43 11
4 5 79 60 63 8 16 100 43 31 9 28 59 44 15 89 17 27 86 18 90 61 42 66 54 71 94 77 51 88 87 54 44 17 65 58 76 32 57 18 63 17 97 73 61 11 61 29 90 98
46 79 58 39 44 63 62 89 91 64 28 77 18 71 45 34 28 72 18 84 41 80 1 38 4 13 100 64 41 89 14 39 20 71 29 63 34 90 4 76 54 31 53 23 2 49 8 29 21 25
65 61 56 17 50 59 29 50 75 21 38 88 11 57 10 40 72 95 81 27 71 86 57 75 60 10 23 68 91 95 44 55 8 52 71 57 10 51 6 36 71 96 75 82 4 85 73 27 79 53
100
row 39 -15
col 48 6
row 17 -17
row 11 -7
row 14 -20
row 23 3
row 11 -3
col 35 19
row 19 -19
row 50 6
row 48 4
row 23 18
row 22 -15
row 17 0
row 18 19
col 27 -20
row 41 -4
row 3 -13
row 18 -5
col 11 -5
row 7 20
col 14 5
col 46 16
row 38 0
col 50 -19
row 1 -10
row 43 -4
row 47 -4
row 48 2
col 14 8
row 5 -9
row 7 0
row 18 19
col 12 12
row 45 -5
col 33 8
row 49 -4
row 3 15
row 31 -13
col 3 -9
col 16 16
col 19 6
col 38 -4
col 45 -6
row 5 -19
row 39 -4
row 21 1
row 43 10
row 10 -8
col 41 6
col 41 -13
row 24 14
col 49 -8
row 15 0
row 9 15
row 31 0
row 30 10
row 2 16
row 44 -3
row 3 17
row 44 -18
row 22 -13
row 43 16
row 26 -19
col 33 0
col 8 6
col 34 -12
col 13 -1
row 44 -1
col 12 -10
col 19 -14
row 32 -16
col 23 13
row 25 5
col 40 20
col 20 16
row 5 15
row 15 -6
row 44 -16
col 5 3
row 34 -9
row 28 2
col 9 -12
col 27 4
row 48 -12
col 35 20
row 15 -2
row 20 -8
col 3 2
row 7 2
col 34 -12
row 32 5
col 22 -20
row 43 -8
row 24 2
row 49 -8
row 23 -10
row 33 6
col 39 17
col 36 3
