50 50
87 64 94 43 78 28 12 64 71 28 79 4 31 41 38 95 3 29 57 27 25 92 66 93 8 9 42 2 89 94 2 75 9 47 69 38 74 32 53 96 59 32 100 42 72 89 36 27 70 92
5 46 35 22 38 43 31 79 96 71 24 49 97 85 47 17 22 20 48 27 68 58 58 19 99 81 7 87 59 28 78 63 73 65 85 10 59 67 41 6 89 64 54 85 48 100 53 22 71 100
48 38 57 57 56 8 89 15 94 48 42 23 62 15 87 46 76 97 64 16 2 4 32 7 40 79 6 92 100 29 91 99 66 100 55 74 7 44 88 100 43 81 22 4 95 61 2 23 57 65
90 11 21 21 17 60 100 75 52 51 3 42 50 20 93 56 93 99 51 32 50 93 13 24 97 59 36 50 33 44 66 23 54 86 43 23 46 42 97 97 45 51 90 94 70 35 1 15 33 52
98 35 96 10 58 44 21 45 93 53 88 59 75 94 44 18 16 89 11 12 37 55 14 79 100 83 13 1 49 97 4 47 31 51 8 40 95 80 84 87 85 24 45 59 17 41 28 32 81 39
95 18 45 8 48 45 42 60 97 91 8 52 89 39 2 48 30 96 80 66 35 64 89 31 22 5 71 2 88 52 92 82 21 36 41 68 32 82 79 80 24 86 31 64 76 85 64 6 32 43
23 66 6 11 97 79 67 19 80 54 70 71 87 90 7 27 9 90 60 87 70 84 25 52 99 100 36 62 57 68 4 79 85 9 41 33 40 7 52 19 12 21 42 98 63 100 76 23 89 88
62 58 23 86 10 21 37 97 83 94 16 38 24 1 99 65 33 38 23 36 56 35 9 97 84 71 96 12 45 37 99 6 94 21 91 55 93 80 4 27 73 19 65 48 19 63 12 4 100 87
39 7 21 47 56 56 69 51 67 66 39 17 71 33 89 14 39 82 93 42 8 17 13 24 64 31 86 28 86 37 14 77 44 86 75 99 41 96 1 60 61 40 28 31 24 17 96 14 98 88
8 57 4 20 33 68 2 70 47 88 7 60 16 2 97 90 52 89 85 4 100 97 95 28 80 70 44 75 84 93 63 91 1 18 62 33 37 63 3 83 2 61 94 17 62 42 7 65 31 43
68 30 40 15 9 71 84 52 45 67 96 59 9 49 77 70 81 65 33 35 48 34 95 93 51 8 35 9 72 17 51 92 98 42 6 7 12 89 10 9 8 6 67 16 54 95 86 86 60 70
73 59 3 19 3 5 27 89 13 50 5 16 93 3 9 50 9 73 39 70 81 98 27 99 13 32 94 50 18 5 19 42 15 74 60 17 30 86 6 95 88 62 10 80 64 70 30 24 42 20
46 74 17 72 73 81 4 66 31 73 22 1 14 36 74 73 4 56 11 61 50 98 23 11 29 38 80 58 14 74 29 59 47 45 30 19 26 33 36 8 57 57 8 70 44 34 43 48 89 53
8 38 2 82 48 30 20 79 88 33 52 16 43 51 13 72 69 90 57 57 97 13 65 56 35 9 89 77 8 77 81 15 66 82 49 65 11 68 44 50 52 47 18 94 97 82 17 18 71 25
26 19 90 90 74 24 98 15 52 5 43 32 72 9 65 20 73 27 39 68 29 90 67 46 35 15 79 3 84 49 28 9 19 17 99 44 40 96 58 91 53 1 74 24 61 38 95 85 16 33
53 44 74 71 41 60 85 19 62 69 19 41 77 37 57 75 33 48 23 90 90 75 42 15 50 2 4 96 87 20 28 91 63 53 61 4 64 97 74 77 65 93 18 94 81 26 68 13 74 42
55 15 16 96 30 17 98 33 12 36 52 91 78 67 95 38 22 58 34 95 35 51 39 4 44 20 29 63 84 54 5 38 69 72 34 50 41 83 34 52 70 86 43 47 4 89 36 77 47 21
71 33 71 10 36 66 81 16 81 64 70 37 2 90 60 87 39 100 21 72 52 90 9 46 88 64 34 23 40 32 95 63 64 66 24 51 83 4 67 63 19 88 99 20 77 59 58 67 10 30
90 13 71 51 58 58 66 44 32 6 75 27 68 91 44 91 93 26 46 59 41 64 98 91 36 74 1 93 92 11 75 34 23 45 84 33 3 49 76 86 6 2 12 25 44 7 67 37 33 12
47 25 76 45 15 11 70 68 55 62 78 29 95 52 26 30 84 80 78 11 65 36 13 29 60 8 35 27 44 19 38 91 43 65 87 10 27 56 77 82 17 6 62 11 57 87 40 41 66 70
3 83 5 67 11 64 75 45 42 18 16 80 60 58 96 46 67 23 2 95 4 18 100 17 81 57 56 72 49 73 93 51 55 49 18 17 65 92 14 6 61 29 37 21 86 33 66 5 55 19
99 10 89 99 78 69 7 33 92 55 58 37 5 64 85 74 81 49 17 46 55 78 74 43 98 11 75 15 67 29 86 18 90 74 16 68 94 74 52 85 28 9 73 84 73 58 10 5 6 26
2 12 3 75 7 52 37 81 19 56 62 4 73 51 29 40 70 22 13 22 58 40 30 31 75 54 88 84 10 45 62 11 9 64 37 15 68 26 47 38 81 8 93 53 11 21 44 80 42 56
53 99 47 83 29 21 88 68 57 50 65 18 60 73 33 49 39 52 74 85 89 54 45 81 58 55 1 1 86 42 56 39 93 54 73 21 26 12 41 34 61 5 51 73 77 36 21 67 87 94
3 76 99 47 8 8 53 9 8 39 2 15 77 94 68 1 15 45 12 55 79 73 11 81 45 39 16 17 5 3 10 7 30 60 6 37 67 58 97 74 96 99 40 24 92 59 24 58 3 88
64 33 60 74 14 56 12 29 72 68 83 33 27 12 92 32 1 10 89 97 83 37 47 74 60 91 32 36 48 86 23 64 19 34 89 32 41 1 12 64 20 95 96 46 58 39 29 58 48 18
7 82 54 5 55 65 95 38 100 43 75 74 58 93 59 46 76 99 98 88 62 18 82 9 15 39 99 44 49 46 13 7 79 18 11 85 82 58 74 34 100 49 59 9 41 18 54 17 68 52
56 30 21 89 90 35 79 89 30 27 86 94 85 17 11 48 1 45 5 75 30 56 23 88 64 15 5 17 83 73 20 90 54 40 78 95 75 57 83 56 83 21 50 20 37 12 67 89 56 71
63 37 78 37 25 41 4 81 9 38 5 29 28 10 68 5 5 94 61 39 50 96 11 51 15 47 14 33 36 22 55 50 58 32 39 82 72 42 15 80 79 71 8 6 81 28 11 37 21 71
27 22 66 38 24 32 84 38 64 71 59 18 21 16 49 11 50 72 52 16 4 30 86 63 88 18 90 98 54 63 20 81 84 38 70 60 69 5 97 33 76 55 2 48 22 51 58 23 74 9
38 77 90 24 40 77 93 29 26 47 43 46 79 27 35 48 86 3 52 34 35 79 40 89 78 61 39 35 84 12 95 21 89 37 96 80 65 89 60 91 87 3 88 17 29 22 16 66 76 19
99 63 50 38 51 27 50 41 14 85 52 8 58 92 96 53 23 61 93 83 3 31 85 42 99 65 15 14 82 90 85 32 4 34 21 54 60 70 94 73 55 98 33 12 41 80 16 64 92 61
46 46 43 30 87 42 46 53 7 27 95 91 58 98 76 78 4 36 99 97 60 53 46 44 16 87 76 84 50 67 44 95 13 86 76 51 79 21 4 86 99 50 28 8 47 4 85 2 91 83
99 2 88 96 98 55 82 73 38 31 39 81 77 3 19 52 54 97 24 57 82 74 6 62 81 4 65 65 6 55 100 56 8 39 51 5 93 85 77 31 67 16 63 44 70 81 47 23 30 23
31 63 96 88 24 77 92 88 93 49 94 44 56 2 82 58 6 27 42 35 9 9 2 71 52 71 4 50 94 33 72 24 95 68 64 71 44 7 58 36 55 4 80 10 57 13 19 62 39 61
96 47 69 97 70 72 20 73 21 13 57 45 88 51 12 51 21 55 57 31 42 63 86 73 24 42 86 43 55 76 3 3 23 23 51 44 46 70 16 18 82 72 62 22 74 73 24 47 79 33
77 21 95 14 45 19 55 30 13 9 6 67 63 80 89 14 23 86 83 90 3 17 61 65 90 86 37 13 32 16 45 60 88 40 73 84 10 27 66 74 88 23 40 50 2 80 15 76 65 50
17 67 66 29 31 55 14 20 19 46 87 64 5 26 55 78 9 16 56 74 89 95 96 80 97 49 59 11 24 23 60 92 41 77 20 72 83 34 43 2 79 29 65 35 54 71 64 62 86 72
88 74 66 83 53 14 32 63 25 7 37 36 99 77 13 18 100 95 51 42 96 81 70 12 68 23 82 31 37 67 54 24 92 20 6 96 33 89 58 9 96 94 45 46 71 9 63 70 55 66
64 3 98 33 66 65 8 48 48 44 66 53 19 10 72 24 5 57 65 15 17 60 8 13 57 30 73 19 52 28 36 15 30 86 99 95 50 6 94 49 1 60 2 19 21 25 43 25 33 59
39 2 70 99 14 26 80 87 96 31 14 32 97 95 17 96 41 18 1 35 19 54 46 72 72 18 96 66 42 81 24 33 82 93 83 47 18 62 33 14 45 98 97 41 44 65 88 85 82 41
71 52 94 68 23 65 85 71 31 78 51 54 10 84 47 44 30 16 6 63 29 50 12 77 42 56 41 30 92 75 70 14 26 63 81 49 27 17 71 9 94 21 63 56 4 61 99 33 76 4
47 5 5 59 81 47 66 74 76 57 48 45 70 73 59 2 73 85 18 43 46 11 15 8 18 70 68 17 55 43 72 1 99 29 11 32 75 76 5 50 32 4 46 53 28 4 54 53 40 71
47 85 34 62 44 51 83 63 19 37 58 43 38 56 71 100 39 45 76 95 46 59 50 43 12 78 98 65 30 89 88 76 26 21 89 69 23 72 32 94 60 41 36 49 96 58 49 87 54 24
33 51 34 83 93 45 60 42 62 41 30 49 68 55 21 57 76 95 80 59 88 39 99 75 88 46 32 88 32 85 11 17 35 96 99 79 93 58 20 54 50 50 54 17 56 74 73 31 20 4
41 8 43 39 82 82 85 14 69 68 50 31 84 37 26 82 67 18 91 87 23 92 88 76 9 43 1 33 26 21 37 66 80 31 57 61 12 41 26 32 60 28 14 96 64 91 29 30 61 72
68 83 63 55 11 71 50 63 4 27 35 40 44 66 22 100 27 85 92 4 16 4 31 29 99 46 71 27 28 31 98 47 66 61 2 76 83 3 90 86 81 77 77 24 42 98 76 68 82 67
24 49 70 6 29 20 4 100 47 31 30 96 77 95 56 30 22 39 84 12 76 64 88 53 40 29 2 15 49 84 33 24 32 55 29 61 74 32 12 72 14 41 68 91 88 23 72 9 13 8
72 41 71 59 45 10 40 46 76 40 81 9 63 13 63 91 25 88 75 36 60 88 28 27 30 15 1 2 76 66 9 47 6 31 58 50 93 97 47 68 88 28 28 50 92 42 92 16 30 66
3 41 6 82 67 35 97 19 88 72 84 48 70 41 79 27 90 23 23 37 42 62 16 70 11 7 63 55 74 92 72 28 84 77 9 50 12 57 21 99 80 4 99 50 45 77 76 86 99 51
100
col 12 17
row 25 5
row 29 14
col 50 8
row 27 -20
col 40 1
col 40 -16
col 38 7
row 16 13
col 16 20
col 6 14
col 18 -5
col 43 6
col 10 11
row 12 6
row 15 -8
col 39 10
col 18 -16
row 41 13
row 1 19
col 35 -2
row 8 7
row 27 -14
row 15 -12
col 50 20
row 40 -9
col 42 -11
col 36 -13
row 23 14
row 27 4
row 50 -11
col 7 9
row 22 5
row 21 17
row 8 -10
row 9 10
col 14 13
row 14 12
row 49 -11
row 29 -19
row 25 -13
col 42 1
col 48 -3
col 37 5
col 20 16
row 7 14
row 15 13
row 32 4
col 25 -6
col 38 17
row 17 -9
row 50 14
col 44 -6
col 27 20
col 16 17
row 11 -12
row 1 -15
row 30 20
col 33 18
col 32 12
row 3 -13
col 48 -1
row 26 -12
col 7 -11
col 15 -4
row 5 20
row 37 11
col 28 4
row 44 -10
col 29 17
row 17 10
col 31 14
row 14 10
col 15 17
col 23 -18
col 3 19
col 16 2
col 26 4
row 11 10
col 49 -4
row 26 -1
row 12 -12
row 2 2
col 44 12
col 11 19
col 22 19
row 36 20
col 9 -12
row 21 4
row 5 -17
col 42 2
row 38 -12
row 40 -3
col 27 5
row 3 16
row 36 9
row 26 -14
col 14 17
row 28 7
row 9 7
