50 28
82 2 66 31 32 42 37 10 55 56 69 94 48 41 45 30 81 28 17 21 67 70 27 61 93 30 42 12
54 28 13 35 81 78 17 12 71 53 73 77 60 93 71 60 85 67 89 18 94 5 38 61 27 65 73 19
46 14 30 99 93 94 85 73 23 1 36 45 6 61 22 65 5 92 24 90 10 13 7 3 69 96 15 95
60 39 13 6 53 95 56 97 40 41 22 15 41 9 59 46 69 80 63 74 23 86 15 32 50 73 87 19
68 1 13 80 92 78 85 44 24 92 92 15 32 13 29 73 22 40 70 42 19 84 67 94 22 81 25 71
5 11 41 25 64 6 4 55 35 40 50 10 31 93 24 63 6 5 87 79 44 8 72 14 92 39 7 13
71 84 35 28 46 76 52 9 81 55 15 15 94 16 24 24 9 99 38 66 55 24 96 98 32 67 64 75
57 22 39 80 5 73 7 51 100 58 11 32 64 78 98 57 93 73 32 53 72 70 18 26 93 65 76 76
84 91 2 92 12 40 71 69 65 29 71 64 86 81 96 1 10 93 57 3 66 89 7 89 10 25 66 2
41 93 30 24 83 83 16 47 23 38 15 39 67 37 2 4 69 49 5 79 94 13 33 11 1 39 99 10
15 64 64 56 9 45 31 91 27 46 37 1 36 3 39 2 39 93 57 60 93 61 38 86 74 70 96 26
60 46 88 75 62 3 30 70 47 12 60 25 58 49 26 93 3 16 46 42 60 2 1 53 63 90 38 88
11 86 65 70 31 52 44 92 6 25 61 52 37 73 29 46 21 6 90 23 73 35 16 33 36 68 85 50
57 22 89 67 7 54 89 38 57 32 81 63 9 42 66 97 14 94 42 86 51 31 8 24 17 76 56 4
95 40 6 52 13 94 70 20 99 58 9 56 42 89 18 2 82 83 98 47 29 39 32 79 21 92 2 37
19 57 92 13 48 97 16 61 91 86 32 89 95 92 96 88 80 13 89 14 48 86 60 28 76 44 6 96
35 60 84 5 68 76 17 16 24 33 28 14 70 59 55 16 50 50 4 81 15 92 46 14 30 6 41 5
1 98 53 87 57 36 91 77 63 7 44 87 91 71 52 60 81 58 76 82 8 79 14 74 22 60 87 3
17 27 8 69 76 12 55 33 99 45 61 62 3 4 100 94 26 3 5 58 61 80 39 68 10 4 93 84
15 79 86 83 57 45 51 32 56 57 16 7 53 76 68 56 79 19 1 56 21 57 13 81 89 51 100 50
7 92 33 21 22 71 4 30 15 6 62 23 63 77 29 15 5 48 22 35 18 74 91 90 31 3 71 19
54 22 68 12 66 53 32 39 23 87 69 89 45 30 63 7 58 43 73 14 42 95 49 59 68 39 49 50
41 71 68 46 44 88 57 61 40 41 100 14 27 68 2 71 49 17 29 58 59 2 72 1 48 20 11 15
58 59 65 98 81 84 96 25 23 52 85 14 92 36 27 71 55 81 41 3 97 22 13 7 23 84 59 70
55 70 36 64 80 52 61 61 88 8 37 10 60 21 24 51 9 2 21 63 82 14 66 30 87 30 89 61
13 47 82 19 68 69 82 48 21 42 60 60 2 96 69 61 68 44 63 76 46 36 39 79 1 56 61 87
85 1 99 49 47 80 67 67 48 48 14 20 41 73 79 42 68 100 2 35 43 65 11 40 52 1 71 52
56 83 90 40 83 88 88 29 67 54 95 66 1 60 86 41 32 64 35 51 63 36 38 58 52 100 97 3
100 19 6 7 1 95 46 83 82 85 64 100 90 10 66 42 70 51 34 53 66 68 4 81 56 93 38 7
92 86 62 43 5 67 49 5 14 46 40 95 82 3 47 71 12 12 64 33 14 49 86 31 17 41 11 72
33 48 30 76 86 91 18 90 10 66 46 23 63 85 69 44 39 15 66 51 78 29 83 43 77 20 74 45
12 36 68 44 36 98 71 21 40 88 10 1 5 7 75 67 44 44 62 82 10 27 84 88 55 19 30 84
38 55 80 50 91 48 45 26 97 16 46 88 55 7 41 12 13 15 78 56 58 40 38 68 18 21 7 25
39 36 8 29 91 39 30 81 86 74 6 34 41 3 22 48 9 62 59 21 76 36 29 86 27 18 5 45
90 11 69 29 98 28 9 40 66 38 72 4 63 29 37 4 31 10 3 39 71 61 12 99 48 92 36 75
9 92 71 98 2 91 78 51 70 86 91 87 75 62 90 38 43 27 93 73 36 95 64 59 55 75 9 2
66 44 28 74 35 50 23 88 92 1 38 61 38 80 48 13 94 37 2 36 15 46 60 3 92 23 61 98
49 69 51 14 64 31 39 50 80 14 37 72 14 26 84 3 58 31 67 3 20 20 38 34 65 49 36 8
72 48 5 20 68 56 86 31 38 76 80 17 89 68 40 54 46 24 57 3 6 75 5 25 95 94 11 11
42 98 19 65 46 75 37 65 82 74 96 19 49 27 88 90 47 27 43 92 2 51 46 8 78 50 84 72
95 94 34 88 92 52 5 89 79 41 53 60 66 48 79 14 27 66 55 73 44 50 16 46 52 61 5 29
62 88 52 56 82 86 95 73 89 99 61 67 91 65 27 56 13 57 22 91 74 76 15 17 25 30 14 77
42 18 57 3 6 9 10 39 94 4 11 82 3 23 49 93 87 27 49 51 83 70 93 56 97 7 24 22
88 38 50 29 55 58 31 12 66 40 50 11 44 12 45 98 86 45 42 25 71 90 75 5 11 68 12 8
26 35 81 14 72 82 42 79 39 25 90 57 64 92 67 59 3 11 8 89 7 50 13 77 91 39 81 2
58 44 61 84 79 93 49 50 74 90 80 64 66 22 20 30 13 87 40 67 49 48 7 56 49 19 84 39
10 17 92 19 60 4 54 38 96 2 40 21 44 71 85 9 92 4 90 4 42 30 71 43 29 29 50 77
100 85 67 9 1 11 27 13 14 81 50 10 34 41 82 77 12 66 86 3 22 75 59 15 56 81 9 36
9 10 64 8 95 31 68 95 41 47 7 6 79 9 67 12 1 49 89 12 66 26 67 39 52 77 54 60
57 14 95 17 24 11 77 18 41 44 64 33 90 23 90 68 83 57 32 83 57 72 47 22 97 65 61 100
100
row 9 -18
row 6 -16
row 16 10
row 8 -11
row 42 20
col 25 -11
col 9 14
row 43 6
col 3 -2
col 19 -19
row 44 19
col 14 -8
row 30 -20
col 6 19
row 40 -6
col 12 15
col 26 15
row 25 18
row 49 10
row 40 20
row 20 -9
col 9 12
col 16 -15
row 39 13
col 7 7
col 28 1
row 22 -12
row 50 15
row 27 -6
row 49 20
col 7 -9
col 7 -1
col 16 4
row 49 -4
row 3 -14
row 35 17
col 8 18
row 15 -19
col 18 17
col 10 -18
col 15 2
row 25 -8
row 44 10
col 9 11
col 7 -3
row 35 -18
row 5 3
col 1 17
col 23 15
row 27 -6
row 37 -8
row 12 20
row 4 -9
col 2 -7
col 25 17
col 20 10
col 14 -5
col 17 -16
col 20 12
col 14 14
row 13 -10
row 3 -7
row 44 1
col 25 1
col 10 5
col 4 -16
row 3 16
col 12 18
row 7 -7
col 10 19
row 39 20
row 36 18
row 19 -15
row 31 -6
row 26 -5
col 8 7
col 16 -7
col 12 16
row 33 -5
row 33 3
col 2 17
col 25 8
row 2 20
row 38 -19
row 16 -12
col 6 -2
col 13 3
row 15 15
col 23 3
col 6 1
row 11 2
col 28 18
col 24 19
row 6 -9
col 21 -6
row 19 16
row 10 17
row 38 -6
row 26 -13
row 31 7
