50 50
16 49 87 51 74 60 35 25 89 56 37 95 48 26 3 73 62 58 72 84 79 94 22 21 77 77 100 67 36 12 3 3 12 41 53 37 53 87 14 41 42 50 35 42 75 89 14 88 98 85
23 76 31 44 97 7 72 96 73 59 59 27 61 23 20 66 59 72 4 24 64 98 74 98 39 100 38 52 88 35 89 62 10 19 58 58 25 29 54 49 40 64 28 52 38 99 17 49 70 73
72 33 70 45 82 8 45 19 11 84 5 99 97 14 17 54 24 93 35 29 94 74 92 21 77 30 71 46 30 40 18 1 24 87 46 57 46 42 75 56 77 31 55 73 96 71 27 19 16 13
47 9 38 39 81 14 20 51 59 49 42 28 1 65 14 46 21 11 39 47 67 15 77 73 40 72 95 18 43 10 30 89 18 67 79 98 80 50 48 91 98 89 18 99 5 84 96 77 94 87
75 12 1 3 84 92 27 79 9 69 88 38 57 58 4 36 55 36 37 55 78 35 95 95 85 100 30 32 28 76 70 3 87 23 5 71 14 83 1 23 51 40 60 60 97 16 95 4 3 31
58 80 17 52 26 53 3 56 37 31 31 6 85 69 28 41 91 42 24 91 16 74 31 75 33 79 42 79 82 44 62 39 75 30 43 1 35 45 8 71 27 90 28 11 58 8 52 49 49 75
91 16 48 73 90 33 52 84 11 33 27 24 24 54 54 66 54 40 62 13 10 89 2 89 51 11 96 2 11 96 28 2 11 28 74 53 60 77 36 22 10 14 46 85 19 51 50 72 90 63
36 51 51 89 91 54 52 39 55 62 34 83 15 97 10 41 1 21 17 88 42 78 1 39 62 20 41 63 43 82 26 31 84 28 19 75 81 70 13 88 84 98 22 98 94 31 90 46 3 7
33 44 36 34 35 50 5 27 12 99 9 89 29 92 17 100 18 49 21 30 88 4 80 9 54 25 91 43 71 93 1 3 89 37 88 23 86 44 49 49 43 9 38 23 1 6 74 70 6 95
52 94 98 31 2 51 55 93 46 25 37 46 80 25 34 67 47 71 11 48 20 5 56 9 79 8 14 53 78 71 47 29 64 44 11 18 47 17 62 92 94 98 89 73 23 75 39 21 45 1
68 16 5 76 24 84 83 89 36 12 60 34 92 23 29 54 92 75 71 53 18 64 51 7 36 25 33 26 45 77 27 65 93 83 40 68 66 74 57 53 38 16 86 81 90 15 35 82 41 5
34 59 20 36 17 7 60 49 32 57 77 10 21 69 93 12 89 10 85 45 15 74 12 52 55 1 18 89 34 59 45 20 69 16 55 37 22 67 37 5 75 13 67 47 34 11 58 22 20 94
66 86 68 29 38 74 29 55 62 63 65 58 82 33 73 88 69 46 6 5 50 80 70 68 78 3 78 35 76 98 29 93 35 48 21 72 21 49 79 34 63 43 43 96 76 15 36 96 12 41
53 13 73 22 81 50 76 58 37 3 7 17 95 42 64 15 65 36 15 43 69 30 38 63 25 65 29 12 12 40 5 64 52 29 37 32 30 64 42 66 66 48 82 60 41 97 26 6 84 93
100 4 22 89 66 98 53 94 62 65 33 66 80 37 94 69 20 23 32 61 89 50 61 22 9 1 71 87 58 54 79 10 58 52 98 23 1 3 17 62 19 1 79 50 37 72 18 57 95 2
69 35 51 29 8 11 82 78 97 91 84 27 100 41 30 50 15 83 4 83 44 74 84 23 23 72 46 93 80 92 94 49 78 44 29 86 54 62 15 3 53 98 29 52 90 11 53 5 93 56
87 88 29 70 62 4 94 8 96 73 99 89 73 29 84 2 14 89 63 28 91 67 78 72 19 67 82 23 71 74 31 58 13 59 79 75 14 72 34 9 97 84 49 69 12 84 22 25 73 37
5 63 3 82 34 73 100 15 96 71 40 26 80 53 36 10 79 50 34 12 10 82 95 11 50 7 94 24 31 66 60 87 81 14 20 14 39 20 81 34 42 20 11 73 24 98 82 2 99 67
65 61 48 60 71 50 66 16 73 48 82 84 35 14 49 6 27 87 25 7 72 66 79 82 38 54 32 72 8 30 38 72 90 38 83 12 87 48 28 11 48 61 46 34 74 94 39 52 81 16
11 52 81 89 86 71 94 69 42 1 98 31 25 40 68 7 3 6 7 82 16 54 94 61 39 19 7 77 71 87 92 81 90 25 21 27 95 66 95 88 19 45 18 43 36 38 49 38 43 55
72 11 60 65 23 98 84 29 75 6 67 18 38 57 42 58 35 88 75 30 75 93 74 45 35 61 34 36 98 28 90 21 38 2 86 13 99 21 93 25 26 60 95 63 68 88 72 2 76 46
31 2 39 56 98 25 16 31 60 66 59 2 86 48 3 23 60 53 43 5 30 68 64 24 30 31 11 1 32 38 99 15 40 89 22 37 13 90 20 25 55 78 26 92 77 80 15 89 32 57
93 61 25 56 36 6 38 47 59 21 84 57 87 75 45 9 64 9 98 83 33 4 12 58 95 88 89 9 76 73 66 20 33 42 27 21 47 64 67 5 37 2 61 23 77 57 83 40 66 32
22 98 35 85 8 30 72 96 38 100 68 55 19 53 96 98 73 43 61 39 47 49 40 60 72 68 16 6 7 81 38 80 31 72 64 38 1 88 33 91 87 1 97 57 53 93 54 25 87 67
15 85 15 6 96 38 74 64 44 32 44 81 64 74 52 27 63 5 66 96 47 4 96 43 13 100 87 66 76 25 84 90 62 51 47 57 88 72 20 83 4 16 63 67 41 67 45 4 71 11
99 69 14 46 63 26 97 50 44 72 26 79 13 87 29 59 96 17 31 67 51 86 82 14 4 75 32 48 78 54 58 28 22 24 25 84 1 21 85 44 92 63 23 56 49 3 14 96 71 96
63 22 33 96 35 36 70 66 84 99 19 93 26 92 68 50 27 69 70 12 64 13 74 86 68 74 41 34 22 11 81 84 32 14 31 18 1 1 35 36 51 53 29 29 96 48 78 23 16 100
86 80 64 59 17 84 84 57 17 5 20 49 40 51 14 71 69 15 23 3 2 73 8 82 1 3 30 31 77 45 82 62 76 97 72 45 80 56 53 48 12 72 97 52 23 62 22 91 28 96
45 30 20 52 11 21 7 40 3 83 37 36 97 12 32 68 8 64 23 61 11 35 32 59 38 54 21 11 96 48 6 93 77 25 96 40 97 2 79 51 37 15 86 33 79 70 52 86 33 75
46 95 61 30 54 50 83 74 60 31 73 17 75 2 93 70 41 90 72 71 92 60 38 30 44 16 99 95 53 83 21 51 77 33 80 30 82 14 55 41 96 80 9 70 81 2 40 73 43 63
95 34 22 32 15 17 99 13 11 4 47 32 54 24 64 85 5 98 98 12 90 46 91 99 15 23 100 6 47 94 68 41 27 41 25 42 57 23 6 68 26 5 51 31 28 66 15 84 63 65
95 53 10 37 3 76 59 54 82 57 47 1 98 25 42 22 18 98 96 24 17 22 28 67 4 7 85 19 42 47 35 37 51 96 25 5 71 84 58 4 92 56 5 89 81 98 62 98 95 58
73 64 31 52 82 34 10 66 4 52 13 38 88 15 33 12 20 56 47 29 59 39 85 15 79 65 12 41 14 59 50 87 22 80 90 3 65 100 69 69 51 33 58 90 99 91 53 70 98 100
99 8 90 35 23 20 99 34 60 64 92 61 50 65 40 92 68 5 91 88 25 41 20 82 30 70 24 34 40 21 33 90 29 74 24 3 94 74 88 5 37 80 66 39 44 57 30 63 13 20
50 37 12 21 71 93 91 94 26 82 67 11 71 47 84 94 49 29 19 36 86 55 67 3 93 63 59 22 25 24 93 27 60 4 99 30 96 41 76 22 22 42 32 44 88 67 37 88 48 55
75 33 62 42 35 54 4 45 28 80 68 20 58 80 76 57 9 71 97 36 44 71 77 27 14 16 94 3 3 41 9 30 73 70 71 59 76 26 3 3 57 23 74 15 2 49 23 62 72 71
98 67 41 74 94 55 42 87 9 96 79 17 25 3 87 47 61 14 72 15 68 81 37 41 47 38 42 69 100 65 39 97 31 32 22 24 38 63 62 46 11 40 62 35 42 100 82 54 13 5
69 32 85 5 73 31 95 66 51 94 30 42 42 12 73 63 36 10 78 49 7 88 89 20 74 82 20 7 36 84 12 4 16 48 60 40 31 54 57 81 47 38 22 40 49 46 3 36 7 32
85 13 71 73 33 96 54 4 3 41 39 66 44 6 13 56 45 43 9 53 24 8 90 97 47 39 43 1 74 49 84 58 62 54 82 46 50 88 1 4 28 39 69 24 45 81 79 41 76 87
94 51 46 83 47 93 73 41 45 47 42 29 56 55 34 90 100 83 77 100 86 56 90 6 79 86 87 57 79 14 96 24 16 41 58 62 85 31 55 30 29 96 10 36 50 43 25 1 78 53
52 63 9 41 21 87 79 59 96 57 72 43 80 87 35 89 100 20 19 54 1 99 1 10 35 50 52 59 2 29 64 53 44 72 94 64 10 24 22 57 80 45 99 11 31 34 99 82 5 18
88 5 68 88 66 2 90 17 13 43 98 76 96 93 47 41 8 8 64 81 65 43 25 63 53 7 48 3 40 52 72 27 8 40 67 73 93 8 42 5 50 91 32 45 83 30 85 90 38 48
70 2 42 46 16 46 4 16 49 43 19 20 70 79 11 88 51 4 95 44 60 44 34 92 41 68 21 25 57 10 25 78 63 66 75 31 64 78 46 12 21 64 83 42 94 46 29 45 49 23
40 8 18 74 51 58 41 72 35 50 33 11 79 96 28 6 26 91 83 23 54 55 38 89 96 32 34 76 76 82 50 67 41 68 92 92 77 33 15 11 34 47 73 64 94 1 69 71 91 52
93 97 58 31 85 54 62 18 81 89 51 31 55 43 98 47 34 26 31 100 89 16 99 61 79 92 61 48 15 4 51 7 100 8 37 84 13 98 53 94 38 55 24 93 97 73 91 31 98 73
82 86 88 80 99 66 24 59 65 38 14 67 96 13 75 33 48 39 82 100 32 20 54 7 64 3 31 6 85 81 78 66 18 17 98 16 34 73 27 51 10 40 17 57 53 91 89 100 30 23
52 13 94 57 72 9 59 2 14 43 82 43 61 100 11 58 67 44 30 93 94 91 33 11 47 37 53 88 36 34 10 39 99 3 48 70 63 58 71 28 53 5 22 13 56 32 22 22 27 3
67 73 93 99 83 91 35 87 78 22 73 39 13 71 93 60 40 55 69 62 82 21 18 55 85 73 86 6 47 65 8 13 37 52 63 71 43 49 57 72 70 29 63 82 51 55 93 42 62 14
4 95 34 73 50 71 98 35 76 96 99 36 8 35 39 22 57 33 70 14 5 39 94 67 73 97 73 17 38 34 30 93 29 16 66 78 86 63 64 13 58 15 48 17 49 87 90 6 19 59
71 75 49 16 93 73 12 66 90 50 99 71 42 79 86 59 56 71 21 20 36 30 34 83 98 34 21 87 91 40 45 13 66 46 29 59 18 92 24 59 41 74 30 35 53 67 93 8 90 66
100
row 47 13
col 45 3
col 31 3
col 28 -16
row 23 -18
row 40 -6
col 49 8
row 30 -20
row 46 17
row 37 3
col 11 -16
row 20 7
row 49 -20
row 19 -5
col 4 5
col 48 6
col 16 -4
col 10 -2
row 8 18
col 14 5
row 50 -1
row 49 17
col 50 1
col 40 9
col 32 -17
col 10 14
row 11 -14
col 33 11
col 6 15
row 26 18
col 12 0
row 7 -8
col 7 18
row 45 -20
col 44 7
row 31 17
col 47 -11
col 38 -11
col 39 20
col 44 -4
row 38 -15
col 35 -13
row 6 -8
row 46 0
row 23 -13
col 44 -20
row 4 7
row 22 1
row 11 -17
row 25 -9
col 30 11
col 27 -19
col 14 -19
row 40 -7
col 46 5
row 15 -20
col 6 -6
row 30 14
row 21 -12
row 38 -6
row 3 -9
col 31 -1
row 32 -9
col 8 4
row 7 1
col 23 8
row 37 -15
col 45 -20
row 38 5
row 5 18
col 39 -5
col 27 -16
row 8 -9
col 33 -10
row 50 -3
row 33 -16
row 23 -9
row 26 7
col 14 8
row 1 3
row 9 1
row 22 -4
row 15 -15
col 1 18
row 19 -20
col 19 -17
row 13 -16
row 6 1
col 29 -12
col 3 -8
col 16 -10
col 20 -6
row 49 -17
row 32 11
row 30 -20
col 49 -7
col 12 -5
row 5 -5
col 24 -8
row 6 11
