50 50
35 46 15 87 81 62 5 28 30 46 2 65 33 71 73 25 76 1 43 79 11 99 57 47 20 22 68 63 56 24 14 42 21 28 28 2 41 85 81 23 30 34 87 14 4 59 39 79 59 33
9 21 31 66 67 50 39 87 64 46 10 29 87 30 9 66 83 49 50 15 71 31 48 57 97 52 67 87 82 25 19 91 45 1 8 64 2 98 50 17 43 59 46 81 40 54 46 23 54 48
37 25 30 85 33 26 88 100 12 69 24 82 11 21 34 70 84 87 67 33 4 9 43 49 41 82 54 87 56 7 86 93 83 15 29 16 93 16 15 4 36 90 38 99 10 71 68 45 58 35
29 61 95 71 61 36 5 66 74 60 72 11 4 55 77 32 70 69 99 36 25 35 77 62 85 87 84 52 31 41 38 60 53 85 82 65 72 38 30 97 50 2 7 53 8 35 37 29 4 87
64 28 73 92 41 57 78 24 61 61 17 50 72 69 34 5 86 57 43 15 53 44 68 11 48 75 46 36 3 1 23 18 28 95 10 20 4 39 43 64 51 59 13 22 80 99 79 65 55 73
31 60 16 99 70 63 25 67 99 28 67 21 97 46 67 58 65 70 49 60 85 99 70 98 73 49 48 51 65 2 23 96 13 38 94 35 52 18 1 50 97 20 22 46 65 89 55 82 10 3
41 95 2 62 44 74 11 91 24 75 44 98 22 57 35 15 91 86 85 43 88 33 62 9 30 79 49 85 12 59 87 4 53 88 65 48 13 75 90 36 2 33 85 23 41 19 90 83 57 26
78 96 10 39 4 40 69 53 24 80 63 10 83 67 50 48 14 62 74 3 50 27 87 34 50 80 5 91 14 13 16 91 8 25 82 11 16 2 15 39 82 77 49 16 43 98 15 8 59 41
10 60 67 49 94 68 80 98 58 93 10 25 36 17 2 17 79 17 18 94 56 51 22 56 19 65 5 33 72 15 73 34 75 92 34 68 59 13 17 17 57 26 93 92 94 46 60 24 63 78
17 70 80 39 77 98 55 81 83 78 95 7 11 69 98 44 88 57 8 4 25 65 81 17 56 26 63 16 50 77 45 66 98 76 56 74 74 10 54 8 88 100 14 50 21 12 46 8 68 53
64 44 69 44 60 25 70 74 92 19 50 88 36 47 63 44 72 36 5 77 43 92 77 9 94 49 20 39 8 39 43 71 82 12 67 93 88 88 67 79 58 68 66 45 15 28 88 86 16 93
63 10 36 91 18 81 39 89 19 98 27 14 69 60 25 87 53 64 26 19 94 83 86 59 79 52 38 67 90 5 11 4 67 98 46 84 79 36 25 49 33 3 62 53 63 38 91 67 1 16
37 94 50 74 4 29 26 94 47 67 98 9 22 64 6 67 100 84 2 76 33 86 78 46 39 92 84 29 58 36 45 46 82 46 20 37 74 97 30 72 63 80 80 36 95 86 2 46 21 55
21 53 40 99 51 30 42 86 59 52 21 55 97 54 52 16 43 26 12 24 49 26 3 29 61 50 66 14 95 86 20 16 91 12 66 41 41 59 26 51 10 98 57 7 52 9 74 46 86 86
69 34 63 72 14 76 21 79 41 67 65 61 82 7 72 99 47 64 58 24 67 19 21 23 25 24 31 99 69 68 36 38 2 98 61 67 25 33 46 66 99 62 78 33 20 1 31 66 64 40
41 82 59 61 5 35 37 87 33 5 55 20 94 8 70 54 26 94 86 71 11 37 84 88 69 3 88 51 20 4 91 60 85 1 73 41 35 9 80 20 65 34 91 59 93 60 64 70 6 50
93 16 86 76 56 6 31 95 56 2 50 98 14 87 50 86 27 37 46 6 56 10 91 98 20 35 58 84 5 15 85 97 82 22 24 37 27 6 84 82 8 33 32 21 19 81 6 98 17 3
55 24 12 46 22 32 32 31 67 88 45 51 84 26 72 60 15 98 65 98 31 72 82 14 92 1 95 49 50 63 3 4 87 15 1 8 98 33 90 64 20 34 66 56 11 37 15 25 86 79
74 68 3 56 82 46 8 76 47 57 90 49 12 76 15 13 35 12 97 24 27 68 9 92 75 20 80 89 96 65 20 22 85 74 77 66 19 84 93 65 92 82 14 55 10 28 67 44 92 15
20 18 35 28 62 9 99 41 50 47 58 21 68 42 94 44 59 12 79 51 29 22 84 94 76 93 73 95 37 16 61 56 34 95 35 47 56 86 39 5 32 96 77 99 89 70 94 47 33 24
49 13 97 33 6 72 77 31 18 65 46 79 72 31 73 7 77 80 44 16 84 75 63 12 25 4 33 70 50 66 45 51 30 41 35 36 64 11 18 82 76 63 60 99 46 84 5 22 64 48
89 99 74 4 11 50 7 43 19 8 60 63 58 90 55 44 77 19 7 46 52 82 8 63 32 5 46 37 27 61 36 67 12 62 70 22 11 28 16 30 36 28 44 93 69 51 89 97 21 95
42 72 28 1 34 59 6 31 47 84 44 83 50 55 96 72 28 6 99 95 87 86 22 31 79 42 33 19 38 53 13 79 24 40 80 9 98 85 91 45 20 34 79 21 88 74 92 67 31 43
62 18 28 35 100 58 77 32 76 14 84 88 93 7 79 24 67 77 8 57 73 27 91 3 99 30 28 91 97 58 85 10 75 64 44 74 22 20 5 49 34 40 89 78 98 67 1 64 43 60
21 67 38 63 69 36 92 96 78 40 54 62 49 80 26 45 6 99 64 10 47 49 2 35 78 99 2 78 63 96 37 35 15 26 97 35 62 40 31 39 80 36 53 80 67 30 76 72 28 92
34 26 40 35 13 70 33 14 47 95 61 36 29 27 61 25 62 74 17 44 13 48 79 17 79 45 46 55 69 25 46 2 50 37 36 62 6 68 27 53 63 40 40 43 66 52 20 27 26 36
22 90 83 100 6 61 97 3 67 65 27 12 66 28 49 53 42 54 20 20 58 82 59 49 77 77 1 96 55 26 31 77 15 65 28 72 25 76 74 92 40 52 55 57 79 3 9 20 9 81
40 18 62 50 67 90 26 67 85 33 44 15 9 58 31 36 81 56 12 54 99 3 5 5 12 35 60 72 55 20 52 46 37 66 95 3 55 73 21 40 5 64 6 65 73 37 100 53 44 63
58 94 66 62 98 29 49 57 100 55 76 52 100 65 17 46 19 71 70 40 62 26 55 68 90 28 4 90 32 47 4 90 40 69 3 37 49 51 46 49 5 73 52 56 37 68 2 56 90 23
47 52 49 1 19 38 80 74 79 64 20 83 53 11 3 55 99 52 58 96 52 62 69 3 18 5 70 71 12 11 93 58 62 93 11 32 31 42 57 9 5 28 43 57 38 46 64 89 97 21
84 48 82 52 50 51 9 71 73 20 33 66 30 47 58 92 78 40 33 87 1 38 14 43 46 4 88 61 92 36 81 75 35 15 79 84 17 87 6 90 58 39 55 39 85 64 30 14 56 63
100 56 52 66 98 49 69 86 10 60 73 90 86 8 56 64 43 73 2 49 62 12 39 68 50 75 83 80 88 38 94 40 93 45 5 91 45 73 28 54 84 100 96 69 7 51 85 50 23 38
50 36 49 88 3 99 14 86 30 1 75 23 92 68 19 96 10 63 20 89 17 3 40 12 24 99 14 60 100 37 97 49 72 46 88 27 44 1 64 25 53 38 47 45 5 65 92 66 79 12
54 47 66 46 10 41 44 24 100 43 12 97 91 35 94 30 13 89 82 76 13 34 14 59 78 70 75 70 36 5 33 41 52 50 86 13 91 81 88 42 23 99 90 65 86 83 94 98 71 27
74 35 61 87 45 90 56 19 11 43 76 43 36 79 45 21 91 35 2 79 76 76 29 66 41 14 100 86 64 71 13 37 57 25 75 2 14 82 72 77 25 47 71 60 25 15 32 68 49 85
46 77 61 26 94 53 40 93 90 55 15 54 91 72 78 65 73 44 98 44 20 22 91 42 33 67 57 17 34 57 1 31 33 13 57 26 17 48 71 7 2 85 60 44 56 90 60 28 33 57
24 4 31 66 45 63 32 53 31 18 10 32 100 94 96 8 72 13 7 42 71 60 26 82 3 82 71 14 61 55 71 84 10 53 1 7 67 33 59 98 2 68 29 1 62 76 61 33 40 67
26 10 27 51 92 81 84 14 95 97 21 17 80 30 69 81 88 35 65 47 32 18 14 12 18 27 40 78 11 79 97 36 89 23 87 32 55 22 97 49 18 17 65 50 99 85 82 86 20 46
32 3 15 98 67 32 24 6 62 87 84 58 22 24 32 60 55 86 34 4 87 51 20 51 100 18 88 33 56 7 30 87 61 44 84 79 76 60 84 89 98 20 98 71 95 81 83 2 66 16
5 52 66 24 55 18 94 42 50 49 100 80 87 12 23 23 91 50 34 26 90 31 97 87 1 92 67 83 93 85 98 97 88 16 72 94 33 17 87 34 65 38 13 52 50 88 26 92 37 59
17 27 89 14 65 41 5 84 24 49 68 73 97 7 88 20 1 72 37 87 58 53 25 22 56 26 9 81 17 98 39 85 76 27 98 92 20 54 75 43 54 94 67 50 1 7 22 1 30 58
39 87 62 15 9 18 40 69 98 8 18 89 93 45 67 42 37 86 48 63 28 1 57 47 3 57 53 24 57 82 33 47 21 94 62 81 63 53 49 61 13 19 49 57 63 15 98 51 53 45
14 80 98 70 78 100 26 30 75 34 64 59 80 84 52 93 64 15 98 64 27 10 34 27 66 97 93 15 99 45 12 12 77 9 81 54 60 58 36 86 91 99 44 23 34 47 67 49 13 64
12 39 25 46 17 42 94 62 57 92 6 68 56 34 28 88 88 87 46 75 24 88 73 67 62 6 13 29 54 78 44 17 16 69 14 85 62 59 46 18 3 3 37 58 37 64 45 24 2 90
50 25 30 22 43 91 79 8 71 84 85 15 52 52 35 66 36 96 24 33 66 26 36 2 35 72 18 80 47 71 21 96 96 50 17 90 41 47 97 63 82 81 77 33 33 63 98 20 11 74
53 76 51 88 29 86 59 46 17 5 17 37 52 64 39 20 53 31 66 2 93 47 34 22 79 66 36 29 38 46 54 90 73 4 29 54 41 87 99 9 43 67 98 94 82 36 65 87 66 30
88 10 28 21 31 58 39 19 38 28 64 91 17 89 47 45 42 39 83 92 48 77 11 45 22 92 32 86 78 49 67 17 58 46 90 41 3 80 59 41 7 74 83 75 62 81 71 55 20 53
47 19 81 57 15 2 100 46 39 30 46 5 98 55 50 39 95 4 18 5 96 76 79 79 50 92 11 20 99 82 24 45 100 4 53 66 57 4 63 95 85 8 99 83 63 100 21 9 56 91
14 51 66 44 81 16 87 92 35 85 73 11 81 25 14 85 90 71 89 53 17 73 12 68 7 74 67 28 83 22 18 48 25 35 91 5 50 77 48 37 14 21 47 94 97 12 79 86 34 19
90 51 91 2 18 50 27 36 29 61 10 98 8 34 32 50 90 82 79 38 70 92 58 16 85 54 79 15 91 13 33 81 63 76 34 32 25 60 67 53 21 76 2 80 61 33 30 51 66 60
100
col 1 5
row 37 -1
col 2 14
col 36 -3
col 11 0
row 37 10
row 39 -6
row 40 7
col 25 2
row 40 11
col 25 12
col 28 17
row 8 1
col 50 -17
row 8 -17
col 45 -11
col 1 -6
row 32 -1
col 27 -5
col 21 13
col 3 2
col 34 3
row 15 19
row 38 4
col 37 -10
col 42 4
col 13 -9
col 24 7
row 4 -8
col 31 3
col 16 11
col 12 1
row 2 -4
col 43 -12
row 18 -4
row 39 -2
col 41 -15
col 17 14
row 6 -13
row 33 14
row 39 1
col 50 -17
row 42 -2
col 25 -15
col 50 -8
col 22 -20
col 42 3
col 5 -11
col 46 4
row 41 -18
col 12 -7
col 13 -15
col 27 18
row 17 12
row 26 -11
row 36 6
col 41 1
row 5 -11
row 2 -1
row 35 3
row 37 -18
col 22 10
row 3 -12
row 36 12
row 9 13
row 42 6
col 25 11
col 46 -6
col 25 -11
col 14 5
col 50 -6
col 21 -16
row 28 14
col 14 -16
row 3 -19
row 48 18
row 19 13
row 8 -7
col 23 5
col 7 -4
row 2 5
col 21 12
row 28 18
col 47 -17
row 1 -18
col 10 -20
row 15 7
row 4 4
col 35 -17
row 7 3
row 7 7
col 20 -1
row 15 11
col 2 12
row 15 -6
row 10 -9
col 36 -14
col 15 16
col 44 11
col 49 -18
