21 10
13 75 58 41 26 34 88 28 3 89
71 2 79 98 9 56 51 71 86 20
88 55 58 76 47 90 75 52 69 19
15 81 93 24 73 70 57 60 97 60
1 19 13 79 17 73 86 67 43 71
39 82 26 48 9 72 38 83 76 58
53 42 90 97 65 62 67 73 74 15
84 74 34 97 4 2 69 89 20 64
12 58 45 37 6 54 60 95 88 35
4 93 28 93 89 92 6 7 65 31
74 48 56 59 96 11 60 17 100 31
80 63 89 76 99 46 81 10 40 21
97 43 13 24 87 1 68 44 60 32
75 33 31 30 43 27 41 54 43 92
84 74 54 24 49 4 69 30 65 60
50 61 54 14 37 40 66 4 36 25
87 10 9 17 91 51 95 83 56 37
26 40 62 31 15 11 86 84 92 51
95 93 63 49 58 99 40 23 54 75
100 40 36 8 9 27 11 3 61 18
92 87 57 53 69 72 15 55 7 58
20
row 3 7
row 16 -2
col 2 20
row 14 9
row 7 13
row 5 -18
row 5 20
col 6 3
row 9 -9
row 9 18
row 13 16
col 10 2
row 8 20
col 7 -13
col 9 12
row 20 17
row 12 14
col 4 8
row 8 -10
col 2 20
