4442
25093 24770
48289 28729
27322 15661
28457 2170
5733 32017
14410 36084
41605 47035
310 3612
13602 14407
38425 2852
7588 13131
41605 18738
48561 900
27483 4993
39172 27545
6 19972
45913 21439
42453 20865
49349 49592
15231 2748
40609 5901
37969 20865
32017 2170
36551 23470
6130 39172
37179 45137
15628 7588
310 27483
31696 19972
42285 2852
27322 7588
3283 19972
7588 39454
7685 2978
2170 13602
45913 19972
1349 7588
37109 20865
27322 5213
37979 30961
37979 39454
33951 24770
42453 11697
17307 49349
38019 29625
34749 36084
14410 38019
45924 900
15628 36551
16021 28114
11697 2170
39757 7374
19972 45137
48794 29769
3612 23470
30961 10717
2851 36551
45111 36748
27483 11697
20212 48289
310 38425
36600 12158
28729 10505
41605 2790
25450 47985
14407 10505
35017 29878
29769 37179
38019 27829
45913 46553
15159 45137
12158 49349
33951 47035
21351 2790
32612 37179
48561 48794
12956 37407
5901 48289
24868 38919
45111 28457
30788 28114
4993 27545
46553 40609
900 15628
18738 4993
14147 7588
28114 1349
15628 37179
21351 48794
40609 20268
7588 20865
2170 310
49349 42285
25093 49349
20268 33951
6130 11697
32612 29878
2748 20212
15231 1349
15628 14147
20212 10717
2978 15159
38277 45924
27545 2368
47985 12158
900 38919
32612 17307
46598 45137
21430 28114
14147 46553
27829 42453
310 30788
7374 27322
36748 41605
23470 47350
7588 41605
17449 45079
45137 5901
14407 40609
28457 42453
21430 28669
36600 4993
24868 6907
41605 42453
39757 5733
2170 5733
45678 37979
27483 31696
47985 37407
36551 5901
35407 20865
900 37407
28114 36600
3283 37109
29878 31071
2748 2978
32017 28114
49428 48794
14147 19972
17307 30788
38019 5733
30788 40609
24770 31071
15628 47350
2170 34749
38919 48561
2852 31696
6130 45678
31696 21430
3612 29769
2748 31071
6907 37979
12956 19972
31696 4993
36084 37979
7374 30788
46598 7956
6 32017
27483 20268
47350 2978
16021 25093
36600 24868
47035 29769
11436 21430
44777 2790
15159 2790
35017 23470
14407 37179
10505 20212
36551 2368
37969 13602
7130 29625
21439 45924
48561 2852
31071 2851
14407 20865
16021 45913
20212 39454
45079 23820
2978 37179
7956 19972
1349 27829
47350 41605
31696 2748
20212 28114
7685 2852
2748 27829
28729 47350
49428 2748
6130 39454
31696 23470
30788 45079
21430 5901
28729 15661
35407 17307
23820 21351
7956 16021
7685 12158
40127 36084
5213 47350
13131 3612
38425 41605
39757 10717
49428 7374
20268 48794
2748 10717
37407 49428
45111 45079
2748 28729
37979 27322
37969 15159
27483 25450
5733 14169
20268 32612
37979 2978
49428 31071
2748 29878
35407 46598
35026 32017
30788 34749
48289 23470
4993 28669
29625 48794
21351 20268
37979 5733
7130 46853
42285 21351
13602 15628
29878 38425
37969 49428
11436 45137
2851 17307
11697 39172
17449 10505
28729 15159
7130 1349
21430 35407
45678 28729
20212 37179
12158 36600
32017 2852
37407 1349
49592 2368
5901 7374
40127 35017
27545 29878
26162 28669
40609 25093
5733 28114
48794 11697
15628 2790
5733 1349
31071 36551
47985 46553
45924 47350
36600 23820
28114 7685
17307 38425
24770 45137
15159 29625
31071 46853
16021 24868
41605 49592
40609 37979
42285 7588
48043 12158
2170 35017
23820 14407
23470 41605
46598 4993
45924 35026
6 36551
41605 2851
46553 30788
6 20212
19972 38425
48561 30150
48561 45678
13131 36084
13131 37109
45924 40609
48289 49428
37979 27545
1349 19972
10505 14169
46598 20212
31071 34749
28669 24770
2852 35017
30788 7956
27829 48043
10717 28669
5733 38277
35026 39757
38019 7956
46853 23820
45924 6
16021 20212
24868 40609
30788 14169
29625 35026
49349 10505
5733 5213
2851 49592
3283 36748
28114 27483
26162 38277
2790 35026
35017 7956
39172 7956
3283 32017
18738 32612
49428 29878
24770 36084
32612 310
24770 16021
37407 21430
32017 15661
27483 17307
30961 20212
48043 48794
2368 35407
20865 5901
25450 45913
37179 15159
12956 28457
37407 29769
27545 34749
48794 46853
5901 42453
7588 36748
11697 2790
7374 37109
46598 33951
23470 35026
24770 6130
23470 14407
12158 29769
2790 13131
41605 2170
2851 7130
15661 36084
2748 32017
21439 31071
38919 49428
5213 48043
2748 30150
38425 6130
40609 2851
46553 21430
30961 39454
35026 45924
19972 38019
37969 42285
45913 10717
39454 7588
3283 38919
29625 2170
37969 45137
48794 21430
37407 14407
13602 7588
33951 20268
5213 36551
13131 45137
12158 33951
30961 37979
39454 30150
10717 47985
30961 11697
39172 37179
49428 20268
36600 36084
24868 10717
36084 42285
48561 45079
4993 38919
14169 1349
15628 900
20865 45079
31071 15661
37969 4993
45678 12158
14169 38277
35026 14169
37179 30788
26162 36748
16021 14169
12158 36748
18738 21351
42453 15231
7130 25450
24868 27545
40127 7685
37969 30961
6907 14407
39757 38019
48561 45913
6 16021
17449 48794
14407 47350
7374 14407
15159 39757
48289 25093
15159 37979
4993 36551
39757 45111
29878 32017
49428 32612
46853 2851
32017 6130
39454 46853
44777 6907
38277 35017
46553 14147
39757 49592
10505 19972
38019 34749
45111 49349
34749 27322
28457 37979
48043 30961
49592 13602
12158 31071
31696 48794
21351 23470
39454 30788
21351 45913
49428 36748
48289 27483
37179 14147
48561 6907
46853 28114
42453 2851
38277 45137
6907 44777
30788 14407
12956 32017
48289 6130
20865 29769
14147 36600
27483 27829
6907 27829
38277 48561
46853 37969
31696 15661
7130 46598
14169 25093
20212 7130
20865 34749
37969 27322
7956 29625
28669 49592
40609 37109
4993 42285
21430 23820
5901 29769
33951 20212
49428 7130
11436 45079
46598 34749
16021 40127
28457 14147
5213 27322
30150 47350
39172 21439
46598 28457
5213 35026
46853 20212
25093 7130
20212 37407
25450 23820
28114 15628
27322 14410
47985 7685
18738 49592
46598 38425
25450 2170
45924 45913
19972 39172
32612 27483
14410 2851
11436 35407
40127 45137
47350 18738
20865 45913
15661 6907
38019 36600
29625 48289
27829 3612
30150 7956
19972 39757
39172 37109
14407 48043
38019 28457
2790 20268
37109 14407
32017 38277
7956 14410
15159 15231
29769 3612
13602 35407
38019 6130
10717 13602
27545 48561
37969 310
20212 27322
1349 11436
13131 40609
7130 48794
28669 33951
21439 36748
31071 5901
310 11436
12956 6130
15661 3612
27483 37969
15159 5901
41605 46553
5213 900
2170 15628
21430 5733
48289 5901
25450 6
13131 48561
45924 48043
25450 14410
310 35017
25450 48794
35026 5733
47035 900
35017 6
45079 14407
900 14407
42285 2170
27483 25093
37969 2748
14147 14169
11436 900
14147 2852
32017 34749
35026 38277
12158 41605
38919 11436
30150 36084
45111 32017
12956 27483
30150 47985
34749 48289
33951 2170
28457 45079
34749 2978
47350 27829
38019 21351
36600 45913
48561 6
6907 2790
48561 39172
34749 39454
28729 7374
15231 4993
7588 34749
27483 45137
3283 2852
2748 5733
15661 37979
2978 20212
13131 24770
11697 46853
7956 6
38277 39454
38919 42285
39757 38919
38425 28457
11697 37179
7374 23820
37109 15231
6 12956
13602 46853
37179 15628
44777 29625
20865 35026
21430 47350
13602 20268
15628 29625
17307 28669
24868 21439
13131 32017
15231 20268
2978 42453
33951 2790
15159 46553
37109 10717
27483 10505
7956 27322
36084 48043
33951 30150
15661 1349
44777 17307
30788 39172
21439 37979
7588 7956
37179 48043
36551 47985
37979 49592
39172 39454
28114 310
33951 21351
38277 2852
48561 7956
40127 37109
5901 48561
21351 37179
310 39454
45678 30788
23470 17307
46553 11697
5213 31071
18738 33951
38919 41605
23470 15231
12158 38425
45678 49592
32017 15628
7374 36084
45678 24868
21430 24770
30788 46553
2851 2748
21430 36600
47035 36748
6 38919
30961 15628
46553 20865
32017 12956
21351 10717
2852 21351
36748 39172
45137 44777
34749 28457
7588 24868
21351 35407
7588 45137
26162 46598
47350 37979
32612 33951
11697 10505
35407 48561
25093 36748
45678 20268
25093 3283
31071 29769
7956 5213
21351 24770
39172 47035
7685 6
27545 17307
40609 2852
36084 39757
19972 2852
37969 40609
2790 11436
33951 15159
46598 15159
29625 17307
17307 6
10717 14407
29769 38019
28114 37109
2852 5901
45678 28457
38425 40127
45111 27322
23470 30788
37407 28729
13602 15661
12956 15661
28114 48561
45111 14410
14410 30788
47985 27829
48043 37109
21430 15661
32612 7588
47350 49349
2790 39757
40609 28114
17449 310
28457 28114
6130 42453
7685 15231
16021 48794
38277 46853
900 25093
27322 18738
11436 47350
7588 20268
49428 37407
7588 27829
13602 6
310 14410
29878 18738
2748 38019
47985 34749
49428 28457
41605 45111
7374 21439
29878 41605
28729 2851
7588 11697
39757 17307
7685 46598
33951 24868
34749 27829
25093 30150
16021 3612
48561 21430
21351 38277
310 47035
27322 38425
10505 35407
7956 15661
28457 39454
7956 18738
12956 33951
46853 38277
6907 37109
310 45678
47035 30961
45678 30961
46553 36600
49349 36748
49592 7588
45678 48794
11436 2790
36551 35017
2978 48043
7130 28729
21430 7588
28114 10717
47350 36551
6 37407
30961 27545
38919 6130
11697 36084
2790 14407
13131 6907
30788 27322
45924 6907
20212 14169
38919 15159
23820 49428
5213 6
39757 37979
37407 900
46553 36551
14410 17307
7588 2852
27829 19972
7130 13131
37979 3612
29625 45137
13602 32612
7956 4993
7130 35017
2978 37969
5213 2978
49428 37969
3612 2978
10717 2368
7130 35407
3283 14169
29625 20212
10717 17449
7374 15231
35026 7956
5901 7588
27829 15628
31071 7956
35017 40127
14410 46598
46553 12158
47985 5733
7374 31071
7130 39454
38919 27483
5213 42453
7588 25093
32017 46553
24770 20212
14169 36600
42285 310
15159 16021
38019 42285
3612 45678
6907 24770
21351 30961
6130 2790
44777 12956
35026 21351
15159 36551
30961 26162
14147 16021
31071 46553
29769 27483
35407 4993
40127 27545
2851 12158
2978 13602
12956 4993
7956 5733
48561 36748
30150 49428
7685 48043
14407 900
49592 39454
45924 21439
2748 20268
23820 32017
46853 3283
38919 32612
26162 15628
29769 40127
39757 29878
49592 25093
48043 48561
27322 6907
32017 44777
2368 25450
37979 900
6 46853
35017 10505
7685 20212
47350 24868
45913 34749
28457 6
36551 17449
37109 23820
5213 45111
40127 17307
38277 37969
27322 30788
16021 39454
20865 6130
27829 11697
37407 15628
17307 37969
31071 24770
26162 11697
2790 32017
29769 30961
27483 2368
37407 28114
5733 2790
7956 30961
37969 37179
7374 11697
310 2978
2851 2170
46553 41605
48043 28729
44777 5733
45111 32612
46598 40127
28669 10505
35017 45137
45137 46598
36748 17449
15231 6130
44777 27545
46553 15628
35017 31696
18738 3612
11436 49592
29878 21351
4993 2852
6 7588
36084 47350
15661 25093
5901 27829
27545 28669
2368 14410
45924 5901
45678 39757
45913 47035
48289 28114
2790 24868
7956 900
5733 37969
25093 39172
20865 29878
310 45924
14169 32612
23470 2368
27322 40609
10505 16021
37109 29769
45924 14147
25093 2368
38425 20268
16021 23820
38019 6907
15159 7374
17449 6130
48289 24770
2368 18738
34749 47035
34749 37407
21439 25450
16021 7130
2851 30788
23820 20212
1349 36748
45678 23470
15628 5901
14407 17307
23470 37109
38425 49349
14169 20268
42453 48289
20212 30150
21351 49592
35017 20865
46598 45079
39757 11697
42453 48794
1349 6
18738 27322
36748 49592
32612 48794
47350 2748
45924 29878
47035 33951
2368 29878
15159 45913
7956 14147
21430 37407
34749 30150
39757 48043
36748 25093
31696 32017
48794 49349
38277 20268
27829 27322
48794 10717
20212 42285
29769 20268
45913 37407
28669 47035
30150 20268
47985 29769
15661 28114
2368 36600
26162 49349
45137 3612
20268 28729
26162 29878
49349 37109
11697 13131
27545 49349
37979 28457
25450 29878
2852 17307
7685 2851
49349 44777
39454 47035
7588 37969
47985 10717
24770 41605
25093 20212
36748 15628
15661 27829
21430 33951
49592 36551
31696 7685
23470 13602
19972 24770
7588 45913
25450 3283
35407 7685
38277 24868
20212 49428
24770 46598
2790 12956
25093 46598
30788 30150
38919 38019
24770 45913
11697 11436
6907 34749
35026 48043
15628 3283
14147 27322
45137 40127
13131 48794
2852 44777
25093 16021
37407 28669
47035 44777
49592 45137
13602 2170
2748 900
26162 7374
2790 21351
38019 45924
48043 15628
49592 29769
45913 12956
27545 10717
42285 21430
12956 40127
38019 28669
28729 30788
49428 25450
7130 49592
49428 48561
7956 36084
32017 19972
28457 36084
44777 34749
27829 29625
42453 15159
49592 10505
23470 15628
35407 15628
2852 34749
40127 14147
27829 2790
7130 3612
14410 4993
27545 38425
2170 14147
25093 28114
31696 46598
6 48043
36084 47035
28729 21351
29769 45913
38277 31696
21430 2851
36600 28729
18738 25450
49592 48289
46598 23470
13602 2852
11697 49349
36748 3612
4993 28457
32612 2852
3283 35407
37407 47350
33951 40127
27483 37407
27829 21430
27322 34749
49349 20268
27322 29769
29625 310
37109 37179
36748 13602
14407 2978
46853 2790
15628 45111
2978 10505
29625 48043
28457 17449
29878 12158
40127 25093
46553 38019
6907 7956
17449 7588
39757 2170
15231 23820
2852 48561
18738 7130
40127 10505
21351 47035
10717 34749
37179 27545
48794 38019
44777 41605
4993 31696
15628 39172
13602 38919
37969 7130
27545 35407
25093 13602
25450 21439
2748 48794
31696 35407
33951 45924
16021 48289
14407 40127
46553 13602
23820 5213
14169 28729
15159 34749
35026 39454
31071 37407
28669 15628
13131 900
45137 46553
38425 20865
44777 2851
20212 49349
29769 21351
38019 24868
45111 45913
37969 15628
39757 46598
37979 36748
36551 5213
7956 2978
40127 7130
900 2852
26162 21351
2748 11436
28457 14410
46553 30961
36748 30788
20212 3283
10717 39172
10505 11697
27545 21439
10717 37407
29878 36600
37109 35026
23470 10717
25450 36748
2978 48794
47985 37109
49428 39172
37969 3612
32612 23820
42453 37979
49428 44777
36748 2790
4993 5733
23820 5733
17449 11436
7130 14169
42453 46853
30150 25093
47350 7130
39757 44777
25450 10505
38919 13602
41605 28457
30150 18738
37179 11697
7685 49349
12956 37979
23470 46853
30150 48043
14410 45913
4993 33951
30150 15159
4993 31071
6130 32017
23470 46553
26162 33951
46553 45111
2170 20268
13131 47350
41605 33951
7588 18738
37979 49349
13131 27483
32612 24868
7130 33951
37109 13602
25093 15628
7130 29769
35026 20865
35407 16021
27483 48794
44777 23820
40127 2852
27483 15661
20865 37109
31696 7588
37179 20268
37179 30150
30788 3612
47035 28669
20865 310
46598 17449
21430 49349
28669 1349
39757 36748
12158 45079
18738 2851
39757 2368
7588 28669
37109 7956
35407 41605
30788 5213
6130 900
13131 5733
3612 13131
36748 36551
17449 29878
20268 28457
42453 38277
2851 27545
48794 27483
4993 28729
35407 45137
37179 42285
7588 28729
30150 48289
20865 32612
20865 35407
37109 45079
27829 6907
29769 15628
49349 47035
13602 34749
39454 45913
25093 48043
16021 46853
24868 35017
13131 45678
7956 21430
20865 37407
39757 47350
17307 36600
21430 18738
31696 20268
14410 2852
35407 5213
6907 14147
26162 6907
36551 27483
6907 32612
2851 34749
35017 38277
7374 20268
47350 45678
35017 37979
37109 28729
6 47985
46553 31696
47985 36551
46553 48289
40609 11697
21439 48794
1349 47985
2851 36084
16021 6907
900 40127
37179 35407
10717 45913
15628 18738
12956 10505
5733 15661
32612 5213
37969 1349
5733 46553
26162 39172
2790 27545
36748 27483
49592 2170
6130 48289
37407 2748
27322 2790
38919 7956
6130 48043
7588 40609
16021 45924
20212 39757
30961 3283
37179 3283
900 48043
7685 24868
21430 37109
34749 2170
49349 15661
23470 26162
37969 2368
23470 40127
28669 36084
16021 29769
15661 46598
37979 7956
46553 40127
25450 15628
45111 20212
36551 17307
20212 7588
35026 15628
28729 45079
2851 24868
19972 310
20212 38919
45913 27829
23470 21430
47350 3612
29625 25093
10717 36084
27322 42285
15231 7685
41605 38919
37969 15231
47985 15159
28114 25450
2170 41605
36600 2790
31071 25093
48043 39454
4993 38019
17307 41605
20212 1349
31696 47985
23470 48289
37969 10505
30961 39757
1349 47350
28669 40127
14147 15628
45913 310
12956 2852
2748 45137
15628 49349
28457 32612
37979 6130
35017 45924
28457 45924
6 29625
12158 37179
27322 38019
27322 28669
28457 15231
36084 35017
23470 48043
30788 36551
310 48289
37109 900
48561 42285
20268 48289
14169 38919
46853 38019
42453 37407
21351 27545
2748 2790
11697 19972
42285 35017
10717 45111
2851 37179
6 34749
46553 27483
46553 7130
14407 7685
25450 33951
29769 45111
24868 39454
18738 310
23470 38919
38019 27483
2170 5213
16021 15159
39172 40609
27829 45111
13602 17449
31696 7374
12158 2170
49428 24868
36748 7374
27322 36551
29878 3612
45079 18738
33951 47350
7685 14147
39757 32017
20212 10505
39757 38277
20212 36600
310 15628
10717 20268
3283 38019
48043 5213
5733 7685
7588 15231
4993 10717
2748 14169
32612 7130
23820 31071
35026 36748
40609 21430
24770 25093
3283 46853
31071 32612
46598 21430
27322 21430
7685 15661
36084 36748
30788 15159
10505 45924
1349 10505
23470 2170
45137 7956
38919 37109
41605 30961
48043 46598
45678 45079
27322 7685
46853 7956
29878 13131
20268 20212
900 3612
12158 37969
2851 35026
17449 20268
25450 15661
47985 45924
45913 29878
14410 40609
7588 10717
45079 14169
35017 30788
40609 18738
1349 2790
40609 2170
17307 29878
10505 39454
38919 24770
6907 5213
7588 35017
45079 44777
12956 20865
6130 1349
32612 12158
29625 38277
26162 38919
2978 32017
27545 37969
30788 19972
20268 31071
38425 2790
13131 38019
38277 38019
28457 10505
37179 3612
11697 5733
39757 29769
33951 2978
14407 2852
45079 5901
37407 10717
15661 45079
7130 15661
310 24770
20268 39172
36084 40127
45111 38425
2790 12158
37407 45924
20865 15159
7588 19972
15159 21439
11436 45913
17449 17307
20212 4993
2748 23470
37407 38919
39757 20865
6 33951
7956 7374
15628 29769
27829 13602
37979 28114
29625 38425
27483 27322
11436 45924
31071 2170
21351 33951
10505 6
30961 45079
48289 30788
14169 2852
21430 2852
29625 15159
30961 30150
900 18738
21439 28729
27829 28669
46853 46553
48043 15231
28669 14410
6 45913
7956 47035
5733 2170
37969 27829
15159 45678
310 15231
35407 36551
10717 27545
39172 2851
38425 5213
11697 35017
36748 14147
29769 39757
32612 30961
15231 12158
48794 32612
900 4993
2748 30788
47985 15231
48289 7685
35407 10505
35026 37407
7374 16021
3283 13131
46853 7685
14410 27322
23470 28729
27322 37979
3283 23820
13602 38019
45924 46553
30788 25093
46853 34749
45111 49592
19972 29878
7685 21430
7130 2851
48043 6907
2790 24770
45913 37179
2748 15628
37179 26162
2368 30788
25093 2852
27483 2852
5901 36551
310 2748
26162 11436
36084 17449
310 29878
14147 15661
10717 45137
18738 10717
32612 14169
37969 17307
24770 28669
37979 44777
37179 21430
20212 2852
7588 12158
20865 48561
21439 3283
2978 26162
38019 42453
14410 15231
3612 2851
37179 4993
45913 2170
16021 2852
28457 18738
25450 4993
27545 39172
1349 20212
28669 48794
26162 12158
37407 37179
36600 18738
45079 12158
38019 15628
41605 6907
27829 14147
14147 28729
49428 21439
18738 21430
32612 6130
14147 37979
35407 29769
7956 48794
35026 27322
32017 28729
11436 31071
37979 37969
7956 32612
11697 45137
31071 27322
25093 19972
37979 41605
45924 48561
3612 6
29769 17449
18738 2852
2851 40609
35407 46553
4993 14410
46553 32017
49349 2748
49349 27483
29625 7685
21351 42285
2978 15231
2978 39757
29769 42285
35026 7374
38019 48794
29769 45079
2852 46853
47350 24770
45924 15231
14169 45079
2851 35017
47350 29769
37407 37979
48561 10717
35026 37179
7956 36748
42285 14410
45913 39757
26162 47350
21439 35407
27483 5213
32017 23470
27322 38919
12956 7374
20268 49428
23820 16021
6 15231
33951 42453
17307 15661
14147 12956
33951 45137
25093 18738
45678 17449
31071 20212
36551 39757
27829 45137
7374 24868
39757 37179
25450 47350
48289 45678
28457 15159
13602 37969
16021 24770
45913 900
40127 38277
49428 7588
2170 48561
48289 46553
7588 21439
34749 40127
14410 2790
14410 7130
45111 10505
35017 2748
10717 46853
15231 26162
2748 21439
38277 47035
24770 45111
28669 20212
29878 42453
1349 45678
42285 12158
26162 15159
900 28114
46553 20268
2748 34749
20268 21351
10505 27829
47035 45913
24770 38425
11436 27545
15661 12158
2748 15159
37979 2851
310 6130
45111 35026
20865 14147
11436 29625
30150 30961
7956 3283
2852 20865
45678 32612
15159 38425
3283 48561
16021 12158
46853 48043
14147 3612
36600 39454
15231 14410
27322 11697
29769 37407
14169 35407
45137 37969
38425 19972
24770 29769
36551 42285
40609 49349
18738 27483
28729 2978
44777 45913
5901 45137
7588 4993
29878 35407
5213 37979
49428 11697
29625 6907
49592 27483
310 36084
16021 42285
13131 10717
19972 18738
35026 2748
34749 20865
28729 12956
40127 42285
1349 45111
29878 36084
35026 14410
33951 17307
2790 21439
41605 35017
28729 13131
2170 30788
25093 2748
40127 3612
27483 18738
37179 39172
45924 25450
2852 6
46853 6130
28669 14407
45913 48561
31696 49592
21439 37969
15231 38425
14169 6130
27483 15628
7956 12956
20865 17449
38277 11697
27545 29625
21351 40127
31071 28114
38425 46598
5213 7588
13602 31071
29878 29769
7588 30961
42285 15661
14410 37969
14407 37109
28114 20865
7956 47985
28729 40127
48561 46598
21439 33951
40609 29625
5901 48043
27829 25093
2748 13602
28114 34749
45913 15628
38019 36084
30961 48289
32017 45111
40127 18738
15628 40127
3612 15159
10505 28114
25450 15159
48794 23820
37179 1349
48561 29878
32017 15159
46853 18738
20212 49592
47035 26162
7956 310
4993 30961
38919 36748
31071 18738
31071 27545
21351 17449
24868 49592
30788 48289
35407 36748
32017 24868
38019 36551
36600 24770
25450 30788
37407 48561
15231 2852
21351 15628
7956 41605
2852 17449
15159 15661
20865 20268
35407 7588
16021 38019
42285 38425
16021 27545
37109 33951
38277 2790
36748 37969
28114 26162
21439 5901
46853 35017
20865 45924
14410 27483
15231 49428
15661 20212
12158 46553
45111 12158
310 27322
46598 3612
41605 25093
34749 15159
48043 2790
15661 30788
3612 28114
38019 31696
38277 7685
47350 27322
24770 28729
44777 5901
39454 31071
2851 33951
34749 28669
28457 48289
35017 7130
28457 4993
21351 37407
37979 27829
3283 7685
46598 6130
38919 17449
12956 30788
38919 28729
1349 14407
14410 12158
21439 38919
18738 37407
42453 45079
32612 38277
38425 42285
25450 49592
20268 5733
10505 36084
15231 5213
47985 2978
47035 23470
5213 3612
36084 27483
48794 28457
48794 2790
310 49349
38277 41605
40609 33951
29625 13602
2852 32612
36748 30961
41605 32017
13602 30788
28114 30150
23470 32017
48043 3612
27483 31071
7685 17307
15231 45678
27483 2851
14169 11697
14410 38277
14410 900
7956 37407
35026 13602
37969 29769
29769 19972
37109 40127
47985 39454
46598 12956
14169 3612
26162 28114
19972 45924
3612 900
30150 14169
23820 29878
15628 42285
36551 7685
28114 30961
5901 28669
28729 49592
46598 27829
29625 45678
11436 4993
21430 39757
900 36748
30961 23470
37969 26162
1349 39757
45111 46598
10505 38277
15159 1349
42453 21351
37407 40127
12956 29625
5733 37407
14147 11436
35017 900
35026 28729
30788 40127
49592 20268
6 2368
18738 2790
40127 27322
14169 4993
7130 38019
27829 46553
5901 33951
7956 32017
21430 6
21430 30150
20268 25450
38919 35026
12956 38919
2978 45678
27545 47985
23470 42453
1349 13131
38425 30150
38277 33951
7685 38425
4993 15159
35407 14147
24868 29769
33951 5213
35017 38425
37109 21439
34749 14169
15159 20268
31071 49349
41605 16021
3612 31071
39454 36748
30788 31071
17307 6907
19972 48289
36748 6907
30150 32612
45079 29878
49428 6
37109 21430
33951 32612
3612 49428
49592 31696
38277 26162
14407 38425
2170 46553
15159 36600
310 2368
24770 14410
47985 48043
7685 30788
6 20865
2852 29769
40127 14407
45111 310
11697 32612
21430 38425
27545 7130
42285 28457
30788 15231
27483 46598
25450 28729
4993 6
12158 7588
15159 20865
13602 39454
40127 44777
48561 14169
2748 2851
33951 35017
42453 25093
11697 7130
29769 7374
14410 21439
27322 23470
4993 3283
35026 5901
47350 6
42453 23820
7130 38425
3283 15628
45079 47985
33951 28669
48043 19972
21439 40609
25450 2368
28669 13131
20212 20268
14410 19972
27829 30961
17307 7956
2790 13602
24868 47035
49592 14407
13602 45913
30961 27322
2851 21351
27545 15159
37179 34749
2748 27322
45678 41605
26162 24868
6907 45678
6907 29625
39757 39454
49592 30788
15628 37969
7130 37969
46553 32612
24770 39757
47350 11697
46853 17307
41605 14169
42453 16021
21430 19972
10717 36748
2851 6
47035 47350
27322 48043
27545 4993
26162 44777
12158 11436
47035 2368
42285 45924
27322 20212
34749 48043
13131 35017
31071 10505
310 36748
4993 41605
49428 37179
2170 29625
37179 14410
39757 15628
5213 40127
15231 28669
38019 30961
5733 40127
38425 14410
40609 20212
49349 47350
10505 38019
32612 46598
15159 2748
37969 13131
39172 310
45137 41605
7588 39757
21351 41605
49428 2170
27483 15159
23470 27322
47985 38919
36600 2748
32612 28669
18738 20865
47035 45924
21351 5733
41605 27545
15231 15628
23470 24770
21439 42453
20865 47985
25450 19972
38425 31696
27829 7588
11436 40609
20268 46598
37969 28114
38019 21430
23820 18738
38425 48043
45111 21430
12956 39757
2978 23470
37109 46553
2851 10505
45111 20268
1349 7130
45137 37407
13131 39172
15231 6
49592 4993
31071 37109
45111 35407
46853 14169
30150 10717
30788 2368
38425 23820
2852 48794
37109 47350
45079 4993
39172 45913
29625 2790
19972 28729
10505 30150
49428 35017
37407 36748
45137 23820
45079 11436
31696 20212
4993 37969
35017 15231
16021 18738
7374 7956
49428 31696
38277 12158
12956 37109
21439 6130
7685 14410
5901 14410
20865 3283
1349 28729
17307 26162
38425 21430
5733 48043
27322 2978
32017 7374
20865 2851
48289 15661
4993 12158
38277 2851
27829 37407
36600 46598
2790 28729
25450 7685
30150 3283
27483 38019
13602 13131
37407 23470
10717 38019
36084 45111
28114 42285
2170 13131
42285 4993
36551 23820
7588 38277
7588 37979
46853 16021
15159 6907
48289 35017
27545 14407
310 5733
49592 45079
14410 48561
45924 27483
5213 27829
7130 42285
19972 32612
36084 5733
21430 14147
21430 14169
30961 30788
15661 49349
27483 44777
30788 41605
40127 5213
37407 38019
24770 15628
38425 2368
6130 46853
13602 23470
29769 38277
48561 12158
42285 24868
14410 21430
15231 29769
38919 45111
17449 31071
48561 17449
45913 41605
4993 14169
27483 41605
34749 16021
6130 16021
45678 36748
42285 37979
1349 2851
34749 7956
45913 49428
14169 30150
30961 46853
2748 29769
31696 25093
29878 35017
21430 24868
30788 47350
38425 17449
25450 35017
33951 37109
40609 5213
21439 30788
28457 24868
29878 7956
45924 28114
46598 39757
33951 14147
37179 42453
31696 24770
7130 27829
2790 15661
45137 38919
14169 11436
40127 28114
45678 15661
49428 3612
2852 23470
30150 47035
47035 38919
48043 4993
40609 47985
49349 45137
2748 47035
37179 39757
11697 900
46553 34749
45137 33951
46853 47985
11697 14169
24868 18738
47985 23820
31071 36600
25450 310
34749 19972
36084 3283
45678 34749
29625 2978
49349 5901
310 37407
7956 17449
26162 29769
2852 49349
38425 45913
6130 30788
40609 21439
28457 30788
30788 27483
11697 27545
14147 39454
45111 6907
10717 32612
5901 31071
10505 42285
36600 7956
45924 41605
1349 2170
48794 10505
2748 35026
48043 29878
35407 10717
45678 31071
2851 15661
38277 21430
25093 14407
15628 15231
20268 39454
48289 310
48289 40609
7588 16021
49428 42453
24770 30150
7685 36748
48043 47350
6130 36084
3612 2790
7956 12158
39454 38019
44777 7956
12158 39454
45079 45111
35407 45913
31696 14169
38919 16021
45924 45079
40609 3283
4993 18738
5901 49428
19972 47985
21439 39454
37407 17449
38425 310
48289 2978
27322 29878
21439 28114
27545 45678
14169 20865
36084 4993
11697 44777
14407 20268
38019 24770
45079 5733
35026 28114
6130 21430
2852 2368
6 44777
20268 2170
37979 2852
28114 5901
45924 33951
28457 14169
46598 48043
2170 2852
48289 33951
2851 27829
900 13131
42285 5213
7588 21430
14147 6907
46598 37179
27322 46553
2790 40609
310 15661
14410 47985
38919 45913
47985 11697
47035 6130
29625 33951
39172 12158
41605 28729
6 21351
13131 310
39172 28114
18738 37969
45924 310
12956 3283
14147 28114
34749 47350
46598 28114
20212 28457
7685 31696
15661 40127
13602 2790
45137 14410
2368 45137
5733 26162
11697 6130
32017 26162
6907 37407
10717 24770
15661 12956
900 19972
14147 7374
37109 2368
14410 28729
30788 32612
29625 25450
35017 12158
14169 24770
38919 47350
13131 23470
4993 27829
45913 45678
6 2978
36748 2170
38019 40609
49592 11436
47350 45137
15661 32612
26162 37179
45111 48794
12956 20268
38277 1349
20212 7374
47035 7130
20268 14147
4993 7685
48289 45111
21439 23470
31071 38425
45913 28114
26162 30150
49349 37979
48289 4993
17449 27829
2851 49428
7588 49428
42453 10505
32612 37109
38425 5733
49592 38425
15159 5213
24868 49349
25093 11697
19972 14407
35017 49428
47985 47350
28669 23820
20212 11436
29625 7130
900 7956
37979 20212
44777 2978
12158 44777
28729 14169
45137 49592
15231 15661
39454 2748
2851 3612
46598 24868
5901 21439
25093 46853
47035 39172
41605 38277
27545 2170
45678 2851
30150 40609
17307 45137
38277 17449
49592 2852
6 2851
36600 27322
24770 26162
21351 28669
45111 38019
21439 3612
37179 2170
38425 37969
25093 39454
48794 40127
45913 13602
2790 10717
29625 47035
36084 11436
46853 15628
14169 18738
7956 24770
42453 35407
12158 28729
32612 45913
32612 2790
7130 23820
48043 28114
28729 7685
19972 7588
10717 48561
13131 14410
48561 46853
37979 1349
2852 30961
38919 39454
12158 15159
35407 45111
48289 12158
4993 21351
39454 11436
14407 45079
39454 39172
47035 20865
2748 39172
7130 28669
12956 47035
24868 25450
15628 14410
32017 48561
29878 20268
49592 47035
17307 10505
20865 27545
32612 25093
20212 15231
32017 24770
18738 2978
46598 46853
45924 7685
14410 47350
28729 23820
7374 28114
25450 17307
2978 2790
40609 49592
2790 2170
2851 18738
40127 46853
49428 13131
36084 44777
12956 900
27483 37179
17449 48043
24770 47985
2852 47035
5213 2851
1349 27545
36084 26162
46853 10505
46553 27322
2978 14407
46553 5901
45924 13131
30961 2748
49349 38277
47985 26162
15231 36600
15628 14169
21351 42453
47350 36084
49592 47350
33951 45913
4993 35407
28729 3612
35407 40609
29625 40609
49349 2978
27483 39454
5733 38919
27829 49592
48561 13602
21430 21351
31696 47035
44777 25093
46853 310
24770 48561
20268 12158
2170 5901
47035 48043
11436 24770
1349 6130
35026 1349
25450 900
39757 18738
32612 15159
21351 28114
12158 15661
10505 47035
24868 27322
28729 17307
38425 14147
14410 20268
46853 2748
10717 37969
28114 29769
36748 39757
10505 17449
45137 36084
48794 15661
36600 15661
18738 6907
27322 36084
23820 45079
44777 900
39757 19972
39757 30961
37979 27483
45678 18738
35026 29878
21430 17307
45678 36551
20212 27545
31696 27545
36084 21351
49349 10717
38919 49592
21351 29878
13131 7685
25093 10505
37979 24868
1349 49428
39172 34749
37969 48561
12956 34749
27829 13131
2851 37109
2790 20212
32017 14169
45137 16021
36748 31696
45913 45924
12956 38019
3283 39172
28457 20865
2852 38019
2368 49349
12956 14147
48043 36600
3612 12956
1349 7374
30788 23820
12158 42453
6907 6
29625 14410
6907 27322
48794 16021
37407 5733
37407 7588
41605 37109
10717 29769
10717 2978
37407 14147
29625 36600
33951 36748
37969 20212
27322 30961
29878 2368
37179 29769
23820 38277
2790 1349
36600 2978
7685 39757
30150 38425
12158 900
5901 47035
2790 48289
3283 42285
30150 15661
20865 35017
14410 30961
13602 45678
12158 13602
5733 49349
30788 26162
31071 29878
27483 7685
38277 28457
49592 28457
36748 14410
45079 13131
11436 14410
11436 30961
12956 35407
46853 24770
19972 32017
10717 37979
46598 46553
13131 27829
47350 23470
7685 28729
36551 7374
33951 15231
14169 7374
47350 39172
5901 13602
10717 20865
27322 49592
27829 37109
31071 45924
45924 28729
21439 45079
6130 18738
7956 7685
39172 6130
2748 33951
900 49428
310 24868
7956 45924
12158 2851
37969 28457
10717 47350
27322 21439
20212 46853
31071 21430
2790 21430
46598 10505
21430 11436
25450 37979
30961 39172
7685 47350
14147 6
31696 17307
37407 35017
2978 35026
39454 37179
2790 38019
33951 32017
41605 7588
39757 1349
2851 44777
29878 45678
47035 49349
21351 21439
5733 17449
49349 6
27322 45137
21351 3283
32017 12158
7130 15159
28669 32017
35026 26162
5901 12158
1349 18738
21439 2368
34749 6130
32612 27829
20865 15628
46553 29769
49592 35017
35407 29878
36551 7130
32612 35026
38919 28114
20268 35017
20212 16021
5733 29769
45079 36084
13131 25093
49349 21351
7956 38425
35017 15159
35407 13131
30150 38277
6 14410
14169 15159
48561 27322
47985 39757
35407 14410
5901 14147
12956 6907
21351 39172
45678 37179
45079 34749
35017 41605
4993 20865
49349 11697
24868 25093
21439 49349
49592 48561
3612 46553
18738 14410
20865 40609
30150 45678
24770 7588
36600 6
24770 33951
15231 38919
17449 2852
45079 46553
12158 48794
35407 2790
2851 38425
28457 35407
2978 38919
21351 37969
40127 6907
46553 28457
39757 12956
46853 36748
10505 27545
28457 5901
48794 7956
7685 44777
2852 15628
21351 2978
5213 26162
3283 10505
45137 14147
48289 21351
46853 31696
45079 7956
14410 6
12956 7956
21351 14147
14410 35017
45111 15231
5901 41605
48794 3612
45079 33951
49428 11436
37979 28669
47985 7956
40127 37179
24770 12158
17449 37407
7374 2851
44777 48289
31071 28729
14169 2748
35017 3283
17307 7130
39172 10717
20212 20865
46553 15159
44777 32017
7374 25450
28457 11697
11436 13602
31696 2851
24770 2790
19972 28457
20865 24868
20865 37179
6907 310
48561 35407
14169 17449
5901 49592
47985 27483
38019 39757
36600 5213
2170 14407
30788 11697
37179 46598
27829 20268
45924 7588
45913 44777
2170 2368
35407 27545
3612 41605
6907 10717
46853 45678
42453 6130
14407 36084
32612 17449
47035 29878
37969 34749
19972 2978
23470 2851
39172 5213
46853 23470
40609 27829
45924 20865
38919 37179
45111 6130
39172 11697
11697 36600
49349 5213
20268 3283
48794 28669
1349 35407
7374 44777
28114 32017
24868 11436
15231 23470
30961 2790
37407 15159
28457 23470
25093 35407
47035 41605
5733 25093
39757 15159
45111 48561
27829 42285
1349 39454
45913 16021
2851 37969
39172 48289
45079 900
45913 40127
28729 6
15159 14169
45079 42285
15231 14147
7685 7130
25450 20212
49592 47985
310 29769
37109 16021
49349 6130
11436 32612
2368 20212
5733 28457
900 36084
7130 45913
42453 37109
40127 35407
17449 19972
24868 900
2851 45913
46598 36551
2368 23470
2748 28114
15661 15628
44777 4993
48043 17449
31696 35017
14407 15661
20212 15159
42453 29878
25450 3612
47035 30788
46853 14410
23820 49592
29878 40127
7588 7374
2852 45913
7130 26162
36084 30961
14407 32017
28669 36748
39172 2852
39757 2748
5213 21430
40127 38919
46598 28669
7956 23470
32017 39757
2368 36748
7685 31071
49592 15628
25093 47035
37979 47035
40127 35026
6130 45079
48794 4993
10505 11436
15231 45079
7956 36600
32017 31696
45913 27322
31071 7588
16021 27483
12956 16021
5733 44777
47985 45079
7956 26162
17307 30961
31071 6130
17449 3283
20212 35026
39757 42285
48043 28457
47985 1349
48794 36551
11436 1349
4993 40609
31071 39454
30788 21351
49428 19972
1349 17307
23820 27545
35017 37407
33951 40609
15231 42285
23820 41605
47985 310
12956 6
20865 15231
27829 7130
39454 10505
36551 47350
34749 38425
28457 40127
31071 17449
28669 49428
6907 3612
24770 5901
27545 35026
48561 6130
7374 36551
47985 27322
44777 46598
40609 23820
28457 23820
30150 31696
49428 10717
6907 42453
38425 29769
28669 36551
29769 2368
45913 11697
2368 28729
7685 29878
28729 7588
36551 33951
3612 45924
39757 45924
28114 49428
49428 38919
37979 45913
27829 39454
27829 27483
2170 10717
17449 49428
46553 10505
310 12956
46598 5901
11436 30788
24770 15159
5733 13602
21430 14410
10717 25093
42285 7956
32612 28729
14410 37979
2368 30150
1349 13602
36600 2170
5733 19972
11697 7685
30961 49428
28669 21351
14169 37979
7374 36600
310 23820
21439 38425
17449 18738
31696 37179
35407 23470
15231 48794
12956 24868
3612 27829
5901 48794
36600 14147
39757 42453
44777 47985
7685 35026
18738 42285
3612 20268
2170 39757
7956 6130
37179 5733
2790 35017
45111 7588
42285 36748
14407 25093
2748 5901
1349 25093
7374 39757
40609 39454
36748 45137
48794 3283
15159 2851
15661 38019
36551 45678
45924 49592
45137 10505
7588 38919
40127 39172
28729 38019
36551 6130
30788 10505
6 41605
46853 20865
47985 24868
32017 42453
28729 37179
2978 38019
49349 4993
2852 36748
39454 34749
29769 28114
49428 27322
36084 25450
39172 2978
47350 5901
5213 20865
15159 7130
45137 48794
17307 21430
37109 48561
28114 40609
30150 11436
32612 30150
6907 13131
29769 2748
3283 20268
47035 18738
14407 27322
38425 37179
27322 35407
23820 27322
46598 24770
2978 28114
45137 46853
13602 6907
5901 3612
10717 44777
28669 15159
2748 39757
36748 2368
47350 14169
45079 15661
15628 35017
48043 48289
40609 19972
2851 25093
49349 21439
26162 20865
35017 39757
42285 44777
21430 34749
48561 45137
45079 48794
13602 28457
37969 39172
14407 21430
46853 3612
7374 39172
38919 3283
5901 6
16021 15628
48043 37407
37969 24770
13131 28457
21351 3612
26162 47985
30150 14410
27545 27829
38919 36551
32612 37407
37979 34749
35026 37979
32017 30961
15159 38277
49592 6130
7130 41605
14410 7374
14407 30961
25093 5901
45079 39757
7956 35017
36551 7956
5213 40609
15231 24868
2790 48561
45079 310
37109 36748
17449 14410
16021 35026
35026 40609
27483 29769
40609 25450
29878 20212
2851 7588
24868 3283
23820 15159
20212 2170
49428 28729
7956 42285
31696 14410
49349 2852
5213 15661
25450 38277
17449 10717
2748 35407
15661 28457
49592 37979
6130 25450
30150 7685
32017 46598
14410 2368
42453 44777
15159 7956
35026 18738
23820 46553
32017 37179
48043 17307
2852 28457
36748 47985
21351 48289
14410 28669
7956 10505
10505 2852
310 32017
32017 27829
14169 6
2852 24868
41605 10505
17449 47350
34749 7685
7956 30150
44777 36600
1349 37407
36084 1349
34749 24770
2170 38019
40127 47035
36748 40609
35017 28457
47350 7685
29769 26162
15159 19972
35026 48561
40609 14410
36748 48561
24770 37179
16021 38919
35407 15159
46598 7588
34749 18738
7588 32017
36748 5733
27322 5733
7685 38019
7588 1349
35017 13131
49349 7956
3612 18738
10505 35017
47985 17307
24770 14169
20268 4993
24868 20865
2851 46598
49349 28457
24868 3612
37407 16021
44777 38425
33951 28114
39757 45137
40127 13602
38919 38425
2851 38019
20212 5901
29769 5733
45137 21430
15628 11436
26162 23820
45137 31696
48043 6
29625 3283
29878 45111
310 20212
25450 45924
45111 27545
47985 13131
49349 900
29625 36084
15231 48561
37179 10717
47985 6907
40609 48289
40609 28729
36551 24770
15661 5733
5733 10505
4993 10505
31071 14169
27483 24868
29769 35017
30150 17307
45913 31071
310 2790
30788 29769
33951 48289
40609 36084
7130 12158
2852 20268
7130 14407
36084 32017
7374 33951
6 1349
13131 14169
19972 23820
15628 12158
23470 13131
32017 21439
12956 28669
45678 6
45111 14169
45137 37979
14410 25093
36748 40127
37407 39172
49592 17307
2978 37979
27545 24868
11697 310
42453 27322
39757 33951
47035 36551
48794 5213
4993 48289
15661 17449
16021 20268
37979 2790
37109 37969
40609 35017
14147 2790
33951 12158
47350 36748
45678 14410
39454 27545
25450 45111
27545 20865
14147 24770
14410 46553
20865 48043
38919 35407
47350 30150
34749 33951
45678 11697
7685 20268
39172 44777
5213 48794
38019 35026
26162 27545
49592 18738
15628 38277
2790 26162
3283 31071
20865 28669
37109 32017
36551 45079
46553 14410
11697 27829
20865 33951
49592 37407
19972 48043
37109 19972
2851 10717
5733 12158
16021 11436
28669 13602
15159 28669
21439 10505
39454 6907
45137 900
2790 14410
31071 49428
2748 6130
35017 10717
15628 19972
15628 7956
19972 47035
7130 28114
30961 5213
17449 2978
48043 38019
11436 32017
13602 30150
10717 46598
27829 35026
6130 13131
28669 28457
25450 23470
7685 28669
49592 3612
11436 40127
23820 28114
15628 37109
32017 37969
42285 7685
30961 35026
19972 36084
40127 37407
28457 3283
11697 46553
16021 15231
2852 39454
16021 21351
6 29769
19972 36600
6130 10505
25450 10717
48561 5733
24770 49428
13131 11436
39172 20865
13131 45913
10505 37179
15628 5213
15159 28457
27545 47035
47350 21430
35407 35017
48561 2790
45913 35026
31071 11697
36551 19972
29625 26162
19972 16021
31696 36748
38019 27545
45913 15231
38425 11436
14147 5213
21351 45924
14169 45924
38425 37109
17449 44777
900 2978
38425 2978
49428 900
49428 28114
35026 24770
49592 39172
5901 25450
46853 49592
39172 36551
12158 7374
40127 30150
7956 23820
35407 21351
46553 18738
3283 38425
45079 6130
29769 49428
14410 42453
15159 45924
3283 30150
7685 30150
10505 15231
2790 23820
28457 21439
47350 46853
20268 16021
14169 45678
25093 45924
15231 2790
6130 48561
35026 42453
13602 11697
36551 34749
47035 310
29769 900
10505 21430
33951 11436
15628 48043
38019 17449
29878 30961
13602 35017
21439 20268
49428 47350
46853 2368
38919 37407
23820 25450
45913 37979
7588 2978
27545 15231
2852 29625
32017 17449
2978 3612
29769 48561
40127 46598
27829 2748
39454 7956
12158 37979
32017 27545
3283 900
24868 14169
31071 42453
3612 14169
27483 3612
14407 3612
20865 10505
13602 36600
15231 42453
2790 29769
24770 7685
48794 15231
25093 17307
15661 28669
39757 37407
36600 47350
15231 14407
11436 7588
45079 14410
31071 17307
37407 27829
37969 48043
39172 20212
14410 27545
10505 28729
7374 28729
32612 15661
26162 40127
2368 2748
4993 34749
6130 40127
3612 29625
36084 38277
35026 27545
29769 39454
6 4993
2851 20268
30150 26162
6907 15661
21430 44777
27545 14147
17307 11697
24770 40609
30961 29769
36551 15159
39172 36600
32612 45137
5901 1349
11436 41605
45678 10717
13131 28114
29769 32017
24770 20865
310 37179
10505 37109
17307 14147
29625 4993
21351 12956
37179 2748
24770 30788
15231 2170
29769 45137
17449 20865
38019 32612
45913 29625
24770 32612
37109 7685
36600 14410
31071 30961
35407 5901
2852 28669
20212 28729
30150 13602
40609 38277
38425 37407
2790 15628
20268 46853
2748 17449
14407 35017
30788 47035
49349 28729
35017 27483
30150 34749
46598 10717
37407 25450
24770 45678
47985 37979
32612 37969
21439 27322
2978 39454
7374 3283
42453 36084
15628 25450
27483 39172
35017 31071
48043 7130
42453 41605
2748 44777
12158 42285
14147 42453
45111 38919
49592 12158
12158 27322
15159 7685
3612 3283
34749 23820
20865 38425
39757 40127
21351 14410
2790 2368
45079 15628
49349 27829
47350 30788
30961 12956
13131 26162
37179 25450
42453 24868
45678 36600
2978 20268
23820 49349
33951 37979
45111 30150
2978 42285
45913 37969
10717 24868
17307 25450
7130 37179
47350 2851
28457 30961
48289 29769
40127 36748
45111 15159
39454 15159
45137 21351
23820 34749
13602 39757
49428 49592
31071 6907
37407 49592
12158 6130
27829 39172
17449 46553
35017 27545
14410 11697
6 36084
47035 40127
15231 39454
17307 44777
900 13602
44777 310
15159 28729
14169 38425
13131 30150
32612 49349
6 14407
25450 7588
7374 17307
37969 37109
19972 10505
45913 2852
11697 37979
37969 7685
38277 45111
45111 14407
14410 2170
36600 37407
33951 35407
48794 20268
45137 310
5213 6130
14147 5733
36600 35407
40609 17307
37407 11436
30788 38277
35017 33951
37407 31071
14410 30150
13602 2851
10717 37109
47985 5213
38019 10505
31696 46553
20865 28729
5213 13131
35026 45079
10717 14169
32612 48289
47035 12956
5901 24868
17449 28669
27322 900
39454 3283
48043 1349
36600 14407
7374 28457
13602 25093
25093 28729
36551 48043
49428 35407
18738 17449
27322 39172
12956 2851
28729 28669
38277 2368
900 45079
37407 24868
39757 35407
36084 7374
31696 310
45111 37179
45678 35407
7956 48043
4993 27483
48561 39454
37179 41605
48561 20865
38425 11697
20268 38277
38277 6
2852 3283
35017 32612
19972 37407
23470 21351
15159 17307
15628 46553
45678 49428
5901 28457
5213 14147
41605 24770
27829 38919
7956 27483
31071 35407
14407 17449
23470 2852
10505 26162
36084 19972
42453 46553
33951 45111
31696 2170
48043 41605
900 1349
2852 15159
37979 15231
47035 39454
27322 1349
41605 1349
45913 11436
45079 21351
24868 19972
19972 20268
33951 3283
48561 310
7130 15628
5733 23820
45137 27483
45678 15159
11697 38425
7685 45111
31071 21351
12158 15628
44777 28669
11697 25093
16021 31071
42285 28114
45924 45678
27829 30150
48043 37969
16021 27322
48794 19972
37969 49349
2368 41605
37109 3612
35017 49349
1349 40609
30961 7130
5733 18738
310 7130
21430 45924
17449 33951
27829 29878
29878 40609
25093 36600
48289 44777
3283 21430
48794 37109
37969 35026
2978 47985
45137 27829
6907 39454
14169 6907
29625 45079
35026 46598
48043 39172
14147 15231
36084 27545
40127 45111
24868 34749
17449 27545
38019 11697
30150 41605
24868 5213
36748 49428
12158 34749
46598 23820
5213 5901
4993 24770
45137 39757
27322 13131
37109 39757
29769 27829
7956 31071
2170 36748
32017 2851
14407 48794
30788 10717
46853 19972
46853 15661
20212 47350
2790 42285
7956 38019
5901 28729
13131 37407
28457 49592
6907 29769
15661 21439
38019 47985
24868 38277
46553 29625
900 42285
42453 3612
46553 44777
17307 18738
17449 24770
37979 2368
7130 11697
32017 2368
3283 26162
2978 16021
5213 7685
12158 30150
40609 28669
32612 36551
35026 2852
39757 31696
36084 35026
23820 26162
35026 16021
6907 47035
29769 11697
25093 48289
37407 32017
6907 36600
38425 27829
42285 14147
38019 45111
1349 3283
24868 28114
48289 35026
2852 36551
31696 28669
32612 10717
20268 27483
2790 42453
14407 46553
40609 45111
46553 49592
27829 40609
27483 47350
27829 32612
38277 27829
6907 7588
49349 23470
28114 6907
23470 27483
24770 27545
34749 3612
36084 20865
37179 36551
47350 42285
3612 31696
23820 39454
18738 28114
45678 32017
28669 38919
48043 27545
45079 49592
15231 45924
5213 14410
310 7956
46553 23470
45137 38277
45079 25093
6 28457
27829 48289
35407 24868
7956 31696
48561 13131
45913 17307
24868 46853
1349 37179
7956 13131
45079 24868
16021 34749
27322 3612
47350 37407
38425 28114
45079 25450
13131 34749
28457 33951
24868 28669
14147 48043
37979 7588
35026 11436
38019 47350
4993 11436
15159 39172
2852 16021
38019 14147
19972 45678
32017 4993
25093 15231
11436 38019
31696 33951
13602 30961
27483 48289
29769 34749
45913 49349
900 7374
3612 27322
24868 10505
6 36600
35026 10505
41605 47350
21430 3283
30788 900
7685 18738
13131 49349
27829 310
23820 45111
18738 32017
2852 37979
47985 40127
27483 40609
31071 33951
45913 42453
3283 35017
21351 32612
38919 34749
36084 14147
20865 12956
36084 45678
49349 13131
14147 2978
48289 20865
14147 46598
18738 28457
12956 41605
47035 37407
310 2851
1349 49592
37109 29625
37969 33951
12158 38019
37979 42285
37969 27483
36084 5901
47985 31696
46598 35026
38019 6
21439 17307
37109 17449
30961 5733
31071 5213
45079 6
33951 2748
2851 14407
28114 6130
20268 14169
2170 45111
46598 19972
29625 46598
3612 7956
21351 13602
6907 45137
39757 21351
12158 45678
35026 49349
7956 15628
7685 26162
48043 38277
7588 39172
45111 15628
48561 38919
48794 2748
37179 28114
28669 45678
36600 40127
26162 41605
48289 27545
12956 38277
48043 24868
31696 17449
45079 24770
33951 37407
27322 45913
46853 29769
4993 2748
24868 7130
15159 18738
39757 15231
39172 1349
28457 29878
10717 4993
39454 15628
12956 2790
35017 48043
46553 17449
27545 27483
49349 7588
35017 20268
24868 31696
25450 25093
7374 37407
5213 49349
13131 15628
36084 18738
7956 49349
35407 28669
49592 49428
2852 49428
15231 27322
37969 47985
46553 39454
37179 21351
42285 2978
21439 2852
11436 2852
39172 2748
1349 30788
30961 36748
15661 3283
48561 32612
49592 2790
47035 3612
17307 5901
14147 49592
16021 25450
28457 40609
1349 5901
20268 2368
32017 37109
15231 900
31071 40127
32612 27545
40127 33951
900 21351
37979 2748
27545 310
21439 49592
20212 7685
47350 44777
39454 28457
4993 39454
40609 15159
48289 30150
37109 30788
49592 42285
2748 49349
44777 18738
2170 14169
7685 4993
19972 24868
17307 12956
41605 40127
14147 40609
3612 25450
37979 42453
15661 37179
2170 2748
42453 40127
36748 36600
17449 47985
13602 15159
14410 48289
20212 31071
2748 21430
18738 40127
11436 18738
14169 45137
47035 6907
37179 15231
49592 41605
24770 27483
6130 19972
6130 46598
15231 14169
28457 6907
5733 24868
39172 29769
6130 45137
29878 7130
42453 28457
29769 25093
3283 2170
38425 49428
14407 29878
35026 10717
26162 21430
2851 15628
27545 45137
2368 2978
2978 15628
14410 35407
2852 23820
900 20268
47350 28729
20865 27322
15628 37979
2790 45678
29769 18738
2852 27545
47350 46553
4993 27322
2852 28114
5901 29625
36551 28114
2978 34749
45079 14147
27322 45111
3283 36551
3612 42453
31071 13602
45678 45111
2790 27483
27829 2170
45137 21439
30788 5901
29625 44777
21439 45913
6130 29625
7374 41605
39172 49592
16021 5901
39454 48794
5901 25093
45913 13131
35017 17307
4993 25450
41605 11697
18738 39757
23470 37969
310 46598
11697 47985
17449 21351
36748 23820
10505 40127
29769 38919
32612 38019
44777 49349
47350 45079
11697 39454
23820 12158
42453 45137
26162 28457
6 42453
32612 31696
36084 27322
3612 10717
21430 21439
46553 21351
1349 47035
49349 2170
1349 39172
29769 28457
37407 40609
36084 20212
36551 14169
40609 44777
44777 7130
12158 5733
28457 10717
38019 47035
37969 45079
27483 900
41605 13131
35407 2368
13131 49428
12158 14407
38425 6907
15231 19972
15159 39454
21351 34749
36748 20865
2368 10505
29625 30961
13131 45111
20865 7130
3283 47350
1349 10717
45924 2978
20268 25093
42453 32612
30961 25450
39757 36551
13602 1349
27322 49428
2368 45913
10505 3283
49349 36551
6130 20865
5213 30961
7374 31696
31071 37179
2851 48289
21430 49428
7588 13602
26162 2170
41605 7130
2368 5901
38919 36600
27545 38019
7588 23470
900 30788
48561 20268
6 47350
15231 13131
46598 15661
30788 21430
7130 15231
37407 7956
36084 6907
10717 28457
29769 30150
18738 44777
48043 23820
7956 11436
49592 2851
28114 3612
30788 49349
2851 26162
38019 29878
29625 31071
15661 7130
48561 37407
7374 26162
45079 48561
2852 14407
42285 29878
47350 12956
37109 6
7685 35017
16021 6
27829 7374
39757 5213
10505 30961
1349 24770
18738 35407
15231 16021
24770 48043
16021 33951
21439 47350
46853 37979
40127 30961
15661 24868
12956 48043
2790 17307
7374 13131
2790 2978
48289 45924
47350 13602
46598 37109
28669 35017
49592 36748
17307 15231
7588 14407
45137 49428
45137 35026
45111 33951
49428 6130
48043 42285
14410 6130
18738 37179
27483 49428
45079 19972
41605 48043
20212 2748
5213 7130
20865 16021
20865 2368
26162 39757
28457 27545
49349 46553
46553 25093
38919 31696
7130 18738
7685 21351
42285 27483
2748 36551
6 37969
30788 46598
15231 40609
11436 33951
48561 40127
42453 30961
48561 36600
12956 25450
29878 2978
10717 310
7685 10505
35026 21439
48794 27545
14169 27545
31696 45924
45913 12158
3283 24868
7374 18738
2368 21439
21430 2748
39757 15661
39757 27829
21351 900
38919 21351
27545 2790
44777 1349
37407 45111
46553 14407
17307 28729
40609 37407
30150 31071
7374 49592
2368 47035
30788 2978
35026 46553
21351 14407
10717 27322
3612 5901
18738 36551
47985 48561
38919 45924
29625 11697
46598 29769
29878 37407
32612 36600
38425 2170
7374 7130
7685 39454
37109 30961
39757 46853
7956 25450
12956 45924
20212 37109
5733 36748
46598 6
7588 27545
26162 10505
47035 23820
45079 16021
12956 21351
23820 46598
46553 19972
30961 45137
49428 36084
6907 24868
5901 39454
47035 28114
14407 34749
40127 20212
36600 14169
47035 5213
900 32612
11697 36748
25093 12158
6130 7374
16021 13602
26162 5213
6130 2978
45137 15231
14410 36748
29878 14407
40127 49428
2852 2748
31071 20865
15159 36084
48043 310
37109 2790
3283 17449
48561 29625
39172 35026
28729 34749
7956 30788
15661 26162
28729 30150
24868 32017
36551 38019
40127 49349
37179 47985
21351 47350
13131 14147
33951 7130
12158 45111
14147 37179
26162 5733
17307 45111
15231 2368
49349 11436
48794 34749
32612 2978
4993 13131
47985 29878
28457 12956
10505 30788
38425 15159
46853 25093
13131 46853
34749 48561
42285 39757
2978 35407
17307 46598
28457 46853
13131 15159
31696 900
6 3283
45079 6907
5213 20268
46598 310
49349 37969
28669 27322
6130 23820
27829 24770
31696 39454
11697 15231
47985 40609
47035 28457
30150 29625
45924 37979
45137 10717
29625 35017
49428 27483
15159 33951
2790 46553
33951 45079
33951 10505
26162 34749
12158 36551
27322 23820
2170 31071
11436 6130
47985 35026
32612 5733
48289 12956
31696 12158
15159 6
40127 20268
27322 12956
30150 49349
47035 7956
2170 25450
37109 24770
15628 10717
20212 33951
12158 6
27322 13602
14407 38919
12956 39454
47035 13131
30961 45924
48289 16021
10505 14147
46598 47350
29769 38425
42285 6130
47985 16021
7374 14410
47035 12158
36748 18738
17307 14169
44777 36551
45137 3283
29625 15628
40609 46598
45924 46598
29625 28457
28457 2851
3612 5213
2170 28114
28457 28669
29878 32612
2170 21439
15159 25093
30150 35026
4993 35017
45137 38019
42285 3612
2368 6907
1349 25450
13131 5213
21430 7956
7588 33951
14147 38019
46853 28729
30150 37179
24868 13602
27545 44777
900 45137
14407 45913
14169 13131
5213 45079
3283 45111
36600 7685
19972 38277
24770 38277
49592 10717
14169 29625
20212 7956
6 7956
41605 30150
