2136
7561 32029
14445 22031
38040 9295
26350 19886
33401 38040
24910 23238
14014 33984
44349 21311
6796 36450
20995 44349
36181 20532
36129 31870
21042 41349
21042 39708
31564 19594
537 44687
14445 43787
38040 44280
23967 35879
2648 36450
9295 13156
36243 7922
6679 7922
38040 9077
17684 20962
17294 7245
30674 4938
8847 36598
20995 11012
39708 35303
44475 44687
18985 44507
12051 44280
19331 46542
21042 32354
868 35908
20995 38187
46305 44475
1321 17294
49113 23019
4938 36129
9295 5671
36181 23019
11702 21042
3240 8847
6796 13443
23238 39708
39708 36129
46542 2648
31875 28600
21931 15029
37742 36598
26350 14014
47719 38187
400 23238
43787 9645
11012 33984
22363 11012
37337 33401
40492 2362
7245 24543
44647 5671
39708 30674
46018 29063
43787 28452
868 20532
44475 2648
19594 32029
13443 22031
28665 38040
14445 36598
37742 2648
20970 4938
22363 14213
32029 30674
2648 9077
26350 9436
8910 41349
30707 7561
30707 49113
21931 46542
46018 13359
21931 12051
20962 21931
29132 14445
18985 2362
12051 47288
28452 36598
38282 22031
43787 32029
1321 47719
9645 14213
32354 8910
13359 19594
19594 24054
15247 15143
33545 49360
529 38040
33267 19909
7561 47837
19886 2648
22031 13156
23967 9498
31251 44687
529 9077
39708 35908
29063 33267
23967 12051
9498 22031
44647 38282
29063 6796
6679 529
20970 8235
3240 37716
11111 44974
28600 11012
1321 44475
537 868
22031 31875
44974 20532
9077 31875
21311 11702
9295 9645
43787 31564
10504 44974
2648 21311
9295 40492
33984 10504
47288 15580
3240 9077
36129 24543
6796 21931
31870 21931
20995 1794
29063 529
24543 38282
46018 37716
36129 6679
10504 30674
2362 8910
22363 28452
15247 13359
11111 32029
22031 11133
7561 24910
6679 38187
1321 24054
13156 8235
7922 26797
13156 28665
20970 25472
2362 44475
44475 32354
31875 37389
13359 2764
28452 33984
36598 15247
15143 20970
6796 8235
1532 29132
44507 46193
46542 15143
21042 38187
8910 21200
33545 18985
15029 29132
38187 14213
529 44280
19331 38187
36181 20026
49360 35908
24054 33887
47288 23693
20532 1321
36243 41349
33401 21931
38282 29063
30674 17294
15247 8847
46018 36450
21592 24543
8910 1794
37389 6679
9077 32354
21311 49113
15029 20962
20995 21042
44349 38282
13443 35908
32354 24543
46193 44647
15143 21042
37337 20026
28665 3240
47837 37389
18985 20995
32029 38040
26350 17294
15580 11133
5683 15580
868 20970
37389 2764
7245 2764
37389 3999
40492 20962
25472 17684
33887 21592
29063 46563
44885 43787
20962 35879
37337 9077
36598 17684
21592 15580
31870 19886
21042 529
3999 21931
36099 37742
46542 9295
36598 13443
28665 28452
19331 9077
46305 37389
35879 1321
7922 19594
47288 25472
1794 7245
41349 33401
22031 36243
39708 14014
21042 13443
21311 1321
46563 18985
49360 26797
11702 868
15143 46193
42289 19331
14213 47719
36243 20532
21200 8235
24543 49360
20995 24910
42289 36243
18985 15247
1794 44885
33267 9645
9295 21200
47719 400
37716 31870
29132 9645
46542 12051
33401 14213
15247 7922
31564 36598
33545 3240
44507 5683
24054 28665
537 31564
7245 36129
23019 2764
36598 11111
39708 18985
36243 44475
1321 13359
19594 21200
17684 36450
33984 4938
33984 22031
1321 29063
19594 38040
13359 31870
31875 7245
9295 400
20970 31875
24910 31875
21311 30707
47837 23693
44647 30707
37389 35879
11133 28665
11012 11111
21592 44885
14445 38187
37389 44280
15247 30674
17684 19594
19886 44280
13359 31564
13443 38187
44885 20970
7561 9645
46018 19909
28452 18985
38040 20532
36243 28665
400 23967
33267 28665
13443 1794
36129 19594
2362 23693
1794 24543
30674 19331
8847 1321
15143 7922
49360 22363
29132 49113
19886 529
46563 3999
19909 23019
1321 31564
31564 21592
44687 49360
46542 537
44687 37742
14445 36243
21311 23019
33267 33545
33984 46305
20026 46305
19331 20026
37716 9645
1532 25472
29132 36450
22363 8847
43787 38187
14014 33267
33401 46563
32029 14213
23019 43787
10504 11012
9295 47719
37716 31564
23693 29132
21311 4938
33401 26350
9077 44507
37716 33401
17684 35879
47837 24054
11133 32029
46193 46305
24054 46563
17684 17294
24543 43787
44647 20026
47719 8910
33267 12051
26797 23019
24054 35879
6679 32354
47288 20026
33267 11702
21200 39708
35303 32354
15580 44349
36598 15580
11012 15029
25472 40492
868 13359
9077 23967
35908 47288
6796 11111
49113 13443
9295 44280
31870 20995
44475 31251
46305 6796
7922 36598
33545 36598
44647 33887
3240 38187
31875 20532
37716 26797
31870 49360
11111 36450
36450 32354
11012 21311
3999 24054
30707 36450
868 32029
44885 35879
19331 47288
46018 9498
14014 35879
7561 22031
31564 20962
33267 47719
38187 33267
30707 21592
33545 3999
37742 21931
46563 44349
20970 19594
11111 21042
47719 20532
46563 13443
4938 29132
44687 41349
36598 9436
35908 49360
18985 39708
38187 46193
44507 37337
1794 22363
9295 15143
23967 24910
19909 15247
33545 36243
29132 8910
22031 44280
44974 35879
6796 1532
529 7561
3999 15143
37337 38282
33401 2362
2648 26350
20962 17294
44349 1794
1321 11012
26350 23019
7561 20970
35908 33984
44507 44280
37337 39708
38187 26797
42289 14213
14014 46542
537 13359
9498 46563
21311 31564
23967 44885
46193 21592
43787 2648
37337 17294
14213 32354
12051 8910
31875 36450
24543 11133
23019 7561
7561 20532
8235 20532
28600 44647
36099 32354
13359 19886
14445 33887
26797 2362
21311 20532
9436 46305
33545 46305
31251 19594
24910 20970
24054 15580
15580 9498
38187 44507
15143 36450
33984 2764
28452 44475
31875 37742
38282 15580
1794 4938
20995 23019
9498 8235
8847 47837
400 36129
26350 47719
30674 38040
2362 38187
31564 14014
19909 39708
33545 20970
6796 35879
6796 38040
8910 38040
20970 3999
38282 44687
21311 23238
9498 46018
1321 11133
400 36598
20026 14213
20532 18985
36598 14014
23967 24054
13156 11133
9498 13443
2764 47288
32354 6796
9077 17684
33984 38040
7561 1532
44507 44974
6679 1794
5683 23967
22363 46563
9295 529
11012 9077
21931 25472
537 20026
36450 46193
11702 31564
37742 29063
33545 38187
21311 42289
33984 11012
20962 30674
23019 30707
49113 26350
22363 30674
529 23967
40492 33545
33401 49113
28452 26797
21592 12051
46542 38187
2648 11111
5671 18985
4938 39708
36598 4938
46193 9077
26350 33267
24543 3999
41349 21042
28600 44507
2362 11133
32354 31564
23019 37742
19909 21200
21200 15143
37337 44475
46018 15029
35303 9436
14445 11012
36181 46305
18985 10504
20532 37742
46305 7561
19886 1794
33545 44647
20962 47288
9498 21042
23019 46542
3240 537
7922 20532
15029 36598
32029 7561
5683 17684
21592 47719
46193 20995
17684 21592
12051 35908
21311 20995
24910 44280
44475 46018
36243 28452
537 25472
44687 7245
23238 30707
11111 37389
2648 18985
2648 4938
47288 33984
6796 29063
36598 35908
49113 28600
529 26350
44280 9498
37337 32029
21931 9645
17294 35303
11702 30707
28665 8847
44974 46305
22031 31870
13359 5671
13443 44647
11133 12051
23693 2648
46563 26350
15029 19331
33887 19331
35879 33545
20970 39708
14445 41349
44507 15580
39708 20532
46305 400
31564 38040
19909 38040
2764 33545
13443 31251
3999 36450
37337 25472
36181 26350
20026 35908
36243 15143
5671 11702
5683 529
33545 44349
49113 20532
13443 33401
22031 35908
20970 868
14213 26350
37337 2362
44507 40492
868 28665
36129 32029
31875 19594
35908 6679
12051 31564
36099 42289
20970 44475
20995 29063
24910 32354
15143 28665
15029 35879
33267 18985
8235 23967
20532 868
7922 36450
14014 11702
1321 37337
47288 35908
23238 46305
35879 46193
33401 14014
12051 36181
37742 25472
26797 41349
9645 3240
31870 4938
36181 14445
33887 23693
29063 2764
32029 2648
36099 2362
28600 537
24054 20026
29063 44280
35879 36243
9436 1321
12051 7245
20995 8847
9645 47288
31875 44507
24054 44507
30674 22031
47719 28665
35879 44280
14445 35879
15143 47719
11012 47837
11133 33401
17294 44349
33887 35908
44507 17684
17294 19331
18985 44280
9077 11111
41349 21931
21592 30707
8847 31875
46193 14014
23967 46542
11133 19594
44280 42289
44507 36598
9077 537
14014 46018
13359 6679
44507 3240
44687 36598
9645 5671
11111 31564
24910 11111
33984 28600
537 47837
9645 12051
15580 868
32029 17294
46563 1794
37742 20962
36598 14445
20026 31870
13443 36181
18985 17684
9295 20532
31564 9077
41349 44647
17294 11133
29132 9077
38187 47837
38282 529
26350 26797
6796 22363
46542 21042
2764 10504
11012 37742
8847 33545
14014 19594
21592 33267
44974 1321
14445 24543
43787 11111
7922 11702
7922 44280
3240 11111
46193 44280
35908 44280
1794 21311
26797 30674
30707 26350
24054 1321
21042 31564
3999 1794
44280 38040
3240 15580
7561 36129
36243 3240
2648 38187
11012 41349
42289 31564
29063 47288
7922 29132
19886 9436
30707 20962
1532 21592
8847 44974
32029 44974
537 49360
20026 5671
38040 46018
20995 15143
30674 13359
13156 10504
31870 529
24910 5671
9077 6796
9436 28600
44507 23238
33401 32029
33984 44280
537 1321
7922 47288
21042 40492
1532 17294
1794 20532
9436 20532
44507 21592
868 19331
529 40492
2764 37337
28452 7245
36450 11111
15029 7245
9498 37716
29132 44885
36598 31870
38187 21042
21931 10504
36129 11133
37742 11111
529 20962
14213 17684
9645 18985
9436 35879
36099 32029
1794 35908
46305 36099
20962 32354
36129 36243
2362 26350
22363 31564
400 13156
46542 23238
13156 7561
19594 47719
46305 44885
14213 2362
42289 23238
47719 20026
46305 36243
28452 23019
1532 44687
46542 17294
20026 15029
49360 49113
10504 38187
33887 31875
9436 26797
31875 1794
23693 537
47288 44647
46563 36450
13443 46018
11111 13443
31875 7922
5683 19886
33401 20962
537 37389
33887 7245
44507 2648
4938 7561
44687 30707
31251 37716
40492 42289
29132 37716
38040 15029
31251 40492
8910 1321
44349 36243
14445 24054
7561 36181
38040 33545
7922 24910
23019 17684
8910 36598
44974 28600
44687 22363
13359 15580
11111 8847
9295 1321
35879 49360
31564 28600
6796 2362
44687 10504
44647 20532
44349 47837
15029 14445
2362 28600
29132 22363
19331 2648
23967 37716
37716 14445
2648 1321
19886 15580
30674 31251
11012 19594
37389 14213
11111 7561
7922 33887
23019 7922
42289 26797
47288 49360
26797 28452
21592 18985
1794 9436
46542 9498
9295 36450
19886 47837
44885 32354
43787 1794
19909 35879
21931 36598
44647 20995
21592 13156
36450 20026
20970 44687
21042 19331
2648 46305
3240 8235
32029 46193
49113 11111
4938 25472
7245 14014
40492 11012
26350 36099
21931 1532
47837 8235
30707 36181
33267 28600
35908 15580
47288 44507
11702 36181
20962 9436
23019 17294
20970 33984
17684 2764
28665 22363
37716 37337
44280 36129
15143 11702
1794 19909
43787 10504
47837 9077
44475 29132
31870 43787
13443 26797
17684 29132
28452 26350
18985 868
37337 44507
9436 12051
8910 4938
29063 9498
44974 39708
36181 31564
31564 20532
37742 11133
19886 23967
22363 33887
46018 41349
8910 19886
37389 15247
37742 24054
11133 13359
19886 36129
30707 5683
15580 5683
21200 47288
11702 1794
36243 32354
8910 13443
44507 14014
32029 14014
35303 47288
33887 23967
28600 9645
44349 868
8235 30674
11133 40492
44475 35303
15247 5671
1321 537
15580 46193
25472 9436
28600 2362
7922 33545
44885 38282
21200 9645
13359 33401
38040 19594
31875 35303
44974 36450
38040 29132
44687 14014
1532 30674
11111 36181
44475 46305
37337 12051
17684 9645
8847 8235
23967 14445
25472 12051
2764 46193
29063 537
19331 24054
14213 24543
38187 25472
28665 44885
46018 33267
4938 19886
1321 19886
37716 10504
4938 9645
33545 36099
6796 15247
7922 11133
37389 8847
13443 17684
22031 33401
11111 19909
35908 13443
23693 49360
37716 29063
4938 26797
40492 14213
7922 13156
44885 44974
14445 17294
13156 9645
14213 36099
31564 11702
6679 13156
23019 19331
30674 36598
20962 35303
37716 400
400 26797
46305 43787
7561 15143
21311 529
8235 24054
7561 42289
6796 5671
9645 33267
39708 38282
33267 8235
44974 8847
36243 24054
26797 4938
35908 46193
21042 29132
400 36243
38187 33401
32354 11133
868 21931
28452 13156
46018 20532
44885 18985
42289 6796
26350 47288
2648 5683
12051 29063
537 46305
20995 31251
9436 22363
30707 529
35303 4938
44687 38040
46305 4938
5671 20970
21200 24543
44280 17294
19909 3240
39708 529
5671 35908
5671 42289
44647 537
19594 18985
21592 31870
47837 44647
400 33887
15143 33984
36243 1794
24910 20532
21592 19331
38282 4938
22363 49360
7922 21311
20026 35303
36129 868
38187 24054
19331 21200
36129 20995
7245 13443
2648 29063
21931 5683
44349 13359
37716 11702
8847 36129
25472 37716
35908 46542
6796 46018
11133 19886
7922 46018
20995 47837
36598 36129
4938 9498
529 22031
868 24543
44647 33984
44475 6796
868 46542
33887 31870
46305 537
7245 3999
29132 26797
7561 11111
33401 33984
21042 37742
36181 35879
8235 19909
47837 15029
23019 29063
17684 14213
32029 36450
24543 31564
46305 31875
7922 1321
28600 20995
37716 9436
14014 39708
39708 44507
24543 29132
13156 37742
44349 13156
35303 6679
21311 33887
1321 15029
20532 19886
26350 44280
23238 9645
31251 537
21931 35908
2362 24054
44647 35908
15247 6796
14213 1794
11111 17684
17294 21200
32354 23693
3999 13443
28600 19886
26350 38187
10504 33401
38282 31875
47288 9295
1321 6679
46193 7245
29063 26797
868 18985
19909 13156
24910 36450
36243 47288
33401 36450
20970 42289
14014 30707
21042 20532
38187 36099
30674 33401
21042 2362
15247 11133
40492 9645
15580 9295
22363 21042
42289 9498
35879 8910
35879 23238
23238 35303
30707 33887
46193 33887
1532 46563
46193 23967
46563 20970
15029 13443
3999 24910
36450 35879
12051 9645
36099 2764
20962 28452
39708 42289
46563 14213
7561 31564
35303 47719
9498 33984
23019 33984
38282 17684
30674 31870
33887 9645
31875 15143
2764 44507
22031 47288
32354 49360
28452 11111
21931 21042
21311 6679
1321 49113
14014 44647
9498 49113
42289 25472
3999 14014
15029 8235
35908 37742
12051 17684
1794 20962
3240 19886
14445 32354
46305 20026
13359 44647
1321 400
38040 44647
36181 13359
25472 22031
29132 22031
42289 32029
19594 21042
38040 23019
47837 44507
12051 36243
9645 7922
43787 41349
14014 33401
9077 29063
36450 21200
2362 8235
19909 14213
26350 28452
21042 20970
5683 23693
26797 9498
24543 37337
23693 44687
23238 15029
29063 47837
31870 44687
8235 7561
43787 23019
7922 47837
44507 19886
3999 20026
47719 23693
36181 33267
14445 9295
40492 36181
47288 1321
29063 15247
37742 33401
20026 1794
44280 21311
6796 4938
20532 30674
32029 14445
12051 22363
3240 46542
25472 8910
14014 15143
46563 529
3999 13359
38040 5671
7245 21042
33267 41349
46018 47837
44280 24910
14014 3999
4938 1321
22363 529
44885 30674
400 20962
35879 44974
35303 49360
10504 44349
23693 13359
9498 28665
32029 28665
20532 33887
3240 44974
44885 21311
44349 11702
24543 7561
36243 17684
44974 5671
8847 9498
46193 21200
31875 9436
32029 33984
33984 19331
23967 21311
10504 31564
13359 2362
44280 13359
400 20995
537 19594
23967 11111
13156 47837
46542 26797
9498 4938
28665 15580
24054 15247
29063 9436
46193 31870
7561 19594
35879 37742
15247 33984
868 26350
37337 22363
44885 8235
26797 46193
28452 537
19331 10504
49113 23967
44280 46305
38040 17684
20532 41349
33401 18985
46563 36243
44687 537
49113 6796
529 537
23019 4938
40492 1321
20995 12051
21200 23238
43787 28665
22031 529
10504 28452
32029 44475
37389 24543
23967 47288
39708 49113
15029 14213
38187 35908
36129 529
32354 12051
20532 19331
35908 44974
24543 11702
13156 15029
35908 29063
15143 29132
12051 30707
17294 2648
36243 11012
22031 14213
44647 46542
28452 10504
7245 37389
29132 44475
30707 15580
13156 13359
46542 20026
11702 24543
400 31870
21042 43787
3240 13359
15143 19886
44349 2648
24543 37742
44885 13443
21311 8847
44974 21931
37389 47719
44974 23693
35879 32029
529 46563
22031 32029
44885 5683
46018 8235
20995 1532
14014 44349
7922 44349
44475 19886
35908 17684
35303 20532
33267 13156
23019 44475
37716 2362
25472 23967
7922 42289
6796 7245
11702 23693
44349 9498
21592 36099
35303 29132
35303 33984
25472 38040
11111 20026
23238 33545
8235 37742
37389 21042
9077 20970
31251 46305
49113 44885
49113 33984
49360 44647
8910 18985
49360 8910
15143 44475
21592 6796
9295 33887
5683 1532
11111 46018
35908 28600
38187 44475
6796 30674
44280 21042
3999 47719
37716 31251
21592 20026
38187 6796
8910 38282
15580 26350
11111 24054
868 33887
537 30674
36598 24910
11702 26797
8910 22031
18985 5671
37337 3999
19594 33545
23967 14014
1794 9295
49113 28665
44475 24910
41349 47288
19331 14445
33984 6796
46018 46542
44647 400
2648 13443
38187 30707
44507 21931
2362 529
19331 28665
35303 46018
37389 5671
33984 31875
31875 49360
14014 8847
36598 36450
44280 23019
9436 13443
3999 44647
42289 38187
20995 31875
31875 26350
11702 23019
21311 29063
31870 44280
13359 24054
1532 28665
5671 11012
24054 35303
9295 14445
49360 31564
44687 8847
23238 37716
6796 24543
1794 5683
3999 9295
23238 43787
28665 26797
28665 38187
37742 7561
17294 8847
35908 19909
24910 19594
38282 1321
17294 49360
21200 7245
46305 29132
46563 36598
26350 44349
529 35908
47719 18985
29063 41349
33401 3240
5671 10504
12051 13443
21200 36243
24054 44349
14213 38282
44647 19594
46305 17684
11133 6796
44349 6679
23238 31875
2764 46018
21931 23238
29132 11012
28452 868
36243 868
23693 46563
1532 21311
14213 20532
12051 3240
9498 38187
13156 36598
41349 37337
2362 31564
31564 37337
2764 15029
20995 20532
17684 47719
400 21311
14014 44974
40492 400
9077 37742
3999 44507
17294 7922
36099 7922
31875 11111
30707 31870
44974 11012
8847 5683
20970 7245
8235 22031
22363 37337
31564 21200
13156 44974
6796 44475
47837 36129
21200 29132
44507 35908
23967 37742
35908 20962
31875 24543
33984 25472
33267 5671
26797 18985
19331 4938
13359 43787
24543 30674
33545 33887
21931 47288
20026 26350
11702 46018
44507 33267
11702 529
23967 33984
11111 43787
37389 17294
20970 11012
31251 23238
28665 32354
15143 3999
46193 529
11012 20026
11133 15247
2648 19331
29063 36181
37742 9295
46018 5671
17294 529
37716 33545
30674 1321
6679 19886
24543 36099
19594 19331
38040 1794
17294 9295
35879 9077
40492 12051
5671 7245
25472 20995
7245 44647
19594 23019
42289 14014
21200 44974
5671 15029
37389 46193
26350 9295
15029 18985
21200 41349
31564 33887
44349 35879
49113 39708
400 44349
21042 32029
39708 31875
1794 47719
11111 15029
49113 19909
26797 21311
7245 9295
47837 15143
31870 29132
44687 49113
44647 21042
31875 13359
29063 9077
37716 47837
15247 36181
30707 20026
37337 9498
46018 20970
33267 36450
2764 30707
4938 28600
19909 13443
30674 13156
4938 13443
537 7561
37389 21200
22363 47719
46563 17294
28600 3999
42289 19909
44687 29132
49113 18985
44885 11012
2648 15143
32029 35303
36450 25472
40492 24054
31251 22031
13156 39708
38187 20995
44885 20962
37337 24910
28600 38040
22363 26350
20532 13359
11133 11702
23693 38282
2648 37389
33887 47837
5671 44647
46305 1794
46018 15143
35303 33401
33545 24054
7245 20532
19886 25472
2648 7922
33401 33887
46305 31870
9077 20962
15143 35303
21311 2648
36243 40492
32354 37337
20970 35908
7561 9295
400 44647
9498 39708
3999 19331
6679 36181
32029 4938
6796 37716
24543 36243
9436 33267
44974 10504
3240 32354
46542 2764
46542 529
9077 49113
14014 30674
35908 17294
47719 21592
47837 17294
19331 37742
11702 2648
21592 31251
30707 6679
7561 36450
37742 21592
17294 36129
46018 3999
26797 17294
33545 30674
36450 46563
32354 32029
35303 21200
47288 36450
15247 529
46018 868
26350 6679
36450 46018
47288 28665
17684 868
20962 21592
49360 21042
537 41349
26797 31875
28600 15580
31870 36450
44885 46542
19594 12051
41349 26797
46018 8910
13359 21592
15247 5683
26350 2648
20995 44647
9645 37716
21200 49360
22031 44647
24543 26350
33401 8235
33887 9077
29132 868
7561 1321
23693 36099
15580 8235
3999 31870
46018 26350
11111 31870
40492 35303
25472 2764
39708 35879
1321 29132
4938 38187
23019 15580
36181 19594
14213 19886
17294 33887
11012 44475
9436 17684
400 10504
36129 8910
36099 44280
11111 1321
29063 1532
36450 36598
30674 47837
32029 23238
11111 47837
15029 44647
29063 11133
36598 5683
42289 19886
33545 15029
36181 36243
20962 24054
33267 2764
2648 529
17294 24910
1321 35908
46193 8847
42289 24054
44974 47837
36598 9645
31870 33545
46018 8847
24543 18985
44507 30707
18985 15143
23693 28600
28600 8847
31251 6679
32029 20962
30674 23693
9645 37742
46305 37716
6679 7561
7922 22031
23238 35908
9295 19886
23238 15580
15029 36181
1321 24543
6796 46305
9498 24054
2764 23967
37337 15247
46193 8235
4938 13359
24543 2362
19909 15143
36129 37337
8235 33984
21592 44507
35908 9645
17684 47837
15247 21311
3999 8847
44280 24543
3999 19886
10504 11702
4938 36099
36099 20026
11133 29132
24054 11012
13443 14445
31870 32029
36181 47719
22031 23238
20532 29132
15580 15029
32029 20970
36598 49113
33887 28665
2764 47719
19331 5671
20962 39708
20970 3240
26797 33545
44280 8847
37742 44280
11702 38282
1794 41349
44974 20962
36450 18985
46193 17684
15029 9295
37337 35879
1794 3999
29132 46542
41349 36450
46193 47288
1532 26797
17294 7561
8910 5683
13156 12051
33545 23238
6796 32029
13359 32354
46542 33887
47837 537
36598 36243
32029 31251
17684 23693
11111 13359
31564 35879
35908 22363
36181 36099
5683 20962
3999 47288
31870 6796
30707 33984
5671 23238
25472 33887
26797 32029
35303 15143
1532 23693
9077 38187
33887 47288
46193 31564
15580 32354
38187 2648
42289 20532
12051 15143
36598 20026
36099 44885
30707 41349
5683 46305
46305 868
20962 28665
28600 21311
11012 14445
31564 23693
15029 22031
17684 37742
7245 7561
44507 38187
15029 20995
33267 36598
21311 17684
20532 400
12051 28600
26350 30707
1794 15580
19909 47837
17684 20026
44475 11111
15580 49360
49113 38187
36450 400
28452 21200
42289 2648
8235 35879
529 24543
23238 20970
36243 36598
5671 4938
24543 21200
22031 42289
41349 6679
9077 28452
33984 9077
529 19909
47288 28452
37389 28600
49113 7245
15029 38282
21200 44885
19331 14213
44647 33267
14213 46193
400 35908
6679 37742
33267 21592
21311 15029
9436 32354
20026 14445
868 36450
46193 42289
35908 18985
49360 10504
33401 19331
37716 33887
21931 15247
3999 537
28600 3240
36450 19909
38040 40492
47288 35303
2764 7561
36598 28600
46018 37742
3240 30707
15247 24543
1321 22031
24054 33267
24054 31875
44974 44687
33545 21592
529 38282
24543 12051
11133 31251
36598 38040
19886 868
4938 3999
47719 8235
12051 1794
20026 44475
46542 23019
13443 36243
46305 24054
23238 7245
18985 36598
30674 23019
23019 31251
14213 7245
19331 33984
23019 18985
29132 20970
21042 14014
17294 29132
537 15143
6796 20026
28665 37337
31870 8235
400 24910
20532 14213
3240 23238
23693 20995
33267 19886
1794 46193
44507 20970
46018 21200
21042 20962
9436 47837
5671 19594
7922 19886
29063 46193
400 14445
33401 7561
10504 37742
14213 14014
28600 31564
40492 20532
9077 44349
5671 46305
2648 31564
9436 31251
44349 31251
46305 2362
35303 20970
33887 44280
529 13359
1321 38282
35303 2764
1794 37716
11111 1532
868 2764
33545 7922
46563 400
33984 7561
44974 3999
20995 44280
21931 13359
17294 36181
35908 36181
20970 5683
19331 46305
11012 23693
22363 35303
7245 9645
44475 14014
44280 1794
37742 15143
13359 11133
36099 9436
6679 18985
19886 13359
14014 13359
13156 46305
2764 41349
46018 5683
46018 47288
46193 36243
33401 28600
5671 38040
11133 46542
17684 8910
44280 8910
36099 47719
23019 35908
23019 31875
9295 19594
49113 8847
36243 529
42289 33984
7561 49360
47288 400
29132 35879
44647 1532
29063 23019
32354 31870
13443 15143
17684 28665
44475 20026
25472 35303
1794 19331
21311 46563
15580 46305
21042 6679
6796 14213
15143 47288
37742 5683
23019 13443
36450 20995
31870 13156
46305 9077
24543 42289
32029 44687
44349 18985
31251 529
33545 19886
31564 29132
21042 36450
15143 31870
5671 26797
33267 14014
49113 46305
13443 2362
12051 15580
19886 12051
23238 44507
20026 2648
44647 24054
23238 14445
47837 14213
13156 537
10504 37389
19331 537
21931 11111
49113 8910
33887 15247
18985 15029
20532 44475
2648 7245
37389 31870
14014 32029
1794 3240
18985 46193
9645 21592
8847 36450
46542 47288
31875 29063
7561 1794
44507 44349
15247 49113
46305 36450
33984 21931
44647 7561
13443 31564
10504 13443
31870 39708
7922 13359
868 9645
2764 14445
7561 28452
20995 33401
2362 35879
1532 33984
7245 19594
23693 14014
32029 30707
10504 23238
36450 1532
36181 31875
44280 12051
14445 26797
44280 38282
6796 6679
10504 42289
17684 24054
18985 44349
15247 9295
24910 400
44475 47837
46018 7245
26350 35879
28600 23019
2362 46193
15580 37742
33267 20026
23238 33267
31875 31564
18985 2648
36129 9498
23967 21042
19331 7922
14445 7245
9077 21200
37742 31251
7245 44475
44885 49113
15247 38282
19331 31564
37742 1794
33887 28600
14445 21311
2764 36598
42289 36450
36243 8235
38187 28452
14213 44475
23693 21200
24543 8910
37337 22031
15143 37337
38282 9077
32029 6796
537 19909
37742 46018
44475 37337
1794 28452
44974 9077
37389 23967
30707 46193
47719 40492
19331 44280
8910 868
46305 13359
30674 868
13443 20532
44507 30674
33545 22031
47288 8910
20995 44885
46193 31251
13359 40492
15580 21200
37389 31564
38282 11111
1532 47837
21931 23019
21931 30707
13359 36598
33401 1321
3240 11702
4938 49113
19594 7561
29132 6796
35303 30707
30707 5671
36181 31870
20970 17294
1321 28665
42289 20026
23019 400
9077 13156
37337 7561
33545 46563
46563 24543
20995 26797
44507 21200
33267 37337
36450 17684
36181 7245
37337 15143
