946
31186 12493
47579 6706
892 23077
38250 12119
37216 3265
10717 21461
44679 3594
40463 47579
32313 20892
457 37485
11526 21964
43576 41353
35293 3594
28011 345
40463 9884
24163 22542
38909 31388
12493 34653
14346 21964
4565 6779
4565 12493
22251 40023
47679 3145
25785 47679
34653 47679
32313 3889
45842 47579
44679 41353
29093 12119
45842 3594
38250 5692
6779 6706
13966 42225
36255 6645
43576 22251
1915 457
9884 11520
31388 42225
4565 34653
457 15998
40958 21964
47579 11237
41353 28011
457 42547
49574 6791
3436 3265
3436 7468
34653 39444
34653 39805
40023 457
6645 33554
22211 31388
3265 31388
11526 42547
44679 6791
42225 3889
3265 24163
32313 11520
32313 37485
32106 42547
49574 11520
28011 12180
36255 45842
35293 892
21964 3265
37485 40958
27290 21964
10717 38909
12119 6706
5692 6706
40023 32313
3145 44679
3889 9884
9884 21964
22211 14346
15998 29093
22251 32966
12493 345
31388 40023
33554 44679
23077 39805
457 38909
3436 22211
3436 35293
6645 12493
6791 32106
6779 47679
3265 345
457 6779
12180 3145
31140 3145
24163 23077
14346 49100
3145 32106
6791 22251
35293 457
32313 40023
47579 24163
457 44679
42547 3889
1915 37485
31388 43576
39444 41353
7468 9884
47679 11526
3265 39444
27290 45842
39444 29093
15998 9884
1915 33554
9884 22542
2302 30429
10717 4565
14346 21461
25785 13966
6779 45842
3145 13966
22211 49574
4565 3594
1915 36255
39444 37216
345 6791
25785 17551
11520 42225
11237 3436
34653 14230
39805 38909
40023 3436
11520 14346
37216 14230
44679 17551
49100 36255
14346 40463
457 5692
6645 31140
38909 24163
49574 4565
25785 40958
3145 7468
23077 14346
4565 32313
49574 25029
5692 22251
6791 29093
13966 2302
12180 3265
11237 42225
3889 15998
39805 3265
33554 38250
3594 37216
49100 47679
6791 40463
892 34653
12119 4565
6645 43576
14230 10717
12119 39805
41353 457
4565 9884
6645 3145
34653 3145
43576 34653
22211 38250
43576 3889
21964 32106
22542 6779
40023 25029
40958 25785
22211 22542
28011 34653
42547 13966
4565 30429
20892 6779
32966 457
11237 36255
11237 40023
10717 1915
47679 39444
22211 25785
44679 22251
14346 3436
17551 14230
25785 7468
6706 24163
41353 14230
34653 12180
25029 40023
34653 3436
32966 14230
22211 41353
30995 21461
43576 47579
14230 36255
22542 42225
11237 12119
27290 22542
27290 49574
38250 22542
49574 32106
10717 3436
40958 29093
9884 47679
32106 32313
37216 31388
17551 22542
14230 30995
21461 10717
457 25785
30429 6706
25785 4565
49100 37216
42547 1915
15998 38250
39444 42547
39805 6645
39444 12119
29093 892
892 28011
31388 3594
20892 15998
3889 42547
6791 9884
47579 4565
32106 24163
11526 31186
25029 6791
36255 25029
39805 28011
32313 39444
29093 42547
10717 14230
38250 9884
2302 32106
11526 2302
40463 21964
892 25785
47579 5692
27290 3145
25029 25785
6791 45842
14230 40463
45842 9884
28011 47679
25029 43576
14346 42547
38250 44679
39805 49574
37485 3145
6645 13966
3594 38250
12119 49574
37485 36255
41353 43576
3594 457
4565 38909
11520 7468
20892 31186
32966 30995
39805 20892
345 21964
1915 11526
5692 30429
36255 22542
27290 457
35293 15998
3889 29093
31140 41353
21461 5692
22542 12493
32313 35293
42225 35293
29093 11526
42225 27290
14346 31186
31140 39444
14230 12119
32313 15998
36255 7468
2302 15998
3594 21964
32106 3436
22211 35293
7468 32106
49574 12119
6791 15998
22542 42547
6645 17551
32313 32966
11237 49574
40023 38250
49574 6706
39444 11237
49574 6779
10717 37216
47579 11520
14346 7468
14230 6779
49100 345
40958 22542
25785 12119
35293 25029
25029 40958
32313 10717
21461 22542
24163 37485
40023 31388
42547 41353
13966 24163
6779 38909
14346 10717
39444 25785
3436 14346
9884 37485
37216 14346
22542 1915
3889 31140
6706 36255
31388 457
12180 14230
43576 17551
14230 47679
9884 42225
34653 29093
30429 11520
10717 892
31186 6791
3889 14346
3265 4565
15998 32313
30995 38250
21461 33554
42225 47679
31140 17551
15998 37485
12119 25785
36255 12180
49100 40023
4565 40023
21964 457
6779 24163
39805 12180
3889 36255
39805 35293
33554 37216
3889 32313
11520 31186
38909 30429
13966 49574
39805 32313
41353 2302
27290 12180
2302 6779
14230 32966
43576 37216
34653 15998
6645 11237
41353 3265
12180 11526
49100 23077
15998 7468
15998 6779
12119 32106
345 38909
22251 25785
1915 39444
47679 45842
15998 42547
15998 44679
30429 47579
5692 3889
17551 31186
5692 12180
32106 6706
25785 892
6645 25029
29093 3436
5692 37216
30995 457
5692 47679
45842 25785
3889 30429
41353 11520
33554 10717
7468 31388
13966 21461
5692 47579
3436 38909
38909 40463
41353 39805
6645 12180
31140 12493
14346 6779
6706 45842
12493 11237
4565 31140
40023 29093
43576 42225
25029 32966
28011 42225
457 27290
23077 6779
37216 4565
39805 40023
2302 27290
6706 47679
38250 12493
9884 40463
38909 12119
3594 31186
21964 47579
42225 21964
43576 21461
34653 32966
21964 35293
6645 28011
28011 4565
7468 40023
40958 345
31388 49574
7468 44679
11237 1915
29093 4565
22542 45842
49100 31186
29093 40958
21461 44679
3889 12119
3265 47579
14346 30995
49574 3436
29093 31140
34653 49100
4565 32966
11520 35293
13966 40463
892 31388
12180 5692
40463 6706
27290 22211
42225 24163
14346 13966
14230 38909
7468 47579
25785 38909
32106 28011
3436 37485
1915 6706
17551 43576
30995 3265
11520 1915
6645 3436
22211 892
30429 5692
40023 27290
39444 22542
3145 37216
49574 39444
11526 13966
27290 28011
6779 20892
23077 3265
42547 6791
457 11526
11237 47679
41353 1915
42225 3265
49574 22211
20892 36255
3889 47679
37216 31186
892 2302
28011 892
2302 39444
3594 4565
33554 22251
3594 21461
49100 22251
49100 40463
17551 38909
47579 22211
2302 38909
29093 35293
6779 40958
11520 3436
40023 49574
12119 2302
31140 9884
37216 38250
45842 36255
3436 47579
21461 6645
31186 35293
14230 31186
37485 10717
21461 17551
33554 3265
34653 41353
30429 12493
40958 3889
5692 20892
40023 17551
43576 15998
1915 5692
38909 47679
32106 23077
37216 22211
17551 6706
32966 34653
3145 28011
1915 10717
13966 23077
12493 13966
13966 6779
39444 27290
33554 20892
30995 43576
31388 12119
10717 47579
42547 25029
40958 12493
22211 3265
39444 47679
31388 22542
30429 31140
32106 39805
30995 34653
3594 892
3594 7468
32313 21461
28011 3594
32106 7468
14230 34653
28011 44679
40958 33554
3594 3145
40023 39444
21964 15998
37485 43576
457 43576
13966 11237
32106 37485
12180 12493
11526 20892
3594 3889
22211 11520
32966 32106
6779 31186
29093 40023
22251 345
27290 15998
14346 3889
31140 42547
40023 14346
15998 3145
22542 29093
13966 31186
30429 23077
27290 892
7468 30995
28011 2302
42225 7468
31186 22211
40958 25029
25029 49100
21964 6645
40023 23077
36255 34653
10717 22251
31388 3145
41353 25785
39444 9884
31186 6779
31388 22211
41353 29093
892 41353
5692 3594
4565 11526
3265 5692
47579 11526
29093 457
6791 37216
30995 49100
2302 40958
1915 21461
38909 43576
892 32966
32313 6791
12119 17551
3436 20892
30429 1915
14230 21964
12493 21461
31186 31140
32313 47679
32966 27290
31388 39444
42225 3436
47579 457
25785 14346
42225 345
34653 21964
29093 1915
22211 21964
47579 13966
43576 36255
29093 28011
17551 29093
47679 44679
6791 11237
40463 6791
5692 6779
11520 22211
6779 49574
34653 3889
5692 15998
3889 21461
17551 13966
6791 23077
13966 35293
27290 32106
11526 43576
38909 12493
13966 22542
32966 40958
10717 11526
21964 11520
47579 12119
25785 3594
892 39444
892 17551
3889 21964
32313 23077
892 14346
17551 47579
6706 12119
3145 21964
31140 32966
29093 21461
49100 41353
37216 42225
11237 6645
6779 27290
21964 22542
30429 3594
42225 38909
7468 31186
40463 10717
15998 39805
9884 21461
32106 2302
6645 31186
40463 45842
15998 892
457 21461
20892 25785
32313 45842
3436 12119
1915 30429
22211 3889
37216 29093
6779 3145
32106 457
1915 12180
4565 22211
2302 22542
25029 33554
892 12493
3436 3145
4565 42225
5692 25785
45842 44679
28011 14230
21964 49100
4565 11237
27290 5692
34653 17551
23077 40023
39444 35293
6779 49100
42547 345
3265 36255
10717 23077
41353 31140
29093 24163
14346 31388
47579 28011
12180 42225
14346 32106
6791 22211
11526 17551
12119 6779
345 3594
6706 15998
34653 40958
22211 3436
28011 38909
38909 39805
4565 40463
11237 37485
6791 40023
38250 892
3436 11237
28011 12119
2302 11520
32106 3889
5692 14346
32966 14346
2302 31388
25029 24163
49100 11520
31140 20892
31186 17551
23077 30995
42225 28011
40958 15998
12493 10717
457 14346
43576 40023
33554 22542
345 30429
34653 37485
49574 37216
22542 22211
45842 31388
9884 15998
31388 10717
2302 23077
3265 37485
11237 17551
21964 12119
17551 3436
5692 11520
14346 38250
31140 36255
36255 42225
31186 45842
3436 14230
35293 3265
25029 44679
47679 11520
38250 3594
6779 33554
4565 29093
12493 9884
5692 30995
3436 6791
49574 41353
31388 17551
6779 457
29093 45842
30995 25029
39444 38909
37216 31140
40023 21964
7468 6706
20892 25029
27290 37216
40023 3594
11526 3436
49100 38909
1915 22251
3594 42225
3889 31388
47679 47579
17551 32966
35293 3889
31186 39805
3265 7468
3889 39444
21964 14346
3436 30429
28011 41353
49100 39805
38909 457
29093 15998
31186 47579
3889 11526
32966 21461
32966 25029
31186 37216
1915 23077
892 32106
9884 3594
34653 22211
40463 42547
9884 2302
31186 29093
45842 12180
17551 10717
13966 28011
11526 3265
22542 3889
13966 43576
30429 32966
6791 14230
457 22211
33554 12180
36255 42547
22211 9884
5692 21964
47579 32313
4565 42547
30995 49574
24163 40463
39805 892
24163 6779
40463 1915
40023 6706
36255 47579
34653 45842
2302 3145
31186 23077
38909 42225
44679 21461
22251 20892
6779 14230
12119 21964
45842 21461
39805 17551
12119 11237
9884 11237
25785 41353
39444 22211
31388 2302
32106 22211
29093 32313
47679 14346
39444 20892
15998 13966
33554 5692
3594 41353
49574 3594
35293 10717
3436 30995
12180 32313
45842 23077
3145 3889
2302 7468
47679 20892
35293 32966
20892 3265
4565 5692
21964 31186
44679 29093
3265 38250
5692 12493
34653 23077
13966 11520
345 3265
47579 3265
1915 12119
6791 25785
6779 28011
37216 38909
30429 35293
49574 30995
40463 28011
6779 23077
3594 34653
3145 22251
34653 24163
22211 31140
34653 5692
14230 21461
22542 457
14230 42547
40023 43576
35293 14230
29093 3889
4565 37216
14230 11520
21461 345
3889 6645
11237 3594
21461 3265
25029 42547
39805 3889
3436 39444
21461 36255
17551 1915
15998 31186
30995 3594
40463 38909
9884 12180
38250 20892
9884 22251
7468 5692
21964 40023
44679 11520
42225 11520
34653 2302
31140 21964
17551 28011
3594 6791
31186 6706
43576 13966
42225 12180
892 22542
21964 24163
2302 34653
40463 15998
32966 3145
1915 39805
40958 7468
29093 25785
15998 3889
39805 6791
40958 47579
1915 2302
37485 13966
22542 17551
38250 28011
47679 2302
15998 10717
22542 32966
20892 39444
12493 3889
36255 31186
47579 34653
40958 10717
22211 45842
34653 11237
36255 40463
42547 3265
35293 11520
20892 17551
11520 22251
49100 5692
47579 23077
42547 14230
40958 28011
32313 31388
42547 22251
32313 31186
9884 37216
15998 24163
13966 32966
39444 3145
457 45842
21461 28011
12119 14346
24163 49100
37485 12180
4565 22542
32966 22542
