4724
30222 11416
31034 15504
31185 16355
15697 5239
24803 36614
1102 5239
46715 42341
20458 14347
42204 26297
26297 11033
10417 4691
42204 13497
13497 43755
18052 135
6445 16840
32137 2569
16001 34709
48676 5239
49923 41908
44041 23094
15954 6445
34988 40692
11416 32777
40807 5239
23736 14347
40178 17642
10417 34783
43174 31185
11033 16001
2569 11416
2934 21753
6445 23736
16840 11787
6445 2934
46290 20458
42341 14220
10235 17861
8225 6445
8225 49353
5304 30222
29827 5304
31034 2934
23094 20458
17642 46290
32137 45154
32365 48676
15504 5239
20458 47501
47501 13497
42204 16840
32137 48451
13678 5239
29404 13389
48451 34709
8842 41908
43174 7700
5304 42204
36614 26297
22756 15504
16840 30222
40178 43755
44041 17642
44041 31185
14347 8225
23736 11787
13497 34910
47501 10235
46290 42204
32765 43174
22756 13678
5239 32777
13678 2934
32777 42204
29139 31034
32137 40692
31034 15954
45154 15504
5304 3662
24803 42341
18052 40768
16355 29139
32777 11787
15697 5157
29139 10417
48451 32777
15504 46715
13929 43755
41908 44041
2569 40692
29404 43174
14220 5239
17861 47501
41908 43174
34988 3662
10235 25209
32365 36614
46715 6445
16001 2338
45154 29139
48451 5157
45154 10235
49923 14347
2185 135
20458 25723
21753 45154
48451 41908
21753 16840
14220 6445
34910 34988
20458 34783
23736 32777
16355 5157
42204 34910
25723 8600
29139 21753
24803 11787
46290 6445
47501 40768
15954 20458
34709 40807
2185 34709
4691 15954
48451 46290
46290 49353
40692 2185
21753 46500
14347 16001
7700 18052
43174 46500
16001 10417
13497 14347
14220 34783
2338 40807
13389 22756
29827 10417
17642 16001
17861 32365
135 2185
13929 14347
6445 48676
7700 5239
12765 32777
40178 7700
16001 46290
20458 36614
46290 8600
15954 5157
46500 14220
11787 5239
17861 30222
8225 11033
16355 25723
16355 42204
40178 23736
16001 13929
22756 20458
48676 12765
13678 4691
2934 18052
2569 20458
13929 16840
31185 40178
11416 24803
12765 18052
11033 16840
48676 15954
26297 15954
34783 16840
4691 16001
16001 23094
49923 45154
40692 48451
18052 46500
29827 17861
13929 5304
36614 16840
13389 16355
40807 32777
23094 44041
29139 31185
23094 41908
47501 6445
17642 34910
46290 42341
49923 2338
12765 17642
6445 2569
41908 23094
34910 32365
34910 32765
14347 12765
30222 5239
44041 2185
11416 17861
3662 41908
18052 47501
2185 5157
13389 16840
7700 5157
45154 13929
2569 32137
46715 23094
49923 15504
10417 44041
25209 48676
29404 22756
43856 43174
47501 34988
26297 34709
15697 13497
20458 43174
11416 34988
21753 22756
45154 2185
3662 8600
15697 41908
7700 30222
31034 49923
45154 11416
14220 43755
1102 5304
43174 12765
34783 34910
48451 49353
26297 43174
8600 1102
14220 34709
48451 8842
20458 135
24803 46500
45154 26297
29827 8600
25723 7700
25723 32365
43755 14220
11033 11416
40692 44041
49353 34910
14347 20458
15697 45154
17642 43174
16355 43755
1102 32137
13389 11416
10417 43755
36614 15504
45154 8842
47501 45154
47501 23736
6445 40768
3662 42341
6445 13929
7700 6445
13497 40768
41908 13389
6445 34988
30222 14220
42204 8600
13678 29404
13389 46290
16355 135
12765 32365
5304 13678
8842 25723
10235 15504
1102 8842
11787 13497
31034 29404
13929 20458
34910 25209
18052 4691
5239 2338
2569 34988
29139 49923
43856 11416
46715 34783
34988 31185
13929 5239
15697 11787
15954 32765
16840 34910
5239 34988
1102 29827
49353 42341
29139 40178
40178 15697
23094 15504
6445 17642
13929 2934
22756 40178
15504 5157
5157 42204
25723 17642
29827 11787
5239 29139
5157 15504
14220 32137
12765 41908
2185 18052
11787 1102
40692 43755
34988 24803
49923 40692
21753 17861
2934 29139
43174 2569
2569 17861
29404 43755
18052 45154
43755 13497
43755 48451
20458 34910
40692 15697
49923 2934
48676 13497
2934 15697
41908 20458
31185 11416
7700 11787
6445 3662
40807 8600
10235 135
44041 2569
36614 47501
43755 11416
46500 15697
14347 32365
49923 135
48451 6445
30222 34988
48451 40807
32765 5239
6445 29827
32765 17861
10417 43174
48451 32137
42341 25723
8225 32765
36614 34988
10235 40807
8600 24803
2569 40807
14347 18052
12765 15954
40807 31034
11033 1102
2338 32137
13497 34783
16001 40692
49923 31185
32137 5239
48676 34783
20458 42204
48451 40178
40807 49923
29404 31034
31034 40692
1102 14347
42341 29404
49923 10235
11787 14220
12765 5239
43755 31034
26297 13389
40178 40692
29404 15954
6445 49923
49923 21753
14347 34910
1102 42204
17861 14220
43174 13678
15504 24803
29827 135
26297 7700
40178 48451
13497 43856
49353 5304
2185 40692
32777 30222
34783 43174
34783 22756
23736 16001
14220 46715
10235 23736
135 46715
10417 40178
7700 40692
15697 16001
32365 20458
44041 40692
5304 49923
11033 15504
13497 135
11787 8225
13497 8225
42204 44041
46500 45154
43755 36614
24803 14347
29404 46290
48676 31185
4691 40178
18052 14220
12765 34988
34910 23094
43856 31034
41908 4691
40807 34910
29827 14347
36614 46290
10417 29404
23094 16001
5304 23736
40692 32365
43856 32765
11416 11033
25723 8225
40692 11416
5157 13497
2185 49923
47501 44041
46500 43856
16001 48676
25723 41908
40768 34783
16840 15504
8600 34910
40768 23736
2934 25723
34910 42341
11416 16355
135 15504
43174 45154
7700 26297
48676 32137
11787 8842
10235 20458
11787 5157
16001 16840
29404 1102
2569 42341
25723 31034
32777 1102
15504 13678
5239 5304
15504 45154
14220 45154
40178 36614
41908 45154
15697 40692
34988 13497
32365 32777
11787 11416
29139 11033
49923 13678
32137 40178
23736 43174
29404 20458
32777 34910
13389 6445
7700 13497
10235 24803
11787 46715
32365 40768
7700 44041
31185 32365
15504 31185
16355 45154
10235 14220
4691 34910
5239 31034
42341 40768
32765 1102
18052 2934
40178 40807
29404 23094
43856 8842
41908 15954
17642 34709
40178 20458
6445 46500
135 3662
17642 32365
18052 15954
13389 3662
34709 8842
15697 43755
49923 30222
5157 8842
32137 22756
43755 32365
45154 29827
32365 11416
5157 32765
15697 32765
13929 34709
45154 20458
41908 2338
20458 43856
15504 46500
25723 23094
13929 12765
34783 15954
24803 32365
5157 135
135 29404
42341 49353
7700 20458
41908 24803
8600 31185
5239 1102
34988 11033
30222 45154
17642 16840
42204 16355
1102 2338
22756 34910
31185 16001
31185 3662
41908 16001
2338 8600
34910 11787
21753 5157
5157 31034
42341 20458
44041 34783
43174 40768
34783 2934
7700 47501
8600 14220
43856 47501
16001 12765
13389 40807
32137 32765
29404 34783
18052 10417
15504 40178
13497 46290
22756 46290
32137 29827
29827 2934
47501 17642
41908 42204
13389 30222
17642 15954
11033 20458
24803 31185
30222 23094
46715 43856
15954 31185
43856 22756
11787 48451
24803 3662
43755 25723
45154 29404
47501 13389
32365 31185
40768 2569
24803 2934
16355 8842
2569 15697
29139 42341
8600 41908
46290 25723
31034 32365
22756 1102
13929 34988
8842 34988
2185 43174
36614 13497
8225 16001
11416 34709
7700 23094
34783 11033
26297 17861
1102 11787
13497 15504
43755 30222
7700 14347
3662 25723
7700 16355
29827 34910
46715 45154
34988 15504
47501 42204
14347 26297
21753 48676
46500 5157
11787 34910
3662 26297
48451 29404
12765 42204
49923 25209
5157 32777
34783 46715
21753 25723
10235 48451
25209 34910
32765 13389
10235 40768
42341 8225
29827 7700
42204 43856
41908 46715
14347 47501
43174 5239
15697 47501
23094 16840
8600 29404
13929 5157
40692 13389
34709 25209
34910 10417
14347 43174
34910 40178
29404 2185
31185 17642
6445 42204
17642 32765
49923 1102
32765 29139
34783 11787
48676 11787
23736 3662
15954 34783
34910 11033
41908 5304
2569 36614
13389 32777
13678 13929
5239 13497
31034 10417
12765 15504
46715 18052
43856 13929
48676 8842
44041 31034
46715 48451
7700 45154
16840 22756
40692 32777
31034 16355
11033 32777
14220 42204
4691 11787
23094 34709
26297 29404
12765 23094
40692 135
29404 32777
4691 3662
12765 31185
15954 14220
17861 49923
43755 4691
15954 43856
2934 40807
43755 29404
12765 15697
11416 8842
48451 40692
16001 21753
2569 24803
41908 11033
46500 32765
48451 15697
13497 7700
3662 11033
30222 46290
40807 3662
40807 46500
13497 25723
14220 11033
15504 11787
24803 40768
3662 16840
22756 23094
2185 25209
2569 41908
46290 36614
15504 48451
29139 13389
34709 22756
8842 8225
5239 43174
10235 34709
23094 40807
2338 25209
11033 29139
48451 3662
135 48676
32365 10235
26297 8225
21753 32765
5304 25723
13929 36614
4691 23736
13389 29139
135 25723
7700 34709
22756 2569
43755 7700
8225 32137
3662 15954
29404 14347
25723 10417
41908 15504
23094 18052
10235 43856
25723 5157
17642 25209
1102 32777
46500 12765
43856 40692
20458 31034
15697 31185
14347 10235
16001 22756
47501 46290
32765 24803
22756 34783
34709 46715
12765 11416
5157 10417
30222 23736
1102 43856
16001 11787
13497 36614
34988 14220
48676 34709
16001 46715
43755 135
30222 135
34783 5157
10235 8600
23736 32365
135 8600
34910 17642
13678 15504
21753 36614
12765 8600
23094 13497
12765 48676
21753 13497
22756 49923
46715 21753
13389 8842
23736 22756
4691 36614
16840 46290
13929 15697
16001 31034
34709 43755
15954 7700
42204 45154
30222 49923
45154 46715
6445 13389
11033 31034
23094 15697
49923 22756
12765 40768
43856 34709
15697 25723
45154 16001
4691 16840
23736 36614
32137 43755
5157 4691
25209 2934
31034 13929
40178 46500
48676 16840
15954 23094
15954 29139
32777 48676
30222 24803
15954 40178
46500 2569
11416 10417
2338 12765
22756 36614
46500 13678
44041 40178
44041 5157
16001 1102
14220 21753
26297 2934
34783 135
2185 5304
135 22756
29139 4691
23736 25209
24803 16355
32365 17642
17861 34783
16355 15954
6445 25209
34783 13497
15697 48676
40178 10417
34988 26297
45154 31185
5304 7700
48451 13929
6445 16001
10235 43174
7700 2338
15954 17861
29404 16355
16840 41908
30222 34910
17861 29404
44041 25723
43856 11033
15504 29404
41908 31034
34910 15697
1102 24803
17861 36614
49353 34709
17642 43856
36614 40807
16001 49923
18052 29404
10235 2185
29404 31185
31034 2185
31185 8842
31034 14347
15954 42204
18052 46715
23094 5157
24803 49353
8842 10417
42341 11033
20458 22756
5157 23736
1102 14220
21753 29827
5304 17861
32137 34910
23094 32365
4691 135
16840 32137
43174 2338
5304 10417
12765 20458
13929 8600
34988 46715
22756 32765
8842 6445
43174 41908
5304 8600
14347 46500
135 34783
14347 48676
43174 26297
34709 15504
23094 10235
32365 15954
40807 23094
10417 6445
5304 11787
22756 23736
32365 135
34988 16840
15504 40807
34709 32765
29139 20458
25723 36614
10417 15697
43755 16840
26297 23736
2934 11787
15954 31034
21753 43174
4691 13678
29827 20458
13389 40692
32777 22756
24803 34709
45154 31034
26297 17642
31185 5304
15954 42341
29404 40692
8842 26297
10235 2569
29827 17642
29139 43856
13497 34988
30222 25723
5239 17861
18052 34709
5239 23736
135 12765
11033 23094
42204 48451
10235 22756
43856 17861
8842 49923
2185 6445
36614 21753
36614 135
29827 46290
34783 26297
8600 43856
43856 18052
46290 22756
13389 32365
16840 10235
10235 11416
30222 16355
29139 7700
15504 12765
17861 46290
43174 24803
32765 34709
14220 13678
43174 34988
5304 14347
34988 11787
16001 36614
25723 34910
16840 25209
8600 40692
32137 13389
30222 2569
135 42204
29404 135
11787 26297
22756 40807
16840 15697
4691 14347
16001 40768
2569 18052
17642 13678
23094 49923
32365 43755
23736 34910
48451 14347
15504 4691
46715 32777
43856 36614
24803 44041
15697 29139
42341 16001
13389 44041
41908 7700
31185 30222
42341 5239
13497 8842
46715 5304
46715 49923
24803 18052
34783 13929
42341 5304
16001 32137
49923 11033
1102 15504
32765 49923
11416 40768
43174 10235
34910 13389
36614 34709
15954 49923
40692 43174
40692 31185
32765 43755
3662 40692
48676 4691
49353 8225
25209 15954
40807 25209
10417 46500
34783 31034
25209 14220
23736 20458
26297 10417
6445 43755
8600 26297
22756 15954
13929 2338
13929 3662
2185 7700
20458 31185
23094 21753
47501 25723
17642 11787
1102 20458
29139 47501
29827 26297
16355 13497
16355 40692
17861 11787
11787 8600
8225 42204
42341 23736
46715 13497
45154 16840
49923 32765
43856 11787
40807 1102
13497 24803
13389 17861
40807 21753
2185 40768
34910 43755
15504 14347
17642 4691
44041 46290
21753 13929
42341 48676
7700 46290
40807 135
8600 49353
10417 14347
26297 15504
17642 21753
11416 12765
48451 24803
16355 15697
42341 4691
48676 40178
34709 30222
13678 23094
21753 43755
7700 32765
5157 8600
2934 15954
18052 7700
46290 13389
5157 29404
8225 7700
29139 45154
13929 15954
31034 30222
13497 25209
5157 46715
11033 34910
48451 43755
13678 17642
48676 25209
42341 7700
18052 26297
29139 46715
32365 25723
17861 34988
32765 45154
29404 32765
42341 29139
26297 32777
34709 42204
32365 11033
44041 15504
34783 16355
40807 16840
13678 25723
48451 12765
47501 34910
29827 34709
14347 15504
18052 49923
21753 2338
40178 2934
15504 15697
10235 34910
14220 32777
16840 2185
34988 32137
42341 2569
11787 48676
25209 31034
15504 31034
46290 1102
13389 7700
30222 4691
10417 30222
2569 34910
6445 46715
49353 15954
49923 17642
23094 5304
31034 32137
3662 11416
1102 2569
46290 34709
17861 20458
36614 8225
43856 40807
13389 49923
16355 7700
5157 49923
11416 16001
47501 32137
13929 43174
34910 20458
32765 25723
43174 48451
46715 13389
8600 5239
34783 13678
14347 13678
24803 42204
11033 40178
2569 49353
11033 2185
32777 5239
11033 2569
15954 48451
48451 16355
5304 11033
40178 10235
40178 18052
4691 12765
25723 32777
32765 30222
8600 44041
41908 34910
34988 17642
49353 40768
13929 11033
11033 34783
25209 23736
23736 8225
8225 42341
41908 49923
23736 13497
40178 14347
16840 13678
32777 11033
46500 25723
49353 10235
16355 1102
40807 10235
5239 22756
13678 18052
25209 45154
32765 31185
26297 34783
34709 5239
31034 42204
25209 32777
16840 29139
8225 12765
44041 48676
18052 34910
23736 18052
29827 23736
34709 45154
36614 49353
30222 40768
29139 15954
8600 25723
25209 135
26297 5239
44041 32777
36614 3662
2185 8842
10417 45154
21753 32365
5304 4691
29827 2569
1102 48451
10417 11033
41908 10417
11787 40807
10235 46290
30222 46500
16355 30222
4691 43856
29404 10417
13678 32365
31185 44041
26297 42204
36614 10417
5239 34709
10235 40692
16355 34988
29139 18052
26297 32365
7700 13389
1102 13929
41908 29139
46500 16840
14347 49923
48451 31034
47501 7700
48676 43174
22756 42341
43174 36614
36614 2934
14220 13929
32137 5157
47501 2338
7700 31185
40768 10417
16355 43856
42341 8842
17642 7700
40768 11787
8600 2185
34910 2185
32777 8600
21753 23736
20458 5157
40807 31185
34910 21753
36614 22756
32765 16001
40692 46715
20458 8842
13929 29827
16001 24803
12765 2185
29139 1102
49923 46290
16355 34783
32137 8225
40768 34709
21753 18052
46715 16001
17861 5239
2338 30222
29827 36614
6445 2185
42204 40768
8225 23736
1102 4691
15697 25209
31034 4691
43856 7700
23094 25723
48451 43174
44041 49923
10417 49353
15954 2338
10235 18052
17861 32765
34988 5157
34988 43174
43755 1102
46290 31034
11033 47501
8842 23736
29404 5239
40692 17861
12765 34709
12765 2569
32765 16840
20458 6445
16840 47501
21753 29404
12765 24803
15504 20458
34709 32777
32137 31185
17642 18052
13389 4691
30222 22756
16840 44041
25723 2185
31185 29139
10235 25723
17861 16355
34910 22756
11416 32137
7700 43856
34783 2569
31185 23736
2338 2934
13389 24803
18052 32365
44041 11033
11416 32365
31185 31034
1102 42341
135 10235
49353 16001
18052 48451
32365 29827
14220 5157
41908 29404
15954 14347
29827 8225
15697 36614
2185 14220
13929 44041
36614 17861
8225 34709
18052 24803
43856 46290
34709 12765
2338 11416
34910 12765
14220 25209
42204 41908
25209 43755
40768 5304
16840 40807
48676 17861
16001 14347
23736 5304
45154 46290
16355 13929
43174 40178
29404 8225
7700 48676
4691 43755
13678 32765
2934 23094
7700 10417
23736 40178
43174 5157
22756 43856
14347 15697
5304 40692
10235 16355
44041 17861
40178 29139
16840 11416
17642 41908
32777 34988
49353 2934
47501 26297
5304 31185
10417 13929
49353 29139
47501 2185
17861 45154
25723 11033
43755 43174
15504 21753
47501 43174
47501 8225
4691 46290
29827 32137
47501 14347
32777 18052
17642 29827
6445 31034
8225 23094
46290 3662
12765 10235
40768 14220
31185 49923
2934 8225
34709 11787
17861 8842
22756 44041
8225 2338
31185 46290
32765 7700
5239 5157
2934 13389
15504 43755
8842 22756
32765 15504
16840 5304
16840 36614
13389 34709
10235 8225
34910 30222
46715 7700
34709 4691
29139 12765
17642 40692
46290 23736
22756 15697
17861 31185
21753 25209
43174 22756
32137 42341
13389 34783
17642 31185
13497 48676
18052 17642
5239 2569
21753 30222
45154 49353
2338 13678
48451 42341
46500 2338
48676 40768
40178 29404
11416 40807
46500 48676
43856 29139
42204 43755
5304 135
17642 13497
2569 13929
2338 10235
43856 32137
10235 41908
13389 135
40178 32365
32137 30222
14220 44041
7700 17861
2185 25723
20458 16355
31034 25209
13929 17861
25209 8600
8225 20458
25723 40807
32365 18052
2569 5304
15504 2569
10235 32365
29404 16001
29827 11033
2338 3662
43856 14220
11416 135
46290 46500
34910 135
17642 5239
14220 135
21753 24803
24803 5157
44041 13678
32365 4691
31034 40807
43755 25209
8600 32365
15697 46290
30222 1102
15504 47501
13389 12765
13929 41908
21753 41908
11787 13678
42204 20458
49353 43755
17861 5157
36614 8600
8225 30222
6445 26297
40692 5304
46290 21753
42341 31034
13497 15697
40178 49353
2569 23094
42341 2338
24803 29827
2569 43856
32137 25209
13678 16840
13497 26297
48676 5304
17642 23094
40768 13929
29404 8842
16355 21753
16355 22756
31185 10235
8225 2934
25209 11033
40807 43856
31034 40178
11787 29827
43856 23736
34709 16355
5157 11787
44041 42204
4691 21753
46715 22756
40692 42341
12765 29139
34988 13929
40807 2569
42341 26297
2934 12765
14347 7700
30222 40178
47501 10417
34910 48676
26297 49353
5239 42204
22756 29827
8842 24803
2338 40768
42204 22756
8600 13497
15504 40692
48451 2934
10235 8842
8225 48676
10417 5157
2569 31185
49353 26297
6445 32137
42204 10235
42341 43174
46500 13929
32137 6445
13678 31034
31034 5304
40768 34910
34783 8225
22756 2185
2185 3662
7700 15504
31185 17861
18052 8600
18052 2569
43174 42341
13497 47501
45154 40768
44041 18052
4691 17642
17861 42204
5157 5239
47501 41908
29827 46500
11787 21753
16355 5304
34988 18052
48676 17642
32137 10417
32765 41908
43856 6445
11787 2934
43856 29404
40178 1102
12765 29404
24803 32777
40807 47501
17861 40807
15954 44041
1102 40768
3662 7700
23736 2569
16001 7700
41908 2185
3662 46290
46290 49923
2934 32137
42341 32365
4691 29404
11787 29139
22756 18052
2338 16840
16840 23094
8225 40178
36614 40692
18052 2185
13497 32137
40768 2338
42341 34910
43856 16840
17861 13678
29139 34988
17861 2338
21753 40178
18052 16001
34783 40178
10235 40178
20458 46715
2934 42341
16355 42341
29139 22756
30222 16001
1102 23736
46500 8842
12765 23736
40692 14220
29139 2185
11787 34783
32777 10417
26297 16840
24803 23736
34709 48676
40768 30222
14347 40807
42204 43174
5157 18052
13678 42204
135 4691
31185 40692
46500 48451
48451 36614
48676 21753
32137 24803
18052 46290
29139 15504
49923 34988
48676 29827
12765 44041
26297 48676
25723 2934
13678 5304
46715 32137
2934 46715
43755 40692
15697 12765
25723 14347
23736 15697
45154 24803
7700 5304
32777 32137
6445 13497
34783 40768
25209 8842
44041 43174
1102 18052
11787 49353
34709 17642
12765 14347
48676 26297
24803 2185
15504 34988
11416 42204
2338 17861
25209 23094
34988 22756
43856 25723
6445 14347
15954 25723
42204 4691
18052 23094
44041 24803
8225 3662
45154 5157
17861 40178
17861 135
16355 17642
48451 11787
40692 2569
11033 5157
46500 23094
29827 13389
43174 49923
31185 46500
15954 135
46290 41908
11416 3662
13929 17642
29139 32765
32137 11033
12765 32137
21753 8225
4691 47501
2934 17642
42341 42204
15697 15504
5239 40692
135 32365
32777 43755
6445 32365
34910 46290
2934 40178
8842 40768
31034 46500
32765 46290
17642 8600
16355 13389
34783 5239
44041 45154
20458 40178
13389 17642
41908 16840
34783 5304
25209 21753
13678 31185
2185 43755
135 20458
8225 14347
21753 14220
5239 45154
24803 25723
42204 25209
34910 25723
7700 42204
8600 32777
11787 30222
17861 11416
20458 13678
48676 8600
48451 135
46500 1102
8600 11033
29827 25209
15954 13678
135 34988
29827 34988
11416 15697
23736 44041
32777 15504
49353 46715
15954 32137
41908 40807
34988 47501
16840 25723
14347 45154
5239 14347
22756 6445
11033 17642
46500 21753
21753 12765
26297 1102
40692 8842
13929 18052
14220 22756
32777 31185
12765 46715
34783 34709
8600 17861
43174 10417
46500 15954
29404 6445
46500 11416
46290 40768
41908 3662
11787 16840
5157 13678
40178 5304
45154 32777
49923 42204
5239 31185
18052 22756
8842 15954
40807 17642
32137 23094
17861 18052
40692 5239
46715 17642
49353 16840
2934 11416
46500 7700
24803 21753
44041 48451
23736 32765
16840 46715
3662 10235
21753 40807
48676 47501
26297 32765
5157 25209
25209 29827
34783 7700
7700 17642
29139 5157
46290 135
46500 8600
20458 46500
43174 44041
6445 16355
15697 11033
42204 17861
26297 5304
10417 29139
18052 20458
8842 3662
49923 36614
40178 43174
16355 36614
2569 48676
20458 44041
48676 15504
23736 43856
7700 49923
32365 16840
34988 43755
40692 29404
6445 15504
44041 47501
40807 29404
31185 43755
40768 7700
16355 24803
16840 40768
16840 2569
44041 26297
24803 13497
2569 4691
43856 13389
5239 24803
10235 32765
11416 45154
7700 42341
29139 25723
25209 31185
42341 30222
34709 24803
40692 15504
14220 5304
42204 18052
42204 14220
46290 32137
40692 1102
2569 5157
32365 14220
41908 42341
29139 26297
40768 42204
23736 2338
23094 15954
45154 8600
14220 14347
6445 7700
1102 25723
14347 6445
34910 2338
5157 7700
46715 25723
8225 44041
17642 23736
41908 11787
31034 2338
13929 47501
34988 29139
5157 40178
23094 8225
10417 41908
2569 6445
16001 45154
8600 23094
3662 13929
40807 18052
29139 15697
32765 26297
11416 15954
135 46290
42204 34783
5239 42341
22756 10417
2185 21753
30222 49353
2185 31185
6445 25723
4691 8842
25723 13497
4691 32137
6445 34910
1102 36614
49353 15697
25209 26297
23094 12765
42341 41908
13497 29827
13497 8600
36614 43755
2338 8842
15697 13678
32765 32777
8600 22756
43856 8600
25209 15504
23094 3662
23094 13678
11787 2338
31185 34709
1102 6445
31185 1102
20458 3662
4691 2934
20458 13389
16355 29827
25723 17861
8225 16840
45154 11787
29139 25209
24803 34988
48676 48451
16355 11033
25723 14220
13389 10235
5157 11033
13678 21753
2569 32765
31034 26297
32365 15697
8842 32365
11033 45154
43174 21753
23094 2934
17642 40768
32137 26297
2338 46715
34910 1102
45154 44041
13497 6445
25723 18052
5239 12765
41908 40692
8225 43856
32777 49923
16355 10417
2338 14347
34988 10417
8842 46715
48676 42204
2185 16355
30222 21753
25723 34988
49923 46500
31185 29827
11787 15697
5157 43174
34910 49353
40692 11787
32137 36614
32777 135
13389 13929
46500 2185
21753 4691
36614 2185
8225 49923
48451 18052
45154 17642
17861 49353
31185 24803
10417 2338
2338 4691
34910 32137
135 2569
32137 4691
6445 12765
40692 32765
26297 43856
46715 11416
11033 46290
15697 42204
31185 2569
48676 5157
43755 15504
48676 11416
34988 43856
10417 32365
2569 46715
14347 31034
22756 32777
13389 2338
8600 7700
4691 30222
26297 46290
14347 1102
48676 13678
11787 15954
7700 29827
49923 20458
17861 32777
2185 23736
23736 41908
43856 23094
10417 7700
32765 21753
18052 13929
8842 49353
15954 10235
4691 44041
46290 18052
16840 32777
34709 5304
43755 3662
2934 10417
15504 8225
6445 34709
46715 2185
43755 20458
31185 36614
34910 16840
43174 8842
49353 25723
46290 30222
17861 15504
42341 44041
43174 29404
20458 32365
4691 11033
25209 34988
8225 4691
40178 49923
23094 17642
14220 26297
34910 5304
43856 3662
34709 21753
42204 40807
42204 8225
30222 5304
25723 49923
34910 2569
6445 47501
31034 29139
135 16840
5304 12765
17861 15954
41908 25723
43174 13389
44041 10417
40768 16840
7700 8225
5304 22756
45154 15954
26297 16355
6445 8600
12765 43174
22756 40692
11416 2569
40692 30222
13678 46500
14220 16001
5239 49923
34783 3662
32777 25723
5157 34709
49353 8600
2934 5157
36614 5157
3662 2185
15504 16840
29139 17861
49353 46500
8842 2338
13929 8842
23094 31185
5239 16001
34988 32777
8842 7700
4691 17861
45154 11033
13678 20458
14220 43174
29404 49923
31034 8225
44041 16001
16355 40178
6445 135
42341 22756
2338 11787
43856 2338
29404 42204
21753 2934
32765 17642
31185 11787
2185 29404
10417 21753
2338 13497
13497 2185
15697 32777
23736 14220
48676 14347
46290 16355
17642 30222
49923 13929
2338 22756
13389 5304
36614 49923
5304 48676
13678 5157
5157 25723
13678 34988
11416 15504
26297 2338
36614 16001
22756 25723
5304 14220
5239 44041
14220 41908
34988 10235
31034 11033
15697 13929
23736 21753
34988 11416
34988 2338
2338 29404
48451 8225
42204 11416
24803 20458
11416 36614
43174 34709
11787 6445
46500 3662
34783 8600
13678 26297
43755 40807
32365 49923
18052 31034
17642 22756
46290 29139
3662 25209
29827 5157
40692 4691
12765 135
31034 13497
14347 14220
5304 29827
7700 46715
48676 23736
13678 29139
41908 31185
34910 36614
46290 24803
40178 31185
49353 14347
15697 8842
17861 34910
46290 48451
46715 135
11033 29827
11416 1102
49923 13497
25723 23736
48676 11033
32777 8225
10235 21753
2338 15504
43856 5304
2185 32765
22756 49353
43856 16355
31185 6445
15504 43174
49923 32365
45154 13497
46500 40807
14220 7700
15504 49353
15697 16840
4691 5157
5239 14220
16355 46290
46290 23094
2934 34910
3662 34783
13678 8225
49353 40807
34910 16355
8600 4691
34988 5304
5157 20458
20458 10235
48676 2185
43856 21753
16355 40768
32777 13929
46500 31185
5239 40178
48676 49923
24803 49923
32777 14347
48676 13389
5239 16355
13497 16355
41908 32765
5304 36614
31185 8600
13929 2569
42204 14347
43755 48676
25209 13678
20458 17642
43755 31185
31034 41908
34783 10235
8600 40807
23094 2338
15697 34709
16840 8225
25209 40178
13389 32765
32137 13929
5239 2934
23736 23094
15954 48676
40692 46290
43755 5239
32777 6445
43174 25723
34910 48451
34910 23736
2934 24803
29827 23094
14220 11416
135 8225
12765 21753
34709 6445
2338 20458
47501 29139
40178 4691
11033 4691
12765 17861
8600 32137
41908 1102
40807 15504
32365 5239
49353 13929
44041 15954
11787 46500
32765 10235
16840 14347
10417 8225
5157 46500
48451 5304
40692 34783
32777 46500
15954 29827
29827 8842
46290 5157
23094 46290
49353 40178
16355 46500
2934 16355
8225 25723
23094 22756
11033 26297
29827 30222
15504 29827
47501 31034
42341 16840
10417 36614
5157 45154
29404 45154
17642 2338
34988 13389
17642 17861
32137 23736
34988 34910
8842 15504
47501 23094
13678 15954
16355 31185
36614 41908
15954 16840
5239 32765
2185 15697
36614 7700
11033 42204
34988 29827
17861 13389
13678 14347
15697 11416
40807 5304
16355 47501
11033 25723
46715 15504
8842 42204
40768 8225
49923 43174
15504 2185
20458 26297
31034 36614
29404 46500
2185 29827
8225 17642
49923 49353
44041 41908
42204 46290
49353 29827
40178 16355
14347 46290
5304 23094
29404 7700
43755 43856
29404 2338
46500 29139
15697 6445
34910 6445
2934 49923
31185 22756
30222 46715
23094 31034
46715 25209
12765 16001
8225 48451
31034 5239
21753 20458
42341 29827
43856 10235
23094 32777
11787 42341
20458 29827
10417 13678
11787 25209
18052 3662
34709 20458
11416 13678
40178 16001
13497 16001
13678 11787
46500 8225
30222 29404
15504 32777
47501 22756
8600 46500
17642 48676
32765 2185
1102 13497
42204 40692
23094 43755
2934 15504
46500 32777
20458 29139
4691 34783
5239 29827
5304 46500
34783 2338
10235 29139
5157 5304
17642 135
20458 49353
46500 32137
13929 32777
13678 17861
32137 32365
22756 16355
15504 49923
34988 25209
26297 14220
13678 10235
32365 8842
10417 2569
15954 36614
12765 25209
46500 34783
16001 40178
40178 22756
23736 13678
2185 41908
36614 12765
2185 23094
10417 13389
34709 2569
16355 14220
43174 42204
40692 25209
26297 2569
48676 7700
2338 13389
47501 8600
4691 40692
8225 32777
34783 13389
40807 12765
2185 8600
46715 40178
43174 40807
12765 42341
22756 7700
32777 10235
11416 34910
22756 45154
24803 34910
42204 40178
6445 10417
41908 8842
2569 5239
25723 16001
48676 49353
47501 34709
4691 41908
21753 34783
7700 40178
2338 45154
47501 11033
8600 2569
16355 41908
22756 48676
26297 15697
26297 4691
26297 25723
29404 16840
43755 32765
17861 1102
45154 5304
40178 13678
41908 11416
34709 135
8600 17642
32365 5157
47501 49353
11787 18052
30222 32137
24803 17642
47501 13929
46500 41908
15697 3662
14347 23094
10417 48676
25209 16840
42341 17861
13497 44041
16355 25209
32777 40692
11787 40178
4691 34709
3662 44041
43174 46715
11416 13929
40178 15504
31034 8600
40178 8225
25723 43174
34910 3662
2569 16840
43755 8225
10417 40692
32365 3662
8600 10235
16001 32765
41908 8600
48676 13929
8225 32365
22756 42204
34709 43856
29404 36614
29139 36614
25209 49923
13497 13929
45154 25723
34910 42204
5239 46290
46290 29827
21753 31185
23094 43856
17642 8842
46500 135
5304 1102
46290 15697
18052 1102
26297 34910
11416 5157
49353 34783
17642 10417
16355 11787
16355 3662
16355 18052
40178 11033
47501 8842
15504 23736
2338 43174
26297 2185
23736 8600
46500 29404
42341 17642
32777 2569
8600 12765
42204 36614
29139 34783
47501 4691
45154 4691
42341 15954
10235 5304
3662 30222
47501 1102
11416 32765
46500 49353
5239 11416
40768 24803
47501 29827
47501 15504
31034 22756
2338 40692
45154 34988
46500 5239
34988 41908
16001 44041
30222 31034
15954 43174
10235 26297
13678 12765
42341 21753
23736 48451
40807 48451
2185 48676
15697 40178
42341 40807
4691 42204
16355 16840
135 17642
32765 40768
43755 32137
22756 24803
48451 45154
15697 5304
4691 45154
6445 18052
21753 8600
4691 10235
42341 1102
13389 41908
8225 11416
1102 46290
2569 31034
40768 31034
13389 29404
3662 46500
49353 13678
3662 48451
12765 13678
22756 17861
41908 49353
2934 32765
40807 36614
29139 40768
29827 15697
45154 135
32137 40768
22756 3662
16001 15504
25209 18052
40178 45154
46500 49923
135 13389
40692 26297
10235 32777
40692 45154
3662 2569
20458 5304
17642 45154
29827 31185
48451 32365
29139 13929
16355 23736
40178 25723
14220 34910
44041 32765
3662 34910
6445 1102
3662 6445
36614 15697
5239 11033
11033 10235
15504 32765
11033 48676
34988 40178
14220 10235
29404 18052
23094 48451
42204 34988
13497 10417
25209 16001
43174 135
1102 43755
15697 48451
32777 7700
13389 13497
11033 7700
2934 31034
32777 15697
13497 40692
135 10417
1102 5157
15954 23736
10417 31034
5157 29827
25723 48676
29827 49923
16355 40807
25723 46715
16001 8600
34783 16001
13389 31034
25209 13929
15954 43755
34988 40768
12765 10417
36614 5304
48451 13678
29827 14220
25723 5239
32777 29139
2569 48451
13929 42204
14347 13497
24803 32137
46500 4691
24803 11033
8842 16001
32765 2338
32765 13497
34783 14220
46500 46715
13497 12765
7700 34910
2185 2569
5157 12765
7700 3662
6445 49353
46715 31185
34709 8225
32777 23094
47501 31185
32365 48451
40178 48676
11033 17861
34988 16355
40807 16355
14220 47501
29827 15954
32765 29404
41908 26297
2338 31185
8225 34910
4691 49353
1102 32365
23094 24803
32137 29139
45154 40692
11416 41908
23736 2185
2338 34988
11416 43174
13389 31185
46500 46290
5239 6445
18052 8225
46290 2185
15504 34910
32777 43856
25723 42204
23736 31034
30222 2185
15954 8600
42204 46500
32765 135
5239 15504
8842 34910
44041 7700
32365 45154
6445 8842
34783 43755
13497 2569
43174 15954
46715 2338
40807 10417
2934 34709
8600 15954
5304 40768
2185 13497
40807 24803
36614 2569
32365 30222
14347 11787
30222 36614
31185 4691
135 32765
34709 11033
2934 46290
42204 2934
2185 45154
4691 2185
43174 15697
25209 12765
22756 5239
10417 16355
43755 11033
30222 43755
7700 15697
32365 34709
4691 6445
45154 22756
3662 49353
26297 31185
49353 31185
17861 15697
36614 6445
5239 15697
2934 43755
1102 47501
32137 43174
11416 2934
26297 22756
46290 45154
17861 23736
40768 32365
20458 2338
7700 11416
16840 29404
20458 2934
29139 48451
34910 11416
32365 34783
18052 31185
41908 40178
16355 12765
4691 32777
16001 13389
8600 13678
23736 46500
36614 48451
14220 29827
16840 7700
47501 5239
46500 23736
40692 16840
40768 48676
34709 34783
48451 48676
13497 32365
32365 8600
13389 10417
36614 5239
29827 48451
14220 40178
2338 31034
34709 36614
29827 29404
40807 4691
23736 5239
6445 32777
2569 29827
14220 4691
2569 16355
31034 7700
8842 40178
14220 13497
34988 23094
21753 16001
2934 5304
43755 15697
43755 10417
43755 26297
43755 18052
32765 29827
46715 24803
46290 13929
32777 40178
13389 21753
20458 5239
49353 14220
2934 10235
40768 32137
5157 2185
25723 24803
32765 2569
49353 47501
40692 46500
49353 22756
48676 34988
11033 42341
48676 16001
8842 13497
13929 31034
13389 29827
34910 43174
2934 34783
2185 1102
15697 40807
13929 40768
32137 46715
32365 16355
36614 25723
21753 47501
29404 2934
42341 36614
34910 49923
46500 20458
20458 16001
41908 32777
34783 32765
26297 42341
42204 32365
20458 8600
16001 10235
20458 32137
31034 3662
32765 13929
29827 16001
17861 31034
2185 22756
10417 5239
46715 40807
31185 45154
34783 46290
48451 11416
40768 43856
10235 14347
40178 31034
8225 17861
22756 43174
11787 16355
40768 5239
36614 32365
47501 32777
43174 2185
21753 15697
46715 14220
15697 20458
34988 29404
25209 32365
29827 4691
29139 24803
43856 12765
2934 135
8842 31185
17861 34709
6445 23094
25209 2338
15697 34910
40807 49353
46715 43174
29139 32777
135 2934
10417 13497
17861 17642
43755 13929
26297 16001
11416 4691
16001 6445
8600 8225
2185 15954
43174 43755
45154 18052
26297 29139
48451 49923
18052 5157
22756 14220
24803 29139
43174 17642
135 13929
16840 24803
2185 47501
20458 11787
1102 43174
32137 15954
8225 34988
42204 13929
8842 11787
34709 25723
2338 32777
34783 18052
30222 31185
43856 20458
13678 29827
13678 40692
24803 43856
40768 26297
43755 40178
1102 22756
5239 26297
29139 29827
2569 8600
15504 42204
34910 29404
46290 25209
12765 34783
12765 7700
15504 25723
48676 18052
16001 29404
29139 32365
23736 16355
5304 40807
16001 15697
32137 18052
13929 34910
8600 13929
47501 17861
14220 25723
13929 21753
43856 40768
11033 5239
32365 46500
14347 42204
5157 44041
17861 24803
5157 15697
42204 29139
5304 17642
22756 135
2934 2185
43755 2934
29404 40178
34988 2934
43174 3662
5157 11416
34988 25723
32365 34910
5157 48676
1102 34910
13929 10235
34709 15697
2934 16840
24803 48676
49923 46715
10417 49923
44041 6445
49353 46290
34709 42341
31185 13678
2338 46290
32765 34988
135 6445
46715 11033
36614 45154
26297 14347
40807 32137
3662 5157
46290 40692
17861 13497
15697 23094
2185 2934
2569 49923
41908 16355
22756 34709
17642 32777
49923 10417
49923 2569
2338 46500
42341 11416
46500 26297
34910 41908
13497 5239
40768 25723
2934 47501
7700 13929
25209 15697
3662 16001
49353 43856
10235 23094
31034 34988
34709 29827
18052 36614
23736 47501
11033 2934
6445 36614
2934 13929
7700 40768
7700 29404
15504 23094
18052 12765
34988 30222
46715 4691
40768 32777
13497 46500
40178 5157
18052 42341
5239 34783
49353 30222
34709 46500
17861 2569
13678 43755
36614 1102
48676 36614
2569 34783
15697 8225
11033 46500
46715 16355
42341 40178
2934 32365
2185 32365
13929 43856
30222 2338
13678 2338
5157 21753
16355 48676
45154 43755
8225 34783
40692 31034
8225 43755
40692 3662
7700 41908
12765 49353
46500 29827
48676 44041
29404 11033
23094 40768
46715 30222
3662 29139
25723 44041
49353 49923
8225 31034
42341 47501
23736 40768
135 31185
48451 1102
31185 40768
13929 40692
20458 17861
16001 2934
46290 43856
29404 2569
48451 47501
40178 46715
13497 31034
8600 31034
32137 1102
49923 5239
8225 135
135 15697
2338 25723
29139 43174
16001 40807
8842 16840
29139 40807
2338 34783
13678 135
8600 49923
2338 14220
26297 46715
46715 20458
3662 47501
10235 13389
10235 30222
48451 34910
16001 2185
2185 11033
8842 13929
29827 43755
31034 34910
32765 46715
43856 13678
32365 16001
40692 25723
2569 22756
49923 6445
10417 25723
15504 135
5157 30222
135 46500
16840 2934
17642 46715
8600 10417
24803 2569
15504 18052
16840 43856
13497 11416
43856 34783
2934 11033
2185 8225
34988 42341
14220 15504
43174 13497
13678 48676
10417 2185
49353 12765
2338 49353
5239 13929
2185 36614
17642 11416
22756 46715
5157 31185
17642 43755
11033 43856
34988 21753
29827 42341
2934 40768
18052 6445
34988 2185
23736 2934
40178 32765
1102 21753
34988 135
32365 8225
11416 48676
36614 15954
11787 32777
11416 8225
13678 8842
25723 29827
2569 2338
36614 29404
15954 34988
8842 1102
31034 135
2185 4691
49353 7700
7700 8842
11787 23736
5157 26297
3662 2934
31185 48451
3662 42204
2338 135
48676 25723
2185 17861
30222 15504
22756 10235
13497 11787
16355 11416
46500 30222
2569 11033
24803 1102
34910 31185
13497 43174
32365 47501
46290 8842
40768 8600
15954 15697
22756 32365
2185 46290
10235 4691
34988 4691
11033 49353
29404 10235
43174 29827
10417 23736
13389 25723
2934 2569
10235 31185
23094 23736
8600 42204
29139 49353
10235 5239
20458 13497
29404 23736
10235 42341
34709 13497
31034 48676
13497 34709
15504 34709
34783 15504
8842 40807
25209 32137
34910 34783
4691 8225
1102 40178
16840 11033
3662 20458
5239 10235
10235 13929
16840 20458
11787 43755
40178 44041
13929 22756
25209 3662
1102 34783
31185 18052
34709 23736
8842 16355
16355 15504
31185 26297
32365 2569
47501 46715
2569 32777
5304 26297
49923 5304
2338 34709
5239 40768
2185 16840
14347 24803
48676 15697
44041 2934
2569 21753
2569 43174
14347 11416
29139 16001
10417 34709
15504 8600
25723 46290
5239 32365
5304 46290
18052 44041
13929 24803
16001 4691
47501 46500
46290 10235
16840 10417
11787 32765
5304 21753
32365 46715
42204 25723
40768 21753
15697 29827
40807 46715
7700 23736
23736 34783
29139 29404
49923 25723
32137 31034
8225 29404
40178 16840
46290 26297
16355 2185
10235 12765
135 14220
31034 2569
11787 13929
8600 16001
12765 46500
42204 11033
36614 46715
31185 25723
31034 10235
17861 43856
8842 18052
3662 34988
11416 13389
135 34910
10417 15504
8225 46500
13929 16355
32137 20458
43856 26297
34988 7700
11787 7700
8225 15697
48676 23094
12765 5304
8842 48676
16001 5157
13389 48676
17642 6445
29827 12765
3662 24803
46715 3662
16840 40178
12765 16840
40807 32765
31185 13929
40768 48451
11416 23736
1102 34709
20458 12765
135 2338
21753 46715
7700 11033
30222 14347
24803 46715
49923 43856
32765 14347
40178 32137
32137 16840
8225 31185
26297 18052
22756 32137
24803 30222
2934 44041
41908 48451
41908 36614
3662 5239
14347 16840
32365 7700
18052 16840
14220 31185
32777 40768
40692 34709
49353 17861
43856 24803
13497 14220
43755 16001
49353 135
46290 11033
40807 44041
46500 10235
36614 30222
18052 40692
3662 17642
40768 49353
8600 13389
31034 44041
7700 32365
40768 12765
47501 14220
24803 16001
40178 2338
10417 43856
41908 32137
40807 29827
40692 5157
3662 18052
15504 6445
5239 46715
23736 46715
5304 48451
1102 25209
34783 40807
3662 32765
14347 2185
21753 16355
31185 5239
14220 15697
30222 34783
6445 5239
1102 31034
15954 34709
16840 17642
40807 7700
48676 41908
13389 49353
23094 14347
34988 13678
11416 26297
29827 44041
10235 17642
135 41908
13497 2338
5304 49353
8600 40768
20458 16840
1102 40692
23094 48676
34783 43856
46290 31185
32365 1102
13389 14347
48451 16001
48676 22756
25209 4691
11416 18052
1102 46715
29827 13678
16840 40692
17861 46715
13678 7700
31185 32765
34709 7700
2338 40178
23094 34910
22756 8842
5239 49353
12765 16355
25209 22756
25723 12765
30222 13678
5157 16355
4691 18052
23736 11416
30222 12765
34783 12765
47501 21753
34910 14347
23736 15954
23094 29827
1102 16355
15697 22756
2185 42204
40692 8225
20458 40807
4691 48676
2338 1102
2934 23736
29404 49353
40807 14347
44041 42341
13678 49353
48676 1102
40178 29827
29827 11416
2569 135
16001 2569
29404 32365
21753 34988
16840 17861
5239 13389
11416 2185
34783 29139
49353 48676
14347 29404
14347 5304
16001 8225
5239 3662
12765 6445
13929 40178
11416 21753
40807 22756
11787 14347
3662 23094
8842 5304
17861 21753
32777 29827
1102 40807
32765 11033
48676 10235
5157 14347
32365 6445
11787 43856
31185 2185
23094 13389
48676 29139
30222 43174
5157 47501
36614 25209
46500 2934
23094 4691
34783 17861
16001 26297
5157 13389
15954 41908
46715 40692
49353 21753
14347 8600
135 31034
22756 34988
40768 18052
40692 10417
31185 29404
25209 34709
25723 4691
8600 48676
40692 49353
31034 11787
18052 32765
43856 32365
26297 13929
10235 13678
40807 34709
30222 17861
15697 26297
7700 29139
2185 34988
13389 15697
5304 20458
5304 15697
45154 46500
20458 4691
46500 15504
14220 34988
16840 43174
15697 1102
14347 48451
8600 21753
13389 18052
29404 41908
2934 14347
3662 22756
48451 32765
13497 40178
43856 2185
2934 16001
20458 15697
32137 32777
16840 23736
15697 2934
34709 47501
26297 36614
41908 46290
24803 10235
24803 22756
11787 20458
12765 25723
31034 23094
13389 23736
11416 25209
20458 34709
24803 29404
22756 5157
42341 16355
8225 2185
18052 13497
43174 16355
46715 41908
42341 2185
6445 40692
43755 46290
10235 48676
16840 46500
14347 8842
32777 40807
2569 47501
11416 10235
17861 48451
46290 11787
30222 26297
12765 32765
31185 2934
25209 5157
25723 40178
34783 8842
135 23736
44041 3662
4691 15697
36614 32777
47501 5157
6445 4691
40768 46290
34988 12765
47501 18052
17861 43755
46500 47501
2338 6445
40178 8842
11033 10417
32365 43856
32765 10417
32137 21753
43755 47501
13389 32137
20458 34988
15697 49923
2338 2569
13929 34783
25723 47501
2569 16001
48451 15504
47501 16355
18052 34988
32765 44041
46715 12765
17642 26297
46715 49353
43755 2569
21753 26297
49923 5157
16001 42341
11033 23736
43856 17642
6445 40807
48451 15954
2185 34910
10417 22756
20458 13929
18052 43856
6445 11416
5239 18052
32137 49923
1102 17642
34783 31185
5304 6445
7700 36614
2185 11787
46715 31034
8842 47501
34910 8600
30222 8600
46290 40807
5304 13497
14220 8600
11416 31185
23094 32765
22756 14347
5157 22756
2569 29139
43856 42204
8225 24803
40768 17642
43174 34783
15954 13389
22756 30222
2338 5239
49353 16355
42204 1102
41908 15697
31185 34988
17642 1102
25209 29404
29139 11787
18052 48676
6445 44041
40178 43856
46500 13389
43856 30222
40692 32137
40692 2934
11787 23094
23736 24803
22756 46500
40692 29139
8600 5157
5304 2338
29404 15504
14220 17861
29404 14220
23094 2185
5157 17861
43755 32777
34783 29404
40178 46290
11787 11033
8225 25209
46290 2338
1102 13678
40768 22756
43856 34988
135 48451
30222 8225
8225 5239
49353 34988
12765 8842
32365 32137
29139 23094
42204 15504
45154 5239
26297 8842
14347 25723
135 34709
7700 16840
44041 11787
32765 36614
11787 17861
43755 23094
43856 135
32365 32765
32765 11416
32365 40178
14347 40768
20458 40768
26297 6445
21753 2185
13929 13389
40692 6445
2569 32365
5157 14220
3662 23736
2934 43856
10235 1102
8842 14220
46500 18052
13678 30222
21753 32777
13389 14220
23736 40692
46290 47501
15504 30222
11416 29139
12765 40692
49923 7700
15954 29404
2569 40768
40178 25209
5239 25723
11033 44041
1102 26297
11033 14347
40692 29827
5157 17642
23736 6445
42341 135
13929 135
16355 8225
23094 1102
2185 11416
11416 13497
40807 13929
13497 17642
47501 15954
14347 34783
31034 32765
15954 11787
11033 6445
43755 8600
32365 43174
135 5304
46715 17861
25209 40768
11033 25209
29139 5304
5239 15954
17861 2185
16840 2338
15954 16001
16355 16001
44041 14347
25209 24803
30222 47501
32777 8842
29404 13497
5239 13678
30222 3662
22756 17642
2185 32137
34709 44041
12765 43755
13389 42204
46715 32765
15504 44041
8600 8842
11416 14347
23736 46290
30222 44041
48451 44041
43755 29139
17861 25723
11033 34709
5157 40692
5304 31034
34910 45154
40807 42341
13678 1102
11787 47501
25209 42341
42341 8600
16355 48451
2569 40178
32765 34910
44041 5239
26297 40768
25723 34709
31034 32777
42204 2338
13389 2185
25209 8225
12765 45154
15697 2185
31185 13497
40768 17861
49353 6445
11416 16840
40768 43174
29827 31034
4691 25209
15504 32365
32777 5304
25723 46500
36614 40768
17642 5304
25209 30222
13389 1102
5157 23094
41908 135
48451 31185
2338 24803
13678 11033
31034 34709
25723 1102
2338 48676
31185 12765
16840 32765
8225 36614
8225 46290
11033 8600
34910 29139
2185 46715
16355 8600
40692 47501
47501 48676
29404 46715
13929 32137
8842 20458
32765 8842
4691 13389
30222 42204
24803 32765
43174 46290
40768 13497
2338 41908
135 14347
40692 48676
32365 42341
22756 8225
41908 14220
6445 29139
34910 40807
40807 29139
17861 12765
4691 29139
32137 44041
2338 48451
11033 24803
30222 6445
45154 7700
25723 49353
32777 23736
14347 135
49353 29404
14220 49923
25723 10235
10235 2934
48676 40807
2185 2338
8842 17861
14220 40807
21753 43856
45154 21753
5239 34910
34783 23736
32137 14220
13389 20458
46290 5304
34709 49923
49353 48451
15954 32365
14347 34988
42204 11787
42204 49923
18052 41908
42341 18052
15697 135
32777 5157
2934 42204
31034 11416
30222 13929
46290 4691
26297 13678
22756 41908
34910 14220
41908 2934
25723 45154
11416 46290
2338 7700
13929 14220
31034 15697
49923 23094
18052 13389
42204 46715
23094 46500
47501 43755
43174 49353
21753 15954
45154 40807
41908 46500
17861 29827
15504 29139
16840 34783
30222 11033
2185 40807
47501 30222
31185 48676
32137 8600
14220 16840
6445 22756
49923 4691
5304 2185
42341 11787
32777 11416
24803 5239
29404 26297
135 8842
7700 32777
13929 25209
6445 24803
14220 29404
22756 12765
36614 34783
34709 31034
23736 31185
46500 13497
32777 12765
46500 10417
43755 14347
13389 16001
3662 13497
16001 14220
25209 13497
2934 25209
13678 44041
16840 34709
4691 5239
25209 25723
5239 4691
18052 5239
16840 13497
14220 42341
13678 14220
11033 40692
44041 21753
15697 40768
2338 17642
23094 8842
40807 30222
18052 30222
29827 45154
43174 30222
15697 16355
5304 34988
36614 11787
34709 13389
32137 11787
32777 2185
135 43174
11033 13389
25209 36614
10417 40768
36614 17642
29139 135
14220 13389
5239 43856
16355 43174
43856 10417
44041 34709
46715 16840
29827 47501
43755 8842
43755 22756
17642 42341
8842 13389
31185 32777
8600 2338
14220 2185
34783 29827
18052 23736
10235 47501
14347 46715
2338 44041
29827 40807
5239 8225
48451 30222
26297 40692
16355 2934
47501 24803
12765 8225
11416 49923
40692 7700
29404 42341
31034 16840
13929 49923
49353 41908
24803 135
30222 32765
32765 42341
47501 11416
26297 11787
23736 12765
45154 43174
46500 42341
17861 5304
11787 34988
15697 32137
8842 44041
31034 20458
43174 6445
40178 135
17861 11033
20458 40692
30222 48676
13497 48451
18052 2338
46500 17861
5157 34910
16355 49353
13389 46715
49923 47501
44041 40768
1102 10417
2569 10235
16840 32365
41908 5239
8600 2934
8600 47501
8842 43856
11033 46715
6445 29404
15954 34910
21753 11787
40768 6445
40768 41908
31034 45154
43174 13929
49353 20458
10417 34910
8225 18052
29827 42204
14220 32765
32765 40807
23094 40178
16001 8842
17642 40178
11033 21753
29139 17642
10235 34988
32765 15697
11033 31185
17642 29404
11787 10417
23094 7700
46715 8600
25209 46290
15697 2569
4691 16355
23094 8600
13929 46715
8225 26297
46290 46715
10417 3662
32365 26297
1102 8600
17861 13929
16001 34783
40178 47501
22756 29139
14347 40178
40807 34988
42341 34709
17861 16001
48676 43755
42341 31185
34709 16840
13929 32365
40807 2338
25723 31185
22756 16840
32365 23736
34709 13678
34910 31034
40768 29827
3662 36614
8600 14347
11787 40768
48451 46500
32365 2934
32137 13678
32777 48451
31034 13678
14220 32365
46715 11787
11787 5304
13389 2569
11033 36614
11033 8842
42204 23736
48451 7700
16840 34988
2338 15697
47501 20458
3662 29404
34988 2569
7700 43755
42341 40692
40807 20458
22756 2338
15504 17861
7700 12765
23094 43174
17642 34783
49923 3662
2934 20458
48451 17861
3662 45154
48451 29827
8225 15954
25209 48451
12765 13389
32777 17642
13389 34988
32137 15504
34910 34709
8842 32777
10235 34783
32137 13497
32365 49353
44041 13389
7700 2934
36614 8842
25209 47501
2338 18052
34988 36614
23094 16355
42204 34709
8225 14220
11416 43856
30222 13497
8600 43755
42204 31034
41908 12765
15954 15504
16001 11033
29827 22756
17642 25723
16840 48451
135 23094
32765 2934
16001 47501
13929 32765
43174 14220
40807 40768
42204 12765
8225 8842
16001 32365
3662 13389
23736 8842
25209 2569
5304 29139
18052 15504
40768 32765
34783 34988
32777 45154
32137 7700
16355 34910
31185 46715
18052 13678
24803 15954
4691 26297
20458 14220
5157 41908
16001 32777
12765 47501
42341 14347
13929 8225
48676 2934
34709 10235
43174 15504
32365 34988
24803 40692
24803 8842
46715 42204
2338 42341
42204 32765
16355 32365
5239 135
31034 42341
48451 8600
10417 11416
32765 46500
1102 31185
2185 10417
11033 49923
25723 32765
32365 25209
32137 25723
17861 48676
15954 21753
18052 21753
32137 48676
25723 32137
3662 32365
16840 42341
8225 40768
135 17861
29827 48676
43856 43755
7700 15954
2934 36614
24803 43174
16840 16355
48451 10417
34988 17861
29827 40692
14347 15954
26297 41908
3662 31034
45154 2934
32777 13389
40692 41908
36614 16355
34709 16001
6445 13678
2338 23094
11033 34988
32777 32765
10235 15954
5157 40807
44041 30222
25723 6445
46290 7700
23736 34988
32365 40807
48676 32777
11787 45154
10235 49923
13389 40178
43755 15954
49353 15504
25723 5304
13389 43755
25209 14347
44041 13929
15697 21753
34783 14347
11787 10235
5157 43856
11416 43755
43174 40692
31185 10417
32777 2934
24803 8600
22756 5304
3662 46715
13929 13497
16355 46715
12765 5157
17861 6445
16001 23736
40178 15954
34783 40692
13678 3662
32765 8600
11416 40178
5157 10235
8842 14347
40807 15954
16840 135
14347 11033
21753 5304
4691 13497
2569 7700
46500 42204
11033 15954
43174 11416
16355 32765
25209 17642
11787 24803
3662 31185
11416 8600
1102 16840
16355 29404
47501 13678
11787 135
24803 45154
14220 29139
32765 23736
48676 14220
13389 47501
41908 21753
23736 10235
1102 2185
32365 23094
10417 17861
20458 2185
29827 10235
4691 46500
49353 18052
46290 16001
36614 11033
40178 41908
4691 40768
3662 8225
25723 11787
36614 2338
8225 41908
46715 29827
44041 8842
31034 46290
5157 34783
2569 1102
40178 42341
10235 3662
2934 31185
32365 41908
40768 44041
13497 32765
30222 11787
5239 43755
2569 14347
13678 11416
47501 48451
26297 40807
8600 40178
49923 34910
40768 40692
47501 3662
31185 34783
46715 23736
23094 11416
43856 42341
41908 34709
23736 34709
48451 29139
11033 43755
46290 16840
29827 5239
34988 14347
40178 11787
2569 30222
31185 42341
8225 40807
13929 30222
34783 24803
11416 7700
3662 14347
29139 23736
13678 8600
3662 4691
29827 13497
15954 12765
8842 8600
13678 22756
29404 11416
13389 8225
15954 46290
23094 34783
23094 34988
41908 34988
8225 13389
40178 34988
32765 40692
14220 43856
46500 40768
49353 5157
3662 21753
49923 15697
40768 43755
21753 46290
25723 21753
18052 5304
10417 26297
13929 46500
30222 20458
15504 11033
8600 29139
41908 13929
13678 32777
5239 2185
1102 16001
34709 26297
16840 13929
15954 13497
29827 6445
31185 8225
3662 40807
43856 5239
17861 23094
2569 26297
23736 15504
10417 23094
23736 26297
34709 23094
48676 31034
6445 40178
45154 3662
17642 31034
46290 32365
13389 13678
25723 15954
29404 40768
16355 4691
49353 2569
20458 43755
45154 2569
2185 34783
42341 10417
7700 34988
15504 43856
49923 44041
40178 11416
43755 34910
49353 24803
48451 25723
2338 15954
44041 29404
46500 40692
31185 7700
40178 13497
17861 2934
5239 48451
40692 15954
31034 23736
46715 13678
25723 8842
11033 43174
32765 18052
34783 47501
135 24803
8842 5239
20458 15954
40692 17642
25209 6445
40807 26297
49353 32137
49353 5239
16001 13678
13929 10417
42341 32777
10417 32765
31034 40768
34910 46500
1102 30222
40768 40178
49923 17861
11033 32365
46715 8225
2338 5304
12765 11033
16355 20458
32765 31034
3662 135
34709 48451
49923 13389
44041 8600
40768 15504
15697 4691
11787 15504
6445 20458
48676 20458
17642 32137
5157 34988
40692 34910
40178 34910
21753 49923
48676 29404
42204 10417
32365 14347
135 32777
7700 2569
43174 32365
2569 25209
48676 2569
47501 5304
2185 49353
29139 10235
14220 11787
46500 14347
11787 34709
32137 42204
34988 1102
40692 11033
14220 36614
13497 41908
11787 4691
31185 21753
135 13497
36614 46500
13497 21753
16001 3662
13929 23094
4691 31185
17642 46500
42341 32765
32137 17861
32777 43174
13678 48451
46290 17642
23094 49353
10417 10235
1102 32765
40178 2569
40768 135
5239 29404
7700 1102
15954 3662
16001 31185
46290 8225
40768 42341
15504 10235
46715 13929
8842 5157
16355 32137
42341 10235
25209 46715
18052 29139
21753 49353
49353 25209
15697 13389
42341 13389
16355 17861
32137 5304
18052 29827
40768 4691
29827 32765
40768 15697
16840 49923
13678 24803
3662 13678
40178 8600
1102 23094
10417 32777
31034 31185
32777 14220
16001 48451
43856 44041
10235 31034
40178 26297
4691 46715
31185 14347
15697 42341
10235 16840
23094 2569
41908 22756
46500 24803
1102 44041
5304 40178
42204 47501
2569 29404
13678 16355
46500 6445
5304 32365
14347 4691
2338 32765
15697 29404
14220 31034
36614 14220
32765 5157
4691 34988
44041 34910
15697 49353
8842 45154
135 40178
40178 32777
25723 40768
11033 18052
11033 16355
15504 16355
5304 15954
16355 34709
40807 43174
21753 13389
17642 14347
11033 30222
13497 13389
11033 13929
4691 14220
31034 43856
135 18052
46500 25209
13389 45154
40692 42204
41908 34783
5304 46715
10235 7700
2185 44041
43755 42204
34783 15697
48451 25209
22756 26297
2185 14347
36614 48676
46715 29139
42204 32137
34709 8600
15504 32137
2934 34988
21753 11033
2338 29139
34783 48451
42204 15697
7700 40807
40807 11416
49353 32765
21753 14347
1102 7700
10235 29827
20458 8225
135 7700
135 25209
21753 32137
48676 32365
49353 31034
25723 42341
8842 2569
10417 15954
47501 34783
13497 45154
40768 29139
11787 13389
17861 46500
2934 48676
25723 25209
18052 32777
46290 34783
23736 40807
21753 6445
2569 14220
34988 46290
24803 34783
48451 46715
42341 43755
48676 10417
14220 48676
13497 23736
45154 23094
29139 43755
34988 15697
15954 46715
34783 32137
29404 5157
40807 41908
10417 135
16355 5239
15504 34783
6445 30222
23736 29827
2934 2338
5239 36614
22756 13929
15504 1102
32765 32137
14347 17642
45154 36614
17642 13389
13389 48451
8842 29139
46290 43174
4691 2569
24803 4691
4691 20458
2569 23736
29139 42204
2185 32777
32365 15504
24803 26297
25209 5239
32137 135
12765 34910
32765 15954
36614 42204
16840 13389
40692 23094
32137 3662
41908 30222
15504 8842
46715 32365
11033 48451
25209 40807
5239 7700
25209 11787
16840 43755
11416 5239
34910 44041
40807 2934
10417 46715
34988 32365
7700 8600
40768 1102
4691 32365
17861 25209
46290 5239
40768 49923
14347 5157
40768 45154
135 30222
34709 34988
2569 17642
34783 46500
8225 46715
40768 11033
13678 6445
34988 42204
2569 43755
25209 40692
34988 49923
2934 49353
26297 29827
21753 34709
31185 40807
1102 29404
43856 45154
8600 135
16840 49353
40178 30222
135 40768
25209 16355
40178 13929
49923 34783
16001 17861
8842 32765
44041 46500
8600 42341
48451 23736
15954 26297
11033 14220
20458 45154
25209 10417
10235 15697
49353 13497
49923 43755
15697 43174
17861 22756
44041 23736
7700 16001
16001 41908
16001 34988
24803 43755
40178 14220
34709 40692
8842 25209
32777 4691
47501 15697
5239 32137
12765 13929
34709 40768
17861 14347
34709 11416
34910 40692
32777 26297
17861 8600
23736 29139
31185 15954
42204 31185
30222 8842
49353 11416
49923 12765
48451 40768
10417 20458
48676 135
46500 40178
8225 29139
13497 49353
15954 17642
34910 4691
44041 14220
47501 32365
32137 14347
10235 16001
36614 44041
135 1102
13678 46290
15697 34988
8225 11787
25209 34783
8842 10235
13497 18052
32765 48676
40807 13678
43755 46500
34910 2934
10235 10417
21753 11416
44041 1102
20458 48451
29139 5239
11416 6445
25209 49353
48676 32765
25723 29404
5239 47501
29139 2934
2934 8842
34709 5157
42341 3662
17861 32137
6445 34783
30222 41908
40768 3662
5157 2569
2185 16001
13497 10235
23736 5157
49353 23736
46500 5304
43755 49353
17642 47501
25723 20458
32765 43856
49353 32365
32765 5304
32365 31034
5239 17642
10417 40807
34988 15954
43856 48451
135 29827
48451 10235
8600 15504
48451 2569
16001 20458
21753 40768
34910 32777
42204 21753
29139 30222
11787 36614
31034 21753
13929 23736
17861 41908
25723 22756
30222 29827
7700 13678
4691 10417
