552
17273 9131
10696 49229
16930 42600
35135 16037
16881 376
11678 19229
10210 16541
45287 12570
11678 36864
49430 42067
1209 49229
1209 15913
35135 49430
16541 35432
29434 20679
46555 47401
36864 16037
11678 12570
17273 10210
20679 42067
10696 29434
2580 35672
1833 9131
25366 35432
18541 32735
49430 15322
49961 10696
49885 11566
29434 43583
16407 24179
9131 15913
16541 10696
11566 18541
10696 15913
28919 2580
29434 25313
11566 9131
25366 11566
35432 15676
9131 8399
15322 8399
27951 35672
35135 2409
4964 35672
15676 15913
12570 32735
35432 10210
20679 38347
45556 43583
16407 15913
42067 29434
4964 27145
49885 25366
45556 42067
25313 2580
16881 35432
35135 49229
10696 28919
45287 17273
49885 20679
15322 1833
5753 16930
10210 49885
35672 10210
45287 27145
49430 15676
1209 35135
4964 42067
42067 11566
32735 4964
27145 42067
29434 45287
3043 4964
25313 4964
29434 1209
20679 17273
17315 15322
25313 32735
3043 18541
43583 27951
16541 8399
46555 32735
16541 24179
42600 10210
11566 3043
45287 42600
46776 17315
17273 43583
35135 42067
16930 10696
35135 28919
4964 376
45556 36367
1833 28919
16037 47401
11678 49430
1209 8399
19229 45556
4964 16881
35135 49961
16037 17315
47401 16037
27951 25313
42067 16881
16037 11566
16881 1209
25366 16037
15322 18541
46555 29434
45287 35135
36864 28919
20679 10696
35432 9131
17315 15676
4964 45287
11678 1833
49430 43583
4964 3043
2409 9131
36864 27951
16930 2580
16407 1833
16930 25366
25366 45556
16541 49430
35432 35672
10210 49229
28919 16541
1209 38347
24179 17273
38347 49229
2580 45287
1833 15676
25366 12570
46776 46555
46776 45287
42067 27145
42600 25313
3043 45556
49430 10696
11678 15913
47401 49229
45287 28919
2580 43583
10210 47401
11566 49885
36864 1209
25366 42600
42600 11678
18541 16407
49885 1833
9131 2580
25313 38347
17315 46555
11678 2409
29434 46555
8399 10696
17315 376
2580 1833
35672 2580
43583 49961
38347 11566
49885 3043
43583 16541
11678 45287
19229 17273
25313 42067
19229 376
17273 1209
3043 19229
16037 16541
19229 2580
45287 2409
1833 16541
2580 25366
376 15913
15322 35672
1209 42067
9131 25366
28919 43583
10210 11678
10696 1209
28919 1209
17315 8399
36864 15322
376 25313
38347 36864
5753 15913
49229 1833
42600 17315
29434 24179
18541 9131
45287 15322
1209 35432
2409 28919
42067 16930
1833 18541
27145 36864
19229 15913
16881 15676
45556 49430
1209 25313
36367 3043
36367 35135
10210 12570
35672 3043
9131 16881
11678 38347
16407 11566
16930 2409
45287 16407
15913 49430
16930 17315
45556 15676
15676 376
38347 15322
35135 2580
43583 4964
32735 28919
3043 1209
35135 29434
1209 2580
27145 49430
12570 16037
10696 16037
16407 47401
2580 11678
42067 43583
20679 49430
11678 27951
45287 32735
25366 16541
1209 15676
19229 2409
25313 15913
376 36367
35432 45287
17315 15913
35135 35432
27951 16037
24179 1833
2580 10210
16541 29434
49229 3043
42600 38347
12570 24179
19229 25366
47401 16407
5753 18541
42067 32735
27951 19229
16930 35135
10696 47401
9131 45287
49229 5753
15322 20679
42067 46776
28919 16930
35672 27145
4964 43583
12570 19229
18541 16930
20679 16930
29434 10696
25313 15322
12570 2580
2580 18541
17273 16881
49885 16407
16930 19229
8399 25313
2580 17273
1209 16881
45556 15322
2580 42600
36367 25366
17273 25313
42600 18541
35432 49430
5753 49961
42067 20679
35135 24179
17315 10210
49229 17273
12570 5753
1209 3043
10210 2409
38347 49885
49961 27951
46555 1833
49961 9131
16541 16407
19229 20679
5753 29434
18541 46555
15676 27951
38347 28919
27951 49430
46776 35432
15913 36864
19229 46555
27145 8399
45556 11678
16881 28919
35432 47401
16881 47401
15322 27145
18541 19229
45556 46776
16930 49961
29434 47401
10696 49885
11566 16037
20679 16407
16407 27951
29434 25366
49961 42600
42067 5753
49885 49229
27145 15913
3043 17315
29434 376
27951 5753
49229 16541
42600 47401
2409 376
43583 19229
35672 11678
11566 2580
8399 35135
42600 35135
36367 16881
25313 24179
47401 25313
16541 16037
16881 46776
25313 36864
24179 16037
3043 16037
47401 45287
16930 1833
36367 16407
32735 27145
18541 20679
15913 38347
45287 35432
46776 36864
20679 35135
49961 11566
16407 18541
27951 10696
49961 18541
49885 5753
49229 9131
42600 36367
18541 24179
49430 32735
16037 49229
18541 49885
47401 1833
28919 9131
4964 49229
4964 29434
11566 1209
376 10210
46555 46776
49229 36864
38347 45556
18541 16881
24179 35672
1833 11678
17315 49885
42600 1209
43583 36864
10696 42067
16881 11566
25313 49430
32735 38347
3043 49430
16541 25366
3043 49229
49961 16407
27145 49961
45287 24179
17315 49961
15676 10210
16881 2409
10696 49961
15676 35135
25366 19229
15913 9131
2409 32735
9131 42067
24179 29434
16037 11678
24179 25313
32735 35135
16881 15913
15913 12570
1833 24179
42600 11566
15913 1833
18541 27145
1209 16407
38347 19229
43583 42600
36367 47401
45287 15913
19229 11566
35135 12570
49885 42600
28919 15676
32735 16407
11566 12570
15322 27951
25366 2409
45556 35135
25366 10210
35672 16037
29434 16930
45287 3043
4964 17315
35432 16541
25313 45556
1209 43583
17273 49430
18541 8399
38347 5753
17273 11566
45556 18541
45287 35672
11678 20679
19229 25313
15913 29434
49961 43583
35135 27145
8399 17315
16541 4964
43583 17273
16930 15913
35672 4964
42067 27951
36864 27145
10210 19229
1833 16037
43583 15913
47401 17315
17315 42067
17315 1209
15676 42600
12570 35432
15322 19229
27951 38347
49430 16930
15913 16930
35672 15322
27145 18541
49961 25366
43583 28919
9131 5753
16541 35672
35672 24179
16930 32735
49430 45556
25366 27951
12570 29434
20679 15913
15676 42067
38347 29434
1833 35135
49229 46555
16037 2409
36864 38347
16541 16881
19229 49961
49229 27145
28919 16407
11566 15676
16930 46555
36367 17315
42600 45287
36367 45287
17273 16541
10210 43583
16541 376
49229 16930
15913 27145
20679 16881
35135 46555
38347 16930
15913 18541
32735 46555
17273 49885
16541 28919
49430 35432
27951 29434
18541 11678
49961 25313
27951 18541
29434 49430
28919 49961
42600 24179
10210 4964
49961 36864
29434 49885
2409 16407
24179 2580
49229 11566
9131 16407
15913 27951
5753 10210
2409 8399
9131 15676
32735 45556
12570 16407
1209 49961
15676 16037
17315 16930
46555 38347
24179 11566
43583 24179
20679 47401
16881 36864
8399 12570
376 38347
49961 42067
376 49430
42600 4964
35432 38347
8399 10210
8399 16930
42600 16407
16407 49961
11566 35432
1209 27951
17273 46776
35432 16037
16407 17315
16930 17273
27145 29434
16037 42600
5753 49430
49885 15322
9131 17315
16881 16541
49961 5753
376 11678
42600 16037
27145 16881
10696 9131
19229 49229
24179 45556
