8420
35037 32373
8882 37659
36363 34319
21199 49702
49702 26399
14102 15917
1098 31290
42612 32373
16383 34661
31653 4831
15353 35505
15838 39758
26399 13046
48884 16050
49762 29923
7238 11165
46122 30994
8491 19204
2428 18005
21865 11172
25846 13046
35886 17906
40273 48884
15024 19998
40273 5986
29923 43745
17906 14535
8882 2326
48221 10502
31653 36694
1804 3712
18016 32373
31371 28888
30994 35886
2428 43863
31167 31371
10455 41652
25584 11165
14437 39017
4118 35505
12006 43863
11172 38329
30994 19783
35886 26178
8491 8832
19204 19783
35886 28888
42276 11172
38329 31805
18016 7854
29047 46263
14535 17906
13108 13133
38329 15397
49702 14437
43745 49762
26634 8491
15024 43863
13108 16050
15024 43745
49762 1098
30994 21036
18860 29096
35505 34148
13046 20643
31290 37242
36363 1098
6946 48438
40385 36694
5229 5986
37299 36694
37242 26178
46084 35886
31805 36149
22424 16812
36149 16812
48379 13133
4559 15838
29047 7476
16383 6089
16050 31167
46122 43745
9747 42276
13925 45044
39758 29886
34148 8882
17906 18860
31653 33516
41652 11165
14102 12006
14495 3712
9747 8832
11165 1098
3712 1882
32373 3712
26399 29886
44598 25846
16383 31290
38577 28888
4118 13046
35037 19204
22424 12006
2326 41652
18860 40160
40273 42612
28888 25846
4688 1098
13511 31290
48131 43863
14495 7782
10455 14102
16812 48379
15397 36149
2326 46263
33516 10380
30435 16310
4559 22471
16050 1776
33516 37299
10502 7782
31653 8832
48221 31805
16812 40160
15397 10380
31371 1804
21199 21157
42612 40024
34319 38329
10455 5986
39758 38329
35505 5986
40160 45044
33516 26178
7854 46263
31371 42612
14535 37242
48521 48884
2428 9747
4520 28888
38577 34319
19783 31371
31653 48521
41652 40273
32373 18005
48221 1776
29886 14535
49762 18860
14464 10502
36149 7238
45044 7476
38329 7238
49702 1098
16812 14102
36363 21157
8882 7476
36363 34148
2428 15917
1882 15353
49702 8832
4831 37242
13108 12006
46263 38329
8832 13046
10455 5229
4118 45044
22471 36694
28501 5229
21157 28501
17863 43863
28183 7854
32401 46122
46263 14437
11172 22424
37299 40788
14535 7854
18005 36694
41652 43745
1776 31167
4118 15397
14102 28501
36149 7476
7476 42612
7238 3712
20994 46084
34661 26634
35863 37299
31653 10455
4118 22424
43745 34319
48884 18860
7782 20643
48884 16310
2428 40273
13108 28183
30435 32373
34148 40822
46263 28816
8491 31167
15917 30994
29923 28183
14464 7476
32401 22424
19783 26634
5986 38577
4559 4831
39758 7476
28501 22424
26634 4559
39758 36149
34661 49702
39758 48221
25846 16383
7476 28183
28816 40822
28183 2326
9747 40822
32373 49762
29923 43863
40024 34148
40788 15024
29886 31653
46084 29096
26634 48438
34319 48379
16383 48131
1804 7238
18016 7476
15917 31653
44598 48521
6946 7238
19998 20994
21199 39758
15838 45044
8832 3712
46263 17906
15644 25584
31371 43863
26178 31653
16383 13133
42276 15024
30435 8832
8491 14102
9747 12006
5986 31290
40160 18005
38329 43331
41652 7854
5986 41652
31290 10455
49762 17906
15838 8832
7782 1098
35863 40273
26178 16383
13046 35037
14437 11165
8832 14102
30435 7238
21157 26178
40788 17906
21157 30994
4118 14464
34148 667
42612 38329
7854 43863
13108 36363
14495 15917
31653 40024
667 32373
7476 15644
4831 49762
13925 33516
31653 1098
48221 2428
1804 42612
41652 15838
43863 48884
11165 2428
10455 36149
2428 6089
38577 40160
40273 7476
15644 40822
1882 35037
4118 36694
15917 26634
40385 8882
43863 25584
28888 4520
14102 7238
25846 40385
32401 42612
21036 45044
32373 49702
40788 40024
21865 42612
13133 8491
40024 15353
8832 48221
21199 13925
34319 18016
22471 31290
4831 10502
37242 26634
36363 15838
40273 46122
31167 25846
15838 14464
42276 16310
37242 667
36363 1804
48438 28183
12006 17863
6946 30435
35037 21865
31653 34319
33516 7854
12006 35886
28816 4559
29096 31805
40385 48131
14464 35886
4520 13108
28501 48379
46122 48521
49762 37242
3712 49762
25584 29923
41652 48221
14495 35037
15024 22471
7476 42276
26634 35886
39758 11172
35505 35037
20994 32401
17863 10380
35886 30435
38329 48221
22471 13925
40822 36363
46122 19204
44598 7854
46122 48884
39017 34148
37242 6946
7854 32373
13133 10502
1882 48131
29096 36694
3712 26634
10380 7238
33516 45044
25584 46263
10455 14464
31290 7238
14535 29096
33516 18016
30435 4688
29096 15644
667 45044
7476 1882
29886 34661
37299 21157
38577 32401
46084 25846
9747 16812
14535 1098
42612 1804
33516 16812
11172 36149
28501 1804
10502 22471
32373 18016
7238 28888
40273 28816
39017 42276
31371 5986
39758 31805
8832 15917
7854 31653
19204 31290
46084 45044
13511 37242
21199 40160
20994 8832
35886 32373
41652 29047
36149 36363
26634 30994
37242 31653
48221 45044
43863 49702
13511 1776
15644 13133
8491 19998
35505 18016
15917 21199
40024 37659
33516 10502
14495 28501
46122 31167
34661 15353
29886 37659
13925 35863
31805 43863
34319 34148
11172 8832
31167 38577
49702 48221
39758 49762
13925 21865
4831 43331
46263 15838
32373 35886
28888 5229
29096 49762
21036 29923
16050 10455
26634 4688
10380 18860
31653 48438
25584 31371
667 34148
48221 48521
37242 4831
1804 40788
21157 11165
32373 16812
8491 17863
36149 10455
45044 48521
14464 22471
10455 42276
15397 21865
41652 13925
48521 43745
4118 3712
30435 28183
4688 31290
35037 10455
28816 36363
4118 13511
31805 19998
10502 36149
46263 1804
18860 1776
41652 36149
29886 18016
8491 30994
15024 1776
11165 28501
11165 38329
7782 43863
15397 31290
4559 15024
34148 10455
21036 46263
32373 22471
40385 46263
11172 10502
2428 46263
26178 46084
13046 15644
28888 46263
30994 1776
14437 48438
31653 13511
15917 41652
4559 40385
31653 22471
21865 4118
667 13925
6946 28183
14495 14437
37659 20643
40822 31653
18005 28183
38329 1098
7476 13511
11172 28888
3712 35505
21865 43745
31371 35863
3712 16812
667 19783
35505 13925
16050 2326
36149 31653
38577 18016
13511 34661
21199 41652
15917 48131
15353 34319
14437 49762
35037 21157
40822 1776
15644 34148
35863 40024
49702 21036
48521 18005
15024 48884
34661 31653
49762 7854
29096 7854
21199 25846
21199 6089
36694 48379
28816 11165
3712 18860
10455 6946
20994 46263
31290 29096
18005 48221
1804 35886
35863 15838
38577 7782
48131 30435
4520 37659
48131 15917
14495 46122
21199 31805
22424 40160
31805 14102
8882 16310
48438 2428
8491 11165
4688 21865
18860 40788
25584 15838
6089 15397
14102 1776
15838 30994
28888 13925
38329 5229
18860 19783
42612 15024
7854 17906
14535 42612
5229 10455
36363 5229
40385 7476
34319 29886
3712 35037
19998 16812
43745 32401
15917 15397
4520 35886
28816 4831
5986 36149
13511 21865
13108 25584
26634 10502
42276 48221
39017 6946
40385 15353
2428 41652
45044 17863
25846 48221
35886 29923
38329 10455
9747 38329
15353 18860
14535 29886
8882 11172
44598 28183
16812 13133
36363 15397
12006 46122
48221 20994
49702 10380
37659 15917
34319 31653
16812 20643
34148 11172
42612 32401
34661 8491
43331 35863
29096 42612
20643 37659
18005 15838
13108 40822
42612 3712
46263 31653
20643 37299
40822 31371
48131 8491
7782 16812
16310 10502
31167 28816
25584 21157
16383 19204
667 42612
48521 28183
17863 10502
35863 18005
13925 40160
28816 20643
2428 16812
15397 14464
7476 29047
14464 48221
31805 31653
18016 14437
22424 48221
33516 29923
14102 15353
36149 34319
30435 22471
25846 45044
6089 37299
16383 12006
31371 20994
39758 28501
48438 14495
2326 7854
5229 28501
40160 22424
32373 2326
16812 49702
2326 13108
40024 48131
14464 21199
15397 46122
29096 49702
21157 15397
49702 25846
43331 19998
1804 10502
36694 31805
26634 43863
8832 21036
31290 16383
6946 29096
40788 10502
35863 46084
18016 6946
29886 32373
4688 44598
14464 28888
34661 33516
13511 1882
49702 29096
46122 36149
36694 36149
31653 26634
4118 37659
15644 40024
48438 36694
19998 4520
46084 31805
29923 10455
39017 13133
15838 20643
2428 10380
48521 30994
35886 15644
18860 43863
14495 26399
35505 30435
19204 9747
7238 15353
19204 29886
22424 16050
26399 17906
13925 26634
37299 22471
9747 40788
36363 43863
8491 45044
13925 31290
29886 39758
5986 29923
37659 7782
26178 35037
2428 29096
12006 17906
21199 11165
48379 15024
40822 17906
35037 12006
15917 19783
26634 40024
40822 43331
41652 4118
17906 48521
16812 37242
34319 14495
43331 42612
1776 10455
4520 8491
28816 21199
13133 15838
28888 48521
38577 20994
10455 14495
7476 43863
31290 667
14437 15353
18005 13925
21199 43331
2428 7238
19783 38329
40273 35037
26399 4559
18005 43331
40024 38577
31371 13925
16812 4520
10502 4559
4118 39758
19783 31167
40385 38577
40024 7238
35886 7238
3712 21865
46122 18860
35037 7782
35863 40822
4688 667
35505 35886
15917 34148
30994 21865
14495 48131
1882 14535
7238 15024
40822 31805
1804 37299
43745 7782
39017 12006
26178 19204
48438 15917
2326 31371
40385 14464
4118 18860
20643 34661
48221 22424
16310 11172
8832 4559
38329 20994
1882 4559
29047 4520
49762 13133
21036 49702
34319 16050
25846 10455
31167 6946
1098 7238
18016 8832
21865 37242
1776 16812
16310 38577
49762 44598
46084 13511
39758 21036
3712 40160
2428 2326
28888 35886
25846 48521
10455 16812
26399 29923
48438 32401
13925 49702
45044 30435
39017 31290
4118 30994
35886 14535
38329 10502
14437 14102
48521 40385
5229 20643
6946 13108
19783 34148
26178 20994
31167 39017
5229 34148
18860 48131
46263 48884
31290 14495
35505 16310
4688 42612
19998 34661
7782 26634
16050 16310
22471 40822
33516 40822
7238 1804
18016 31167
34148 33516
32373 48438
32401 35886
15838 36694
5229 40160
28816 48521
20994 15838
15024 48438
41652 10502
48131 26634
31805 1804
40788 8882
8832 40788
18005 29923
40788 4118
21036 10380
3712 36149
6089 37659
17906 29923
48131 16812
25846 11172
37242 8832
26178 17906
48521 36363
46084 15917
4520 21865
16812 45044
38577 36694
25846 667
7782 18005
28501 37242
37659 8491
20994 34661
13046 15397
32401 40273
4559 30435
37299 36149
48131 7476
4520 39017
34148 43331
31805 37659
35037 16812
29047 4831
17863 13925
667 31167
6946 15353
49702 14535
20994 40273
36694 26634
40822 46122
15353 2428
48221 35863
10502 34148
18860 1882
31653 31805
5986 9747
25584 40024
25584 49762
34148 28501
29923 16812
46084 48379
18016 37299
667 4559
21865 7782
35505 6946
36149 4559
15397 5229
40160 1882
8882 30435
14495 38329
48521 44598
48221 19998
48438 4559
13108 28888
31371 4831
48131 9747
35886 21036
4831 4688
35505 36694
14535 10380
10455 7782
19783 40385
35863 2326
35037 11172
16383 31167
4688 7476
20994 15917
18005 12006
5229 40024
13925 18016
25846 36694
1804 16050
49762 11165
40024 12006
30994 48521
6946 4688
29096 31290
28816 31653
39017 26178
11165 21036
4831 43863
10455 4688
15353 34661
13511 34319
4559 11165
34661 48221
1098 31371
14464 48131
29096 9747
4118 40024
16310 46263
21865 7854
37242 14102
31371 5229
43745 1804
8832 5986
38329 13511
43863 29096
26634 48131
31290 31653
667 16050
8882 1804
26634 39017
18016 39017
21199 33516
7238 25846
31371 35505
28816 19998
18860 30994
40273 29047
40024 5986
15644 5986
44598 14437
40822 37659
13046 48438
49702 16812
1804 38329
46084 40385
26178 18016
37659 14102
33516 26634
40385 11165
16383 42612
14437 20643
5229 17906
37659 22424
10502 35037
46084 11165
1098 19998
3712 18005
48884 15024
46263 22471
16383 6946
13511 40822
1098 48438
2326 25846
40822 11165
22471 29096
42276 13925
20994 45044
13925 18005
18860 40024
15917 39017
28888 31653
3712 4559
21036 13511
40024 15024
37299 26399
45044 19783
34319 32373
19204 49702
1776 17906
22424 34319
13511 32373
4118 11172
17863 36363
21036 43331
48884 40385
48221 40385
13925 6946
39017 19204
37299 15838
14437 40160
10380 16812
16383 18860
48884 14464
30435 28888
4831 16383
40024 15838
20994 22471
42612 4831
14535 48521
1776 10502
21036 18016
13133 10455
28501 29886
42276 18005
48221 31371
4118 5986
49702 4520
7854 36694
21036 14437
19204 15353
29047 34661
13925 12006
26399 7782
26178 14102
4520 42612
15353 29096
26178 10455
48521 6089
34661 43331
31371 37299
13046 37242
4831 33516
7476 44598
11165 34319
39017 33516
46084 19783
28183 10502
20994 32373
10455 38577
5229 35037
28816 48221
2326 35037
30994 6089
6089 7782
42612 31653
48884 18005
40024 18016
49702 39758
31290 48379
31371 4118
18016 2326
4559 32373
13133 40822
13925 37299
33516 17906
6089 46084
14437 2326
30435 45044
16310 29047
2326 11172
21199 11172
18016 37659
13925 16383
21036 20994
30435 48131
1098 34661
29047 32401
28816 1776
14464 29047
8832 45044
14464 34661
3712 7854
39017 40273
7854 13511
7476 8832
4520 37242
36694 31167
22471 18005
35886 5986
46122 21199
10380 38577
7854 40273
18016 46084
18005 10380
19783 2428
7782 43745
14464 14102
17863 46263
38577 28816
28501 20643
4520 42276
17863 43331
34148 7854
29923 42276
31371 32373
13133 16050
28888 43863
4688 29047
34148 43863
46263 25584
36363 31653
1804 2428
20643 31167
5986 31167
38329 49762
11172 40273
40788 4831
34661 46084
20643 21865
35886 20643
20643 10455
22471 19204
35886 1882
10502 7854
6946 26178
14535 35505
43863 36694
35037 17863
34148 19998
48438 5986
42612 17863
42612 46084
43331 7476
49702 15397
37242 31290
4559 21865
4688 28888
16050 7238
32373 14535
14535 14464
35037 16383
19998 30994
35886 38329
20994 42276
45044 16383
15024 667
37659 31653
49762 46122
35863 16812
1882 667
8882 46122
14535 29047
14495 31653
28501 22471
6946 16050
7854 21036
41652 10455
18005 46122
39017 28816
34661 5229
42276 48131
49702 41652
19783 19998
1098 15644
5986 5229
14535 43863
10502 15917
10502 15024
16383 9747
1882 34148
26178 34661
31653 1776
10380 46263
43745 8832
29096 19204
29886 21865
14102 28888
11165 34148
4118 40822
25846 6089
37299 8832
26178 4688
41652 32373
37242 4559
31167 29096
667 4688
37242 13046
26399 36694
30994 37242
40822 14495
20994 40024
48438 35037
40024 6089
26634 31290
4559 13046
30435 1882
16050 39758
4118 42276
36363 43745
13108 17906
35505 31167
4688 32401
48131 48521
7476 14437
31805 49702
40385 13108
35037 31290
13511 4118
25584 16812
17906 7238
15353 48221
8491 18860
26178 36363
7238 10380
4688 8491
15917 45044
6089 14464
37242 34661
667 49702
17863 31805
6089 14437
30435 7782
21865 31653
28816 21036
25846 17906
44598 667
40024 29047
4559 29047
19204 7854
43331 1882
3712 36694
37242 34319
17906 40024
19783 1882
29923 34148
1882 45044
29096 10455
14102 48221
48379 40385
21157 11172
29886 35037
6946 48131
43745 39017
31805 7238
42612 35863
32373 25846
26178 29096
7476 40822
26178 48521
1776 14102
48379 38577
12006 11172
5229 10502
4559 18860
14102 16383
48884 28888
18005 38577
4118 2428
1804 19204
8832 25846
17863 19998
12006 4559
43745 28816
28888 31290
35886 28501
8832 38329
22424 43745
20643 35037
7238 30435
16050 5229
41652 49762
667 37659
14437 34319
38329 37242
3712 16310
31167 35037
15353 29047
6089 43863
48221 40822
8882 32401
37659 26399
8491 21036
34319 42612
35037 25846
15353 46084
35863 40788
3712 48221
1882 7854
10502 31290
16050 36694
13108 17863
40822 48379
28816 1098
29923 28888
13925 4831
20643 30994
19783 48521
3712 8882
22471 12006
21865 48884
26399 7238
8832 30994
33516 8832
26399 16812
14535 26178
31167 7476
35505 31805
40385 4688
46084 14464
43331 38577
8882 31805
14102 7476
15024 2326
15838 48438
7782 8882
22471 14495
48221 18005
28183 25584
18005 8832
1804 37659
45044 13511
2428 36149
7782 37299
13511 3712
34319 37299
4559 667
4118 10455
48884 21036
37242 40788
15644 26399
35505 18860
4559 18016
49762 13925
25846 32373
40788 4688
14495 22471
15353 16310
49702 17906
8882 8491
40160 15838
31653 12006
22424 18005
34148 35886
43863 15397
2326 6946
46122 9747
30994 13925
7854 30435
15397 48131
5986 25846
4688 1804
8491 35505
43745 20643
28501 38577
44598 5229
42612 1882
4688 8832
15917 42276
6089 15917
42612 18016
2326 3712
4831 25846
25584 29886
49702 6089
16050 28501
31290 15397
31290 49762
18016 30994
14102 1882
1098 37659
15353 31805
31371 20643
667 4520
46084 20643
7782 15644
20994 4118
1776 2326
26399 35886
39017 26634
38577 13511
2428 21036
31371 15838
34319 40788
13046 40273
5229 42276
46122 19998
29096 14464
20643 13108
13108 18005
25846 39758
17863 37299
21036 28888
15397 8491
40788 21157
17906 29047
28816 37242
41652 39017
48131 1098
8832 7782
19998 26178
39017 40822
10502 2326
16310 22424
28816 37299
29047 13108
16310 44598
5986 14535
46263 5986
13925 48379
48221 34148
25846 14495
36694 43745
21865 10502
37242 18005
48438 10380
37242 6089
29096 46263
46263 14535
31653 15644
28183 20994
4118 35886
35037 37242
15917 1882
29923 13046
14495 18016
36694 11172
31290 39758
5229 30435
32373 31805
35505 40822
6089 21199
15917 6946
10455 9747
7238 42612
32401 18005
48521 40160
15353 43745
6946 48884
18005 29096
36694 6946
28888 8882
15353 2326
37659 22471
40788 29096
28816 46263
43863 8491
45044 40788
49762 40788
15644 4118
35505 25584
16383 48221
43331 11165
48379 16050
7476 29886
1882 43331
35863 26178
34148 35505
37659 40788
12006 18005
35886 4559
667 19998
5986 1882
19998 16383
7476 29096
29047 9747
31290 13108
36363 15353
31805 40024
5986 19998
1776 41652
46084 15838
40024 2428
20994 34148
16812 41652
45044 15024
17906 46263
48521 12006
29096 18860
1776 48438
10455 28501
35886 4520
28816 30994
10455 49702
31805 48521
48438 30435
10380 40788
29923 41652
40024 16383
44598 32401
29923 48438
15644 48221
46084 20994
2428 39017
34319 7782
14102 36149
19204 4559
2326 13925
40385 667
16050 42612
14437 36694
37659 8882
7238 14535
11165 31371
21036 13046
1098 40385
31805 1776
16812 36363
38329 44598
19204 17863
26634 19204
40273 31371
5229 38329
36694 42276
4520 31167
17863 12006
18016 34319
3712 35886
19998 2428
9747 15644
15024 41652
36694 2428
18860 45044
7854 48438
48438 7476
18860 14495
4559 40822
10502 17863
18005 33516
28183 14102
10502 6946
16383 1882
10455 4520
37659 26178
36149 28183
25584 43863
26178 29923
18005 43863
37659 6089
42612 16812
40822 15397
29047 21157
32373 45044
18005 39758
7476 28501
40160 34319
14495 42612
11172 34661
18005 14464
42612 38577
12006 13046
48379 22471
40385 19783
8491 29047
35886 49762
14102 25846
25846 20994
13133 9747
5986 7476
48438 29096
667 7854
2326 39758
13925 4559
21865 35505
45044 2428
37242 1882
37299 29923
36149 31290
13108 13511
42276 6946
14437 26634
22424 32401
13925 31653
21157 39758
8832 43331
6946 22471
40788 39017
667 31805
31290 34319
30994 17906
13133 15644
19204 44598
10455 18860
7238 1882
6946 46084
14464 40160
28816 40024
48438 13925
20643 8832
31371 11165
11165 46084
37659 1804
31371 42276
18016 30435
4688 10502
11165 46122
16383 45044
31290 10502
14102 14495
29096 2326
29923 32401
43863 40385
29047 32373
48521 31371
48438 48379
21036 3712
3712 48884
29047 14102
36149 42276
16812 19998
13133 40024
49762 2428
32373 33516
15917 2428
1804 14437
40385 42276
18016 26178
2326 20643
35863 28816
48521 11172
5229 6946
37659 28816
22471 34148
2428 13108
11165 30435
44598 2326
31653 31167
37299 16310
35863 36694
49702 18005
48438 14102
26634 13925
37659 7238
40273 32401
667 29047
18860 31290
4688 49702
6946 15644
7238 18005
1882 11172
18016 46263
48131 32373
14437 4688
21865 40273
4688 14495
2428 46084
48884 10380
13925 4520
48131 4559
14495 11172
18005 41652
20994 21036
34148 29047
30435 5229
42276 34319
16050 21157
11165 8491
40160 22471
19204 39758
39758 19783
39017 21199
44598 37299
34661 46263
46122 667
32373 34319
20643 4831
13511 16050
19783 17863
18860 14535
26634 22424
2428 26399
22471 18016
45044 35037
19783 45044
18005 38329
17906 38329
34661 43745
22424 16383
31805 28816
15838 37659
14464 13108
39758 14464
45044 49702
9747 7476
13511 48379
11172 1804
31653 21199
35505 21199
19783 16812
42276 34148
29047 25846
16383 38329
17906 18016
2326 29886
34148 28888
4118 34319
28183 14495
31805 14535
16050 48379
17863 18016
4831 30994
36363 26634
46084 48131
7476 4559
16383 14535
16050 40160
16050 22471
11165 6946
25846 28183
2326 2428
28501 40385
39758 39017
40160 21036
31371 15917
16812 34319
25584 8882
30435 21199
28183 20643
46263 36694
2326 15644
44598 31371
34319 9747
15838 6946
32401 48884
28501 16050
4118 7854
25846 35863
5229 1882
8882 46084
35863 28501
44598 15353
15353 18016
6946 19204
18005 18016
15644 1882
5986 16383
49762 41652
21865 48438
39017 26399
2326 31167
1882 12006
40160 11172
17906 21199
25584 14437
10380 13133
19204 14464
35505 8882
46263 29923
17906 14102
15917 22471
48221 26178
31290 31805
35505 14495
2428 22424
19783 4559
32401 17863
46084 15024
26399 4688
10502 15353
13046 6946
29923 11165
26178 14437
7476 40024
14495 7476
38329 11165
7476 12006
34148 25584
4831 15397
17863 15353
21157 21036
14437 49702
28888 21199
15024 35886
37299 11165
34319 13046
43331 34319
30994 7476
15917 14102
15644 14102
40273 46084
34319 14464
32373 15917
13108 7238
15353 29923
13925 44598
15397 7854
30994 13108
29923 6089
21865 33516
18005 25846
4831 40788
5229 21157
7854 13925
7854 36363
8882 41652
13046 11165
31653 46263
48884 18016
49762 20643
31167 37659
7238 28816
4831 29886
2428 8882
42276 43863
22471 7854
48438 15397
15024 42276
13133 42276
46122 11172
16812 43331
28888 13133
13133 26399
29886 22424
16383 46263
4688 46263
16310 19783
11165 10455
35037 22471
48379 30994
16383 28816
8491 7238
10380 17863
11165 3712
8491 10455
18005 10455
42612 28816
19204 39017
48521 42276
40273 16050
31805 29886
2428 33516
25846 42276
15917 30435
22424 41652
36363 28888
13046 18860
35037 13108
28888 19998
22471 1882
39758 10455
11165 40024
20643 22424
46084 7238
10380 48221
15838 16812
21036 2428
12006 37242
14437 8832
19998 30435
13925 17906
19783 36363
29096 15917
48131 21865
14102 4688
40788 37242
3712 44598
2428 8491
19998 41652
6089 15838
28501 15024
39758 13046
21157 48221
14437 5229
14535 21865
8882 16812
49762 45044
7854 2326
31290 17906
4520 19998
16310 4520
39758 16812
31653 21036
4520 19783
17863 48521
667 15353
1882 1098
46122 40273
36149 22471
40273 10455
40273 26634
1804 10455
37299 16383
14102 32401
11165 38577
13046 3712
10455 36694
35863 34661
16812 32373
31371 8882
35863 6946
15644 11165
36694 18005
41652 3712
1098 33516
13108 6089
7782 25584
16050 8832
39758 46084
7782 46122
1776 36363
28183 21865
21199 10380
40788 2428
41652 40788
5986 10380
17906 13133
46122 4520
14464 41652
20994 44598
31290 6089
25584 10455
37299 35505
29096 6946
14495 25584
40160 28501
35863 28183
14102 40160
43331 21199
40024 49762
37659 40024
36694 7854
29886 35863
1882 31371
28816 17863
21199 34319
28816 31371
14437 10380
29047 22424
48221 8832
1098 34148
4831 40024
38329 14495
1804 21036
31653 37659
21865 15024
34661 29047
26399 14495
13046 35886
31805 46084
13133 667
28816 28888
8832 2428
39758 2326
35886 42276
49762 17863
48221 34661
28501 4520
19783 1098
8832 4831
1804 37242
15353 20994
18860 29047
7238 48438
40024 34319
15024 6089
12006 15397
21157 22471
32373 48884
9747 14102
29047 2428
18005 43745
6089 31290
32401 4559
29096 40160
7238 6946
13108 26399
31653 10380
4831 49702
48438 46122
28183 6946
1882 14464
18860 40385
39017 35037
16310 40024
15838 10455
7238 15838
4831 17906
8832 40024
8832 13511
44598 26634
17863 31653
32373 40273
9747 49762
48884 26399
18860 10502
38329 17906
20994 14495
22471 7476
21199 18005
31805 4688
1098 35505
34319 35886
4831 13925
4831 11172
31167 18005
19783 48221
20994 25584
40273 13046
22471 40788
1776 17863
18860 48379
1098 1804
35505 38329
32401 48221
34661 37299
13511 14495
18005 20994
40024 28816
40273 13133
21036 32401
19204 22471
26178 31805
19204 6946
21865 30435
10380 11165
10455 35037
28888 12006
48884 29096
21157 40385
1804 41652
31167 21036
26399 15397
15838 43331
28816 40160
14464 14535
8882 1098
8832 31805
6089 31805
10380 40822
21199 15644
22471 45044
46084 21199
48221 18860
22424 35037
17906 35886
48379 4831
48884 45044
43863 28183
39017 29096
34319 29923
10455 16310
19783 15024
42276 28888
49702 40822
7238 13046
22424 30994
48379 36694
7476 34319
28501 4688
43331 9747
48221 48438
42276 46122
31371 15397
28816 13046
4559 7238
48884 35886
29886 1804
13511 15024
14535 25846
28816 17906
4831 36694
25846 13133
30994 10455
21157 5229
49762 14102
7476 16812
36363 10455
4118 13108
4831 37299
28501 10380
46084 33516
667 13511
29923 16383
21199 14535
4559 40024
4831 20994
6946 10455
46263 40160
17863 49762
28501 21157
10455 39758
29096 2428
40788 15917
17906 32373
16050 30994
8832 36694
36694 32373
15838 21157
19783 30435
43745 43863
2326 14437
38329 46084
35863 29886
48379 13108
28816 48884
5986 28888
1098 31653
29047 16050
21199 26399
29047 48131
40160 26399
667 15917
25846 5986
13925 1776
49702 34661
40822 2428
14535 20643
18016 28888
6089 38577
14464 4520
20643 9747
21199 15353
19204 4831
14464 39758
21157 29047
4688 49762
18860 7238
16310 7476
12006 11165
2326 28816
1804 39758
22424 14495
22471 14102
667 2326
5229 4831
14437 25584
37242 20643
48884 35863
19998 13046
17863 8491
28501 1882
13925 39017
13046 31653
8832 22424
2428 22471
46084 49702
43331 26634
18016 22471
19783 40160
21199 17906
12006 37299
1776 8882
15397 12006
29886 40024
28816 15917
34661 40822
1776 31653
26634 21865
11165 18860
32373 29923
2326 9747
4118 4688
14102 22471
11172 6946
20643 15024
28816 39758
37659 5986
17906 5986
31653 38329
30994 35863
35037 34148
32373 41652
667 21199
25846 31167
5986 2428
40273 48379
7238 21199
15397 15838
40273 4559
14102 35037
4831 26399
15644 7476
44598 11165
13108 28501
28183 26634
6089 48221
49702 48379
30435 31290
28888 16310
39758 4118
15353 17906
1882 31290
31653 7476
14102 14437
35505 19783
26178 32373
7476 48221
7854 15397
43331 40385
10380 44598
25846 21036
34148 39017
21157 14535
29047 667
25584 7238
4831 48379
9747 33516
21865 6089
30435 6089
13108 15353
42276 16383
13046 14437
4831 16812
13925 20643
28888 40788
19783 34661
13925 7854
22424 14535
28816 4520
11172 29096
20643 33516
28888 42276
11165 48521
33516 2326
2326 15024
667 14495
7854 28183
667 39017
37659 2326
48221 35505
2428 34661
28816 14495
21865 34319
14437 33516
33516 34148
40822 25846
40024 31653
11172 2326
2326 43331
31290 18016
19783 31290
4520 667
34319 48131
4688 12006
21199 35505
15353 21157
4520 31290
31805 33516
32401 21157
43863 40822
40385 18860
18860 37242
4688 15838
3712 35863
39758 22424
25846 4520
15917 19998
19783 7782
17863 2326
48438 13108
18016 39758
35886 49702
43863 21865
17863 29886
43745 31805
30435 49702
667 41652
21036 30435
9747 40273
36149 29096
7854 21865
43863 14535
20643 43331
49702 21865
33516 40788
16050 19204
19998 4559
667 44598
40024 43331
2326 4520
20994 31805
48521 30435
37242 2326
29096 13108
11165 31805
14535 46084
15838 34319
6946 4118
40160 37659
22471 6946
4520 4118
7238 31167
28816 28183
35505 29096
1804 36363
7782 40788
37299 49702
29923 13925
48438 29923
34661 39017
7476 31653
7782 16383
48521 13046
15353 37242
31290 35886
33516 2428
39758 19204
32401 15353
21199 48884
38577 48884
28816 35886
13046 1804
26399 15024
7782 1804
19998 34148
15838 12006
36363 13108
19998 48438
7782 7238
14437 1804
7476 667
43745 14102
14535 11165
35505 20643
1804 1882
26178 48221
26178 1098
15917 38577
18860 35886
16383 39017
26178 18005
48131 36694
9747 40160
42612 16383
667 6946
1882 25846
8491 48221
33516 40024
22471 35886
13133 17906
21865 6946
5229 19204
16383 33516
21036 14102
28816 14102
8491 15644
20643 14437
28183 40385
42276 17906
1776 39758
2428 1098
30994 26399
38329 29047
4520 35863
28183 39758
8882 29096
29047 14535
17906 28183
31805 28183
4118 31290
31653 29096
21157 14464
2428 7476
46263 35863
19998 4118
11172 14437
31167 48521
31371 49702
15917 7476
15353 7476
15397 26399
46084 31371
34319 28183
18016 29096
6089 21865
16310 18016
8832 31290
26634 10380
15838 31371
18016 10502
26399 9747
22424 5986
31167 48379
19783 18016
4688 31653
4559 19783
26399 42276
1804 7782
11165 35886
4831 14437
13046 16310
13108 7782
35863 8491
49702 15353
28183 48884
4118 1098
4688 48221
28501 17863
36363 21199
20994 18005
42612 19783
43863 31290
15917 46122
40788 43745
48131 45044
4520 22471
48884 19204
18860 22424
7854 29047
4688 34661
15917 49702
36363 30435
13511 40160
5986 13133
4118 46084
32373 26178
18860 15644
16310 49702
21865 28501
30994 15024
7238 36363
34319 37242
14437 10502
35037 21036
29047 28888
26634 37659
22424 8882
40822 46263
15838 15353
33516 15838
1776 1804
21036 21157
36363 48131
43863 2326
40385 17906
21199 25584
45044 26399
3712 21157
13046 13925
34661 10380
30435 2326
35886 36694
4559 39758
6946 7854
40273 26399
20994 34319
29923 19204
10380 4559
8491 16310
35037 10502
14102 21199
7476 7238
11165 1804
4831 15838
45044 18860
33516 31805
17863 7476
14102 40273
36363 40273
36694 40788
10502 41652
15838 16050
14495 6089
15644 4520
31371 34661
11165 36149
21036 40822
19783 17906
42276 28816
29096 42276
49702 15024
7476 40273
22424 7476
4688 31371
19998 25584
4688 11165
40788 30435
40160 14535
33516 13925
4520 13925
13511 21036
18016 10380
16310 1882
11165 44598
26399 28816
43331 35505
38577 1804
40788 37659
16310 22471
30435 31653
1776 25584
9747 5229
2326 48521
28816 10380
14535 34319
30435 7476
32373 28183
46084 9747
28816 34319
33516 31653
19204 1882
4831 29923
14495 4520
4520 15917
43331 40273
9747 36149
40385 13046
48521 1804
4520 34319
15917 15353
13925 16812
32373 48221
21036 39758
15353 25846
48131 13046
38577 42276
6946 667
40160 42276
7238 10455
40024 8832
39758 1882
4688 21199
35863 8832
17906 15838
13511 11172
34148 13108
4831 25584
14464 49762
31805 31167
48521 46084
12006 43331
36694 34661
21157 667
21036 40024
48131 28501
35037 36149
15644 30994
14495 42276
26178 10502
35863 4831
33516 4688
6089 30435
7782 28183
1098 36363
7782 13511
12006 3712
1882 21036
31371 35037
31653 34148
19783 43863
17863 36149
16383 13511
15838 38329
38329 29886
29047 8832
43331 38329
9747 13046
31167 16383
11165 13133
37659 49762
37659 14464
11172 31290
13046 33516
31290 31371
34148 40160
36363 18005
26399 48884
3712 4520
19783 10380
8882 13108
1098 6946
11172 4688
14535 40160
44598 4559
40160 10502
3712 36363
35037 13046
15838 13133
48884 38577
35037 2326
36149 9747
40024 13046
15397 21157
31290 33516
37659 1882
8491 4559
5986 42612
8491 30435
29923 7476
3712 15838
4831 13511
19783 21865
36149 26399
667 34661
15397 2428
17906 10380
35886 10455
21157 21865
17863 21199
34661 40273
19783 20643
13511 19998
48521 19783
33516 22424
43863 1098
48521 15644
48521 48379
48131 48438
2428 28501
48884 31167
1098 14102
32401 9747
2428 14464
34319 8832
5986 11165
5986 3712
35037 46263
18860 34661
30994 29096
8882 16383
49702 4118
39017 35863
29886 16383
21157 18860
37242 48884
40024 15917
22424 21865
49702 7782
14437 34148
48379 20994
35886 15838
5229 45044
18005 15024
38329 7854
40273 28501
46084 22424
40024 22424
26634 15838
13133 31805
1804 19783
15353 14495
48521 18860
38329 36694
42612 25584
46084 17906
29886 28816
35863 42276
10380 667
26399 49702
25584 10502
8832 16812
49762 46263
13925 13046
43745 1882
15024 26399
1804 18016
40788 31371
16812 31371
43745 11165
37659 6946
7782 35505
35505 11165
40788 15838
21036 40788
40385 8491
10455 31167
11172 29047
6089 4688
36149 4118
28888 46084
43331 30435
14535 22471
21157 10380
22424 11165
17906 30435
28183 48221
49702 1776
34148 25846
1882 26634
9747 22424
35037 8832
4118 16812
35037 37659
11172 35037
40273 15024
30435 37299
42612 20994
21865 43863
15917 28183
46122 13108
37659 31371
44598 46263
19998 28816
42276 49762
11165 29886
21865 31290
33516 40385
14102 13108
41652 19204
15397 9747
16050 4520
31167 40788
15353 8882
7782 14495
21157 9747
30994 8491
41652 1882
44598 32373
13511 6946
4688 33516
31167 31653
15024 39758
20643 14464
26178 40822
41652 2326
14495 16310
43863 26178
15397 42276
15644 14464
21199 15838
26634 46122
13046 34661
22471 1804
31290 4831
32401 37299
14464 39017
38329 31653
34319 46263
31653 667
13046 8882
14464 16812
6946 40385
39017 16050
28501 39017
13108 8882
19783 1776
22471 34319
31805 7854
6946 14495
49762 21157
46263 13511
13046 31371
11165 7476
28816 15644
15353 5986
14102 15644
39017 5986
5986 35886
39017 17906
36149 17863
35505 28816
48221 22471
31805 8491
20643 10502
37242 35863
20994 49702
38329 667
40788 1776
667 22471
15353 33516
40024 35037
18005 26634
9747 48221
3712 41652
37659 9747
4688 6946
16812 21157
26178 1804
26399 31653
40273 21157
25846 30994
49762 667
28501 26634
45044 7854
28183 18016
49762 19204
19204 10502
13046 4831
46084 2326
28816 26178
26399 15838
4118 37242
43331 31371
13511 4831
1804 31167
39017 4520
31653 4688
7782 21157
3712 15024
49702 40024
29096 14437
15838 7476
14535 20994
28816 8882
43331 13133
34319 40385
18016 15838
14535 35863
37659 7854
9747 16310
14102 28816
26178 46263
31653 8491
32401 8832
28816 7476
45044 15397
12006 29096
31167 49762
29923 31805
31167 29886
21157 28183
48438 4118
25584 46084
16812 32401
21865 32401
44598 49702
6946 15917
8832 36363
667 7238
37659 3712
30435 15917
10455 32401
13133 20643
34661 32373
28183 30435
5229 14102
15397 6946
37242 26399
14102 31805
46263 13133
43331 32373
44598 11172
20643 7782
25584 34319
29096 14495
14535 15353
38577 39017
21199 7238
40024 42612
9747 13925
15917 1804
40822 16812
48884 28501
10502 21199
44598 14495
7476 39758
32373 37299
48521 38577
35505 40160
7238 13925
35037 26178
1098 28888
26399 7854
49702 49762
42276 40273
15353 48131
40273 1776
2428 49762
28501 10502
32373 34148
19204 25846
12006 35863
18016 43745
37242 29923
16310 3712
6089 7238
14535 49702
34661 49762
43863 48438
30435 35886
14437 7238
29047 11172
15353 1776
37299 31653
34661 14535
3712 15397
6089 2326
8832 20994
10380 46122
18016 14464
33516 34319
48379 7854
25584 48521
25584 1804
13108 8491
49762 31371
36363 37299
21157 43331
28183 18005
40024 40788
16310 31371
25584 35886
28501 4831
17906 667
17906 20643
18005 14437
2326 46122
28816 48379
8491 40788
2428 11172
33516 21157
26399 15353
30994 38329
19204 31653
17863 4831
43331 16812
17906 14464
4559 31653
48438 2326
15917 34319
36363 17863
7476 43745
31371 26634
38577 25584
28183 43331
1098 4688
4118 8882
16383 3712
48131 16050
4559 19998
37659 42276
20643 16383
46122 13046
20994 7854
10502 28888
26178 8491
30435 32401
8491 1804
1804 48379
42276 34661
13925 48438
21199 48221
40024 21036
30994 18016
17863 7782
35505 13046
36694 1882
42276 32373
26178 28816
31167 17906
7782 6946
48221 26634
7476 49702
2428 40822
48131 49762
26178 6946
36694 46122
29047 8882
14102 37242
7854 13133
44598 22424
22424 13108
48221 15024
35863 33516
4688 13925
13133 36149
8491 29096
37299 18005
49702 20994
7476 35037
48521 49702
46122 22471
49762 26178
42276 29096
39758 4831
31167 10455
7782 15917
48521 28816
48884 1776
46084 34319
18016 35037
48131 13511
35886 48221
36363 19783
26399 48221
29047 38577
7854 22471
22424 35505
2428 40024
21199 7854
22471 16310
16812 7238
11172 15353
4688 26634
31371 43745
44598 31167
19783 4831
11165 26399
40024 31167
40024 11172
43745 35886
48379 8832
5986 48884
13046 8832
41652 8832
14535 37659
25846 14464
1776 13925
48379 48221
11165 40788
48521 17863
21865 28888
2326 14464
37659 38329
667 36149
17863 42612
43863 36363
7782 19998
48884 29923
15917 16383
16383 48884
667 46084
44598 1882
48131 7782
7782 21865
6946 7782
35037 36363
25584 4688
13108 43745
28816 48438
1776 36149
26399 26178
48131 46263
7782 13925
4520 30994
46122 29886
43863 4520
16383 28888
33516 19204
7238 26178
15838 14535
7854 38329
10455 8882
37299 41652
48379 15917
43331 5229
4831 5229
11165 49762
13108 26178
35037 18860
36694 48438
37242 13925
40788 13108
30994 16383
36363 35863
16310 38329
36363 7476
18860 33516
15644 12006
22471 49762
10455 667
14464 26178
38577 14495
3712 13925
8882 10380
43863 31653
16383 4559
48379 31805
9747 667
17906 16812
49762 14495
48221 40024
10380 7782
21157 15024
14464 32373
6089 13046
5986 18005
15353 4559
13108 48884
21036 40385
4118 44598
4559 48438
14102 21036
31167 46263
48521 16310
31805 19783
8832 37242
36694 43863
7854 40160
40788 48131
1776 22424
4118 21865
26634 16383
15024 32401
21199 32373
40822 35505
31653 19204
8882 4688
49702 38329
26634 4118
6946 46122
37299 2428
7782 37659
5229 13108
14535 4688
15353 18005
40024 7854
11165 16812
20643 19204
15644 14535
1098 26399
49762 11172
34148 10380
16310 18005
13046 15838
667 30435
10502 19998
14464 35037
18860 32373
17863 28501
18016 40160
26399 48438
40273 29923
8491 21199
10455 42612
46122 33516
17863 34148
35863 10455
28816 7854
31371 14102
44598 48438
10380 42276
41652 17863
46084 40024
45044 16050
48131 16383
15838 13925
35037 14464
8832 15353
13925 39758
21865 9747
18860 2326
33516 35037
1882 36694
7782 18860
4688 40822
16812 28888
8491 41652
28888 4831
1882 10380
35863 40385
40024 22471
16383 8491
4831 16050
40822 48521
7854 48221
20643 22471
19998 29886
13925 8882
43863 1804
31290 18860
18016 32401
37299 12006
14495 34661
29886 48131
36363 8491
21199 9747
46263 33516
2428 14437
21036 7476
34661 6089
667 11165
22471 31371
43331 22471
40822 34148
48884 14437
18860 21865
31167 36694
15353 17863
18005 19783
40160 15917
44598 4688
41652 22471
28888 1776
39758 45044
37299 20994
5986 40024
40273 44598
30994 25846
5986 16310
6089 4118
29047 20994
33516 6089
20643 31371
7854 36149
48131 1804
13108 40385
14535 16310
19204 34148
15644 34319
16310 667
28501 19998
13046 26634
667 15397
26399 13925
15397 40024
48131 43745
1098 46122
15644 49762
34661 16050
7476 48438
46263 13925
37299 4520
13108 43863
1804 8882
34319 49762
15644 30435
43863 7854
36149 667
22471 32401
31371 46084
11172 2428
38329 8832
44598 16310
35505 37299
29047 26399
15024 21199
18016 37242
31167 16812
14535 21036
13133 49762
19998 15917
29886 31371
19783 6946
34661 28501
28183 35037
15838 19204
41652 5986
6946 31290
46263 7854
9747 43331
48521 31805
12006 37659
25584 18860
40788 19204
48221 3712
14102 48438
1804 20643
40160 7782
33516 667
48131 32401
36363 4520
19204 1776
28888 1098
1776 46122
43863 16812
5229 8832
15353 46263
40385 1776
28183 15353
35037 14535
48131 29096
10455 33516
6946 13925
19204 46084
14437 22424
21865 15838
5229 42612
25846 48379
4688 36363
21036 25846
8882 22471
29886 1882
2326 667
6089 44598
15353 14437
31371 10455
41652 16812
6946 31371
39017 5229
22424 29923
7854 15917
32401 10502
13133 40273
22471 16383
33516 37242
6089 14495
31290 1882
48131 11165
8832 37659
21036 29886
18005 15397
49762 48221
13108 29096
13925 42276
4831 15024
39017 29923
16050 46084
4118 18005
35505 15644
4118 46122
28816 2326
35505 15353
14495 40385
10502 13046
29886 34319
37242 15644
7854 34148
48221 1804
18016 40385
14102 21865
32373 14464
31371 19783
40160 19998
17906 19783
28888 41652
21157 43863
28816 13108
15644 8491
32373 2428
43745 8491
28816 43745
6089 40822
21157 40822
31805 49762
15644 26178
48438 40160
21036 13108
32401 1882
42276 36149
31167 15917
10502 15644
36149 13511
20643 48884
10380 7476
13511 49702
18016 35863
15397 40385
43745 15397
21865 34661
25584 10380
36694 48884
1882 40822
13925 41652
2326 12006
17863 48438
16383 4831
15917 667
7782 34661
48131 31653
30994 37299
20994 26634
32401 26634
31290 29923
6946 43863
1882 22424
31167 13046
667 40024
7476 46084
34661 28183
20994 667
28501 11165
14535 42276
17906 31167
29096 19783
46084 16812
49762 5986
40024 16812
40385 5986
49702 14495
7854 49702
16310 13108
48379 21865
29047 14437
28816 29886
41652 18005
1776 21157
43331 11172
31805 36694
18016 1804
14437 31371
37242 7238
18005 15917
48131 29047
28501 667
29096 28501
43745 33516
5986 44598
7854 3712
21199 16050
5229 37659
13925 37242
1882 14102
44598 26178
7782 1776
21036 4831
1776 37242
17863 6946
16812 21865
40160 35886
13046 28888
43745 16050
34148 36363
39017 1882
19204 14535
31805 32401
30435 43863
16383 14102
10455 20643
41652 26399
4831 1098
39758 48131
34148 22424
4520 40385
40385 25584
21199 19783
43331 15644
6089 10380
7476 41652
2428 35505
20994 5986
48438 48131
15024 17863
9747 46122
4559 21199
38329 20643
40385 40273
14495 39017
13108 28816
37299 1804
32401 43863
17863 48379
8491 14495
31653 28183
20643 34148
29886 31290
21036 31371
18016 40273
36363 20643
43863 37659
16812 16383
36363 19998
18005 35886
18005 31167
41652 13133
43331 46263
44598 25584
38329 26399
48221 31653
18016 35505
15644 36149
30994 43331
10455 36363
38577 37659
31653 48221
31371 28501
14102 31290
34661 48379
7476 36363
13108 37242
45044 15644
15838 9747
40385 13511
7238 14437
26634 36694
48438 9747
17906 21157
15024 43331
35037 28816
13511 14464
46263 46084
36149 26178
32373 17906
25584 49702
13133 32373
35505 38577
16310 8882
4118 14495
32401 13046
31805 42612
7782 38329
48221 18016
19998 15397
15397 19998
39017 49762
19204 48131
14495 14535
21199 20643
48221 40160
49762 48438
28183 28816
37299 15024
2428 10502
6089 21157
48379 5986
7854 20643
28888 28501
48379 13925
6089 5229
16812 28183
4831 667
48379 25584
15024 35863
15024 48221
14464 21036
37242 7782
45044 4831
15353 14535
16812 2326
38329 18016
34319 48438
43863 13511
2326 8491
31371 36363
4118 15917
48131 13925
48131 36149
29923 39017
32401 16310
7854 21157
1804 28501
41652 21157
1776 43331
6089 1098
1098 48379
37299 4831
43745 28501
19204 1098
7854 14464
5229 21036
14464 40024
21199 31653
17906 4520
36363 31290
31167 26399
29886 32401
20994 28501
34661 41652
13108 19998
1776 34148
15917 40024
6946 11165
15397 49762
28501 11172
14464 42276
12006 49762
14535 48221
32401 43331
34319 15024
28501 40273
39758 2428
28888 35505
36363 18016
28888 18860
1098 11172
45044 39758
29096 30994
35886 39017
7854 40788
26634 5229
35863 46263
4831 30435
14464 35505
1882 13046
16310 42276
15024 46122
12006 28816
43331 28816
19783 1804
37242 40024
18860 1098
21157 14102
35886 15917
9747 10455
36149 11165
1882 22471
29096 15838
1804 14464
14437 15397
6946 26399
16812 20994
44598 17863
18005 5229
8832 1776
25846 33516
5229 31290
19204 37299
41652 10380
32373 15838
22424 48884
32373 46263
9747 49702
8491 14437
42276 5229
15397 8882
30994 1804
29886 13925
31167 8832
667 48131
36149 1804
19998 35505
40024 1098
42612 36149
13046 29886
32401 28501
20643 13925
18005 3712
48884 1882
32401 10455
26178 35886
26178 37299
31805 21865
41652 16050
35037 1776
34661 26399
13925 13133
40822 31290
40385 40788
40788 4559
1882 10455
19783 13925
6089 49762
40024 13133
48521 18016
28888 26399
21199 48438
40385 15397
8491 34661
46084 41652
36149 35863
31167 43745
16050 29923
14495 8832
18005 16812
30994 28888
5229 40385
29886 667
667 17906
48884 7854
1804 6089
19204 34661
22424 28888
28888 31371
21865 28183
35505 33516
15397 22424
21036 36149
38329 8882
35505 43331
39017 43863
4688 4831
48221 32373
7782 42612
17863 28183
45044 38577
25584 8832
14437 17906
10455 39017
38577 4831
37659 21036
44598 7238
40160 4520
40822 39758
4559 38577
5229 31805
14102 46263
9747 35863
46263 7238
38329 42612
46084 10455
12006 2326
33516 39758
40385 10380
10502 45044
21157 1776
28888 45044
31371 19204
8832 36149
25846 48884
48884 40024
19998 1882
48438 37299
26634 43331
48379 1882
42612 40273
37242 18860
12006 21036
31653 16383
48221 40788
10380 19783
46122 5986
31290 4559
43745 21157
15397 7476
14495 19204
31290 20643
17906 49762
9747 39017
15644 17863
33516 41652
10502 31167
46263 10380
35886 18016
11165 15838
29886 48521
30994 1098
6089 26399
45044 28888
38577 48221
1098 14437
6089 1804
4559 21157
48521 21157
14437 12006
48221 28888
21865 46122
40385 14437
34661 1776
43863 4559
37659 42612
15353 15024
13108 16383
34661 48884
15397 29096
1882 40273
4520 48438
11165 5229
8491 15397
49702 29923
19783 21157
1804 48131
35863 32401
13511 16310
25584 29047
19783 36694
15024 14495
29096 4520
34148 40273
21157 13108
31371 26399
15024 20994
20643 14495
10380 32401
36694 7782
31371 6089
36363 16383
39017 7782
13925 10455
46122 39758
29923 36363
30994 20643
19998 40160
38577 11172
18860 18016
15838 33516
6946 5229
6946 45044
31290 16310
36694 46084
36363 29047
28501 15353
43745 31371
1098 21865
31653 40273
15917 6089
31653 42276
34661 15397
29096 35037
35505 37242
28816 16310
5229 33516
14535 11172
31371 38329
8491 7854
46122 17906
25846 39017
38329 22424
48379 45044
5986 29047
48379 14102
11165 4118
31371 15353
7238 37659
13511 48131
18005 39017
4559 31371
9747 21157
20994 49762
36149 25846
19783 25584
7476 32373
40788 6089
34319 43331
26634 49762
4118 28816
28501 13046
37242 21036
22424 4831
34148 1098
32373 35505
43863 34148
11165 6089
4520 19204
28888 48884
13046 28816
42276 7238
19998 40788
14495 2428
13108 16812
22424 44598
18005 30435
38577 14464
36694 43331
20994 1804
22471 8832
16383 44598
16050 30435
19783 15838
36363 38577
31371 28183
1804 43331
29923 21865
15917 35037
1776 20994
34148 14464
18860 5229
34319 21199
35863 25846
40385 7854
22471 15838
26399 13511
41652 40822
48438 41652
14102 1804
15917 29886
1098 4118
14495 21036
7854 7476
46263 13046
37242 28183
42276 30994
14437 35505
32373 46122
14102 13046
48521 29923
3712 40385
34319 28888
5986 43745
32373 4559
20994 15024
35037 4559
11172 19998
35037 15838
6089 42276
40160 48221
19998 21157
29886 25584
44598 41652
29923 4831
26634 7854
21865 15353
49762 32373
13511 48884
36149 8832
19998 48521
37299 21865
15644 48131
32373 28888
12006 31290
31290 9747
16812 49762
31290 31167
16310 48379
25846 29923
41652 14535
46084 36363
18016 1098
46122 31290
43745 37299
46122 8882
37242 15838
19204 43863
16383 29096
26178 16310
13108 4559
43331 2326
48131 19204
35863 31653
10380 25846
43745 40160
38577 21199
5229 40788
14464 32401
31290 4688
10455 22471
15917 46084
21199 28888
25846 31805
10455 13133
34661 7238
4520 8832
49702 28501
39758 1098
19204 46122
48131 40822
26178 41652
1882 46263
2428 42612
30435 40273
18016 31290
34661 31805
48131 34661
19998 43745
5229 14464
48884 6089
30435 34319
48379 33516
7238 5986
42612 31167
6946 40273
5986 15644
5986 40273
1776 21199
15353 43331
36363 22424
36149 25584
36149 20994
13133 5986
1882 28888
2428 15024
40160 13133
25846 11165
667 43863
7782 30994
25846 28888
29923 37299
40024 48221
31167 17863
4688 7238
40788 48884
31805 11165
40024 37299
38577 13108
14535 31653
14437 3712
21865 14535
28501 14464
38577 40788
11165 43863
43863 13133
30435 8491
30435 40024
35886 31653
28501 48221
9747 10502
16812 5229
35863 7476
29047 15917
16050 28183
14437 35886
2428 15353
25846 18860
12006 30435
48438 39758
40788 28183
35505 34319
10380 48131
21199 28816
13108 29047
10380 32373
3712 15917
48521 15917
38577 39758
28816 15024
21199 1882
42612 4559
48221 48379
28816 667
29047 34319
37242 1804
40385 34148
32373 8491
4520 36149
1098 25584
30435 10502
37242 48521
1804 13925
42276 32401
4831 48521
29923 46263
15353 30435
11165 17906
29047 48379
28183 31653
18860 48438
11165 30994
37299 35037
28888 15838
4118 26634
30994 46122
10380 15353
16310 34148
19204 13046
12006 40273
22471 46084
17906 46084
43331 34661
14437 37659
49762 19783
14464 33516
35863 15397
18016 15397
43745 39758
18005 7782
31653 17906
8832 38577
13511 40273
15397 20994
29096 6089
29923 26399
40788 26178
21036 30994
6089 7476
42612 37299
40273 43331
29047 4688
9747 14437
48221 7476
667 18005
20643 28816
8832 46084
34661 34148
25846 44598
4688 25584
11165 14535
49702 4559
46263 4688
1804 14495
4559 29923
29886 15838
16310 14437
36694 19998
25584 40385
41652 42612
43745 7854
43745 12006
48884 42276
5229 32401
12006 29047
9747 26399
39758 40024
667 34319
40385 15024
46122 35037
36694 10502
31290 13925
31805 25584
19783 29923
5986 13925
48438 13511
39758 48438
34661 20643
10455 15838
15917 26178
48884 2428
31371 40822
8491 16812
4688 34319
13511 46263
10455 14535
13925 46122
40822 33516
4559 10455
28816 1804
4559 18005
16812 25584
16310 26178
1804 48521
15397 28888
41652 46263
16383 20643
40024 26178
31653 6946
29096 18016
18860 7782
16383 34319
38329 40160
18860 16812
18016 35886
13925 38329
25846 34319
21036 28501
35037 8882
5229 26634
15644 20643
17906 22424
1098 16383
36694 13511
8491 48438
45044 14437
34319 15397
49762 34319
11172 13511
45044 36694
12006 26634
35505 36149
28183 49702
46084 19204
36363 17906
31167 29047
1882 19998
42612 15917
21157 48521
36149 42612
1776 7782
4688 46084
48521 21199
13108 35505
10455 4118
7854 16812
18016 14535
28183 13925
28183 28888
49702 1882
25846 29886
16050 14437
31167 42276
35505 14102
14535 13133
29886 43863
48521 37242
21865 36694
15024 28816
21036 35505
21036 40160
4559 28183
4118 29923
7238 34661
48521 42612
32401 36363
21199 14437
40024 11165
22424 49762
31371 45044
22471 3712
35505 26634
31805 18005
37299 28888
3712 40822
28816 41652
40273 30994
14437 37242
29096 14102
36363 40160
48521 29047
7238 15397
25846 13511
14495 19998
40788 44598
35886 4688
21036 18005
13133 48131
29923 40788
28183 29096
39017 35886
35505 32373
29923 9747
31805 37299
48131 37299
2326 37659
4559 40273
43331 13046
8491 48884
6946 29923
1098 15397
16812 14535
29096 31653
8832 10502
20643 26178
13511 10380
26634 3712
16310 31290
31290 2428
48379 11165
32401 667
10455 35863
1098 5229
32373 4520
31653 14495
7782 4118
14102 4831
46263 29096
6946 36363
15353 34148
28501 6946
26399 14535
4688 38577
48221 48131
40024 32373
21036 1882
4688 21036
16383 4688
34661 25584
48884 39017
42276 22471
33516 48521
49762 39758
10502 38329
13046 40788
6089 32401
6089 16383
49762 26399
34661 15644
14437 41652
28501 9747
15024 21865
1776 21036
1776 40024
26178 40788
5229 40822
28888 20643
40273 39017
1882 10502
4520 49762
13133 18016
31371 15024
1098 12006
31167 39758
1882 36149
18016 40788
45044 31371
34148 26399
15353 15917
18860 28816
2428 48438
41652 7782
49762 43331
21865 29096
11165 48379
19783 667
31805 2326
48221 6946
2428 29886
8882 49702
14437 28183
6089 39017
43863 14437
48884 43863
30435 19204
19204 32401
43331 10502
21157 18016
12006 15644
38329 29096
49762 8832
13511 35863
14464 38577
8882 13133
25584 30994
29923 1804
4118 38329
1882 15917
12006 42612
35037 21199
3712 18016
18005 28816
40385 11172
21157 28888
19998 10502
20643 28501
8882 35863
35505 3712
5986 39758
28888 35037
29047 7782
10502 28183
43863 35886
21865 31805
38577 21036
32373 1098
15917 3712
21036 29096
48884 8882
4831 10380
14437 8882
29886 21157
49762 13046
28816 38329
16310 39758
11172 48379
11172 43745
4559 35886
2326 36694
1098 46084
28501 36694
46263 2428
2428 30994
8491 29923
29096 37242
10455 18016
40273 14437
46084 48884
15838 5229
35037 35505
19783 43331
7854 43331
22424 25846
46084 10380
31653 26178
44598 8491
10502 5229
35037 22424
2326 40160
16310 43331
8832 29886
15917 5986
18860 29886
4831 29047
21865 38577
14464 5229
35863 35886
26399 1882
667 43745
49702 31371
31167 30994
48221 36363
10502 43863
7476 35505
39017 40385
4688 45044
18860 26634
48884 40273
17863 35505
35863 13108
38577 2428
46122 44598
15353 9747
46084 10502
17863 38329
7238 31371
36694 9747
32373 21036
4520 14464
2428 37659
15353 15397
45044 38329
17863 40024
6089 14102
45044 14464
35505 40788
37659 34148
33516 1804
4688 36694
8832 14535
33516 29096
40273 31167
15644 15353
4831 35505
34148 1882
31653 48884
43331 41652
16050 15917
31805 16310
48521 667
10502 29923
20994 37242
34319 13925
15024 19204
6089 22424
49762 1804
42612 48884
18005 25584
20994 36149
7238 17863
5986 36363
48221 38329
10455 11172
18005 49762
7782 29923
14102 4118
3712 4118
30994 14437
7782 31167
19783 32373
13046 43745
28888 22424
26178 39017
10380 37299
37299 40385
4520 21036
1882 46122
28501 43331
39758 48884
11165 15353
46263 36363
4688 40024
5986 15024
40822 20994
8882 14102
18005 4520
36694 14437
38577 34148
9747 2326
4118 15644
36149 48221
21865 35863
18005 4831
45044 10455
31290 38329
29096 17863
32373 14495
46084 26399
18016 17906
20994 35863
15024 40273
48131 40273
37299 34148
5229 28888
9747 48131
48438 31653
14464 17863
13511 43745
48884 15353
8491 40822
6089 4831
2428 19998
28816 49762
32373 38329
4559 1882
15397 17906
29923 49702
5229 18860
21036 35037
32401 15397
13046 20994
31167 19204
13108 44598
40788 4520
13108 40160
16812 14464
15353 35863
42612 45044
43745 22471
12006 7476
13511 39758
8491 18005
1776 38577
21865 39758
14102 40822
36694 33516
29923 14464
31290 1776
31167 32373
35886 13925
16812 43745
42612 1098
45044 1098
40385 48438
46122 36694
40788 667
37299 7782
37659 32401
7238 40822
48884 20994
31167 8882
45044 6089
14102 46122
15917 15838
1882 9747
42276 16812
38577 16310
14464 46263
48521 7238
18016 48521
10380 36363
31167 43331
32373 21865
11172 49702
28888 48221
48521 36694
11165 26178
36363 31371
19998 31167
1882 15838
43745 48884
1882 21199
15397 33516
15838 25846
31167 46122
44598 42276
42276 37299
10455 44598
1776 26634
19998 15024
43331 29047
35037 15353
26399 31371
39017 15838
31371 48131
26634 31167
41652 29923
1098 5986
20643 46122
15353 11165
11172 38577
39758 35886
7854 31290
45044 14495
46263 16310
4118 4559
1098 30994
14437 6946
32401 40024
26634 34148
40273 17863
4520 20643
43745 4688
38329 17863
31805 34148
49702 40160
29923 13133
29923 33516
44598 48131
2326 13511
1804 1098
7782 28888
29886 16050
35886 10380
19204 29923
11165 22424
40024 40822
42612 48221
13108 3712
13046 49702
34148 15838
11165 46263
2326 17863
13133 35505
20643 39017
46263 21865
4559 2326
28183 9747
32401 48379
10502 3712
13511 37299
30435 16050
16383 26634
4688 2428
26399 10380
26634 26399
2326 10455
29923 45044
13046 17863
9747 3712
3712 34661
11172 36363
13046 42276
43863 10502
48379 12006
42612 39017
40788 43331
22424 31653
40273 36694
8832 31653
15838 19998
15397 35886
10502 46122
19204 18016
6946 15024
16383 17863
20994 13108
29923 14437
1882 15644
43745 21036
26178 38577
28501 16310
34148 8832
7782 33516
43745 35037
4520 43331
28183 29923
7476 10502
46084 8491
29886 2326
29923 48379
19998 17906
49702 29886
28888 32401
36149 13108
7238 46263
7782 18016
40160 7854
40273 667
48131 14495
4831 20643
2326 17906
34661 12006
48884 31371
31805 15644
43331 31167
5229 10380
30994 32373
3712 16050
37299 13133
1804 39017
14535 40385
36363 28816
2428 25584
13511 32401
48221 39017
17863 6089
5229 4559
28888 7782
15644 46084
4831 11165
4520 2326
28888 15917
29047 16383
7854 34319
4831 32373
29886 8882
20994 15353
49702 36149
14102 19204
13925 15917
1882 36363
15917 32401
39017 38329
19998 26399
29047 8491
16310 16383
48438 21157
29047 7854
28888 30994
26178 16050
36694 21199
36694 29923
43331 36363
48884 13046
18860 31167
42612 5229
45044 32401
15644 46122
1882 7476
28888 4118
9747 36363
29047 40788
11165 35505
40024 34661
38577 14102
39758 44598
667 20643
5986 6946
16050 21199
4688 31167
31371 1776
14437 22471
11165 19998
30994 28501
2326 40273
29047 40822
43745 2428
28501 10455
14102 45044
16383 49702
46263 1098
7854 35505
33516 32401
29923 40024
35886 667
20643 13511
35886 37659
33516 15917
35505 21036
31653 15397
17863 48221
16383 29923
1776 29923
12006 31167
32401 15024
42612 28183
38577 17863
667 10380
14437 17863
25584 14464
13046 1776
5986 1776
26634 37299
40160 29096
44598 35886
41652 32401
8882 40788
5986 4559
28183 35505
12006 36694
31371 6946
40788 40273
48521 34319
38577 21157
13046 10455
35863 21199
21865 37659
32373 19783
15397 43863
32401 13133
11172 37659
10455 17863
29923 26634
1804 34661
40385 35886
40385 31167
26634 7476
13925 42612
37299 46084
33516 7238
19998 33516
31805 14464
16050 45044
19783 10502
38577 48521
40273 29096
15838 7854
48438 13046
45044 29886
14535 17863
12006 40788
1776 16050
15917 22424
5986 48521
22424 36694
4688 2326
6089 26178
30435 6946
32401 8882
41652 36363
8882 6089
18860 22471
14464 7238
22471 29886
34319 39017
16383 13046
37242 14437
11172 17863
15838 48131
11165 37659
13046 4688
15397 30435
10380 26178
5986 34148
49762 26634
4559 21036
4831 39758
7238 14102
30435 21157
43745 5229
46263 42276
29047 6089
13511 42276
40385 22424
31167 7854
30435 43331
31371 33516
16812 18016
22471 4559
15397 20643
12006 25846
30994 13133
28183 18860
34319 1882
36149 46122
35505 2326
3712 31290
22471 41652
13511 30435
1098 17906
16383 35037
31653 38577
19204 10380
48438 16310
4831 31371
44598 10380
49702 43863
7238 31653
4831 31805
5986 20643
4688 16050
18005 44598
4559 14535
10380 15838
36149 11172
8832 21157
1098 14535
6089 16310
8491 5229
15353 31167
36149 14464
10502 42276
9747 28816
35505 48521
4118 25584
16050 48521
13133 5229
39758 33516
34319 44598
42276 6089
30435 10455
28888 31167
17906 36363
3712 40273
40822 34661
40024 20994
35886 30994
22471 11172
33516 7476
14464 38329
3712 31653
43863 36149
40385 15644
39758 15397
26178 35505
18016 26399
36149 10380
17906 1776
30994 36363
40273 40385
29096 46122
39017 14464
20643 48221
48221 46084
43745 40273
48438 18860
21036 31290
33516 46263
40273 18016
34661 35863
4831 6946
29923 5986
40788 35886
15353 38329
28183 15644
29886 43331
667 18860
4831 8832
34148 10502
48521 4559
5986 21036
37242 48221
20643 21199
15838 46084
14437 7782
29923 43331
37242 17863
13511 21199
31371 4688
35886 1804
6089 19783
10502 36363
1776 44598
4520 14102
15838 35037
49762 39017
37659 44598
36149 16383
14437 13108
13046 37659
37242 35505
1882 40788
26178 11165
49762 36363
40273 9747
19204 11172
48221 14535
10380 21199
15917 15024
17863 32373
36149 34148
11172 13133
32373 30435
20994 22424
36694 39758
5986 46263
2326 21865
19783 48884
40822 40160
10380 17906
15917 46263
32401 4118
37299 18016
15644 21157
38577 4559
28183 42276
1882 11165
20643 15353
19204 22424
48438 32373
13046 36149
8832 16383
31290 14102
9747 26178
20994 21199
28501 38329
34319 8491
7854 18005
25584 22471
29096 48521
1804 12006
11172 7782
38577 36149
35886 8491
13511 31653
17906 2428
16310 4118
18860 21199
39758 4559
37242 28816
34148 16812
49702 46263
20994 19783
15353 40273
40822 20643
7476 6946
40822 14464
14437 4520
42276 35886
16383 21865
40160 33516
667 14535
1776 31805
19998 36363
31653 2326
37242 15353
4559 15353
3712 40024
13133 28501
15397 48221
1804 21199
5229 14495
10380 48379
48131 7238
16383 35886
2428 10455
7238 19783
14535 16050
25584 13511
16310 13925
40024 4688
35886 46263
28888 15024
29096 45044
34319 26178
16050 1098
4559 6089
16310 25846
21157 14437
36694 38329
44598 1776
18860 11165
46122 48131
15644 18016
44598 9747
36363 34661
43331 20643
13133 10380
13925 36363
34148 8491
38329 9747
1098 8491
4688 4118
13511 18860
29047 45044
49762 15644
1776 7854
35886 46084
7238 35037
46122 26634
21036 46122
1776 19998
38329 15353
5986 21157
37242 7476
14464 31371
16383 31371
42276 25846
40822 40788
31167 35886
11172 21865
36363 37659
13046 40024
48884 16383
32401 37242
32373 6089
30435 13511
40822 13046
14495 19783
40273 36149
28501 20994
15838 4520
2326 28501
17906 16383
43331 4831
22471 39758
16383 8832
29886 26178
10380 19998
15353 20643
40160 4831
46263 15353
31371 41652
43331 39758
13108 35037
7476 2326
21199 29096
28888 10502
13511 29096
7238 38577
16310 31653
10380 43745
22471 16812
35037 40273
19783 14437
6946 20643
28501 35037
6946 40822
18005 21865
15353 13108
1882 35886
40385 5229
18016 4831
29886 4688
32401 1804
46122 8832
4118 16050
667 36694
17906 37659
30435 40385
1882 4520
17863 21865
1804 32373
39017 667
46122 48221
26634 8882
22471 40024
28888 16050
46084 38329
32373 42612
10455 35505
40788 22424
31167 35863
22471 48379
18860 42612
42612 7854
13925 40385
29923 14102
1804 31805
14535 49762
40273 8882
40788 40385
14102 1098
43863 29923
7238 35886
8491 20643
7476 38329
25584 4831
14535 48131
40788 16050
1098 26178
20994 13511
1804 17906
29047 18005
43331 14495
35863 26634
15838 13511
40385 43331
39758 21199
14437 2428
46122 37299
48884 38329
4520 16383
34661 14437
16050 28816
48131 35863
14535 33516
5986 43331
37299 28816
49702 31805
20994 1882
13511 38577
36694 4118
38329 48521
21199 28183
26178 34148
20643 2428
4688 39758
21865 13133
15353 10380
13511 46122
8882 40822
33516 46084
30994 21157
5229 41652
29886 46084
34148 16310
17906 19998
26634 17863
32401 14495
48438 667
21865 48131
44598 48379
35037 4118
11172 40788
48221 29096
43863 22424
5229 14437
36694 40024
11172 13046
31805 10380
48221 16310
21036 48438
14102 49702
37299 40273
8882 35886
18860 26399
36694 29886
34661 14495
8491 49762
32373 29886
667 36363
28183 21199
40822 40385
9747 31167
43331 1098
43863 14495
17906 36149
6089 29047
10455 48438
16050 16383
48438 37242
7238 11172
48131 5986
48438 6946
4559 34148
1776 49762
29096 38577
35863 13133
40160 31805
16310 10380
6946 31167
38329 21157
7854 35886
16050 8882
9747 13133
43745 46084
11165 33516
10380 21157
37299 38577
15353 1098
49702 12006
14102 38329
36694 667
25584 35863
19204 15024
14437 21157
4559 41652
20994 6946
32401 16050
13046 16050
39017 40160
16050 31805
16050 15353
31805 26399
1804 21157
2428 7782
7854 39758
26634 35505
31371 18860
42612 34661
15397 31805
22424 15838
21036 14464
48131 29923
17863 30435
36363 31805
41652 29886
48521 49762
16310 29096
22471 15917
18016 2428
26178 40273
1804 49762
17906 43331
8832 15644
31290 37659
13133 1804
44598 37659
15917 32373
7854 20994
36363 49702
12006 1776
30435 1098
15838 14495
15024 46263
37242 18016
25584 1776
25584 4559
29886 2428
8832 49762
32401 49762
16310 7238
36694 13133
4118 16310
22424 21036
13133 21865
40385 31290
32401 11172
21865 25584
7854 34661
25584 16310
11165 4559
33516 4559
1098 48221
40788 48221
13108 38577
7782 34148
34661 4559
40822 8832
29047 49762
16310 37242
4831 8882
39017 1804
8832 49702
5986 42276
22424 13511
4520 32373
4688 14464
18860 32401
35037 48379
32401 45044
22471 5229
2326 49702
32373 40788
13133 12006
48438 4688
667 48884
29047 13133
15644 48438
48131 26399
1098 43745
10455 1098
32373 34661
29923 22424
20643 1776
13511 48221
46122 17863
22471 17863
14495 40788
46122 4688
19783 46084
46084 34661
18860 44598
37299 14464
18016 10455
46122 34148
10502 35886
37659 35505
21157 19783
39758 21865
15397 31653
14464 31290
48521 15024
35037 15917
14464 6946
14464 48521
14437 15644
48221 30435
16310 36149
29047 46084
4831 42612
11172 25846
21199 10455
13108 26634
26178 10380
16310 1098
13108 37299
44598 6089
33516 36694
25584 39758
14464 36149
14102 15838
15917 37242
48221 13511
49762 15397
29096 15353
46263 14102
14102 4520
7476 30435
42612 30994
43863 41652
1882 15397
35505 31653
35886 48884
46084 17863
22424 22471
14535 38329
7238 49762
40788 29047
17863 16050
8882 45044
28183 13133
42612 30435
8882 40385
16812 22471
8491 21865
42612 5986
45044 37659
35505 10455
39017 37299
15397 29047
17863 41652
13108 15838
31290 39017
40822 30435
14437 46122
3712 21199
21199 19998
1804 4118
10455 40788
28888 4559
37659 45044
2326 13133
18016 7782
3712 13108
17906 39758
14102 29096
36149 37242
18860 30435
37299 40160
45044 31805
48379 40273
30435 46084
46122 37659
26178 11172
14495 32401
37659 15024
41652 28501
36694 30994
39017 15353
40788 14464
30435 48221
14535 10455
4831 40160
41652 35505
30994 11165
4520 36694
6946 16812
16812 40822
49702 39017
43331 21036
48221 29047
36149 32373
12006 35505
17906 42276
46263 6946
29047 18860
42612 33516
4118 15353
39017 20643
6089 3712
15644 6089
8491 42612
40160 19783
16050 32401
30994 32401
32373 11165
17863 22471
21036 28183
36694 37299
31290 12006
19998 13511
16383 41652
7854 17863
29886 17863
35886 7476
46263 4118
48884 32401
22424 6946
38577 48131
30994 10380
39017 10455
41652 13046
8882 3712
40385 40160
28501 36149
31167 14535
2326 30435
40822 34319
37299 6089
48521 13108
19783 11165
29886 40273
1776 48131
7782 19783
44598 14102
8882 40273
1804 34319
34148 14437
48379 18016
49702 28888
29096 34148
7238 8491
30994 36149
19998 13108
43863 45044
40160 8832
26178 43863
36149 6089
6946 35505
5986 10502
13046 30994
10380 14102
35886 13511
40822 1098
25584 5986
11165 26634
34661 4520
18016 13925
44598 15838
32401 25846
5986 13046
10380 42612
15644 4688
18860 21036
49762 18005
48131 13133
1804 29886
30994 14535
3712 2428
4118 31805
18005 35505
48379 40822
15917 16050
31805 41652
8882 15353
42612 31371
14437 16812
15917 48438
28501 34319
21865 3712
29886 10502
7782 7476
36694 37659
21036 42612
37299 20643
32401 16383
9747 34319
48221 16812
21157 48884
35037 34661
29096 43331
15644 10502
11165 16050
33516 31290
1882 1776
18005 11165
9747 31653
49762 4688
48521 31167
18860 46084
15353 46122
46084 43745
36363 26178
42612 13925
28183 36149
4520 28816
22471 40273
28183 17906
21157 34319
42276 21199
18860 48521
44598 15397
4559 34319
40024 1776
28888 19783
48221 5986
34661 35505
35037 18005
37242 41652
17863 1804
14495 14464
35037 14495
33516 14495
4118 36149
38329 11172
37242 40160
16050 4559
38329 43745
43863 4831
15838 10502
20994 20643
46122 16050
10455 48884
12006 8832
14102 26178
17863 18005
10455 2326
28888 18005
15397 13511
15397 26178
31371 30435
40385 33516
31653 4520
6089 16812
6946 8491
45044 4118
20994 19998
32401 18860
48521 1776
44598 18860
35037 1804
45044 3712
14102 28183
13046 38577
46263 25846
46084 4688
22471 2326
44598 30435
31290 34148
18005 1776
31167 31805
20643 7238
5986 35037
8491 28888
14464 42612
18860 4118
48221 15917
29886 29096
4559 29886
15838 32401
18860 36363
16050 20994
42612 22424
8491 11172
38577 26634
8882 21865
40788 7476
22424 30435
4520 15644
4118 12006
26399 40822
13108 5229
13925 15838
21865 42276
42276 29886
14102 48131
19783 21199
31167 22424
22471 26399
16383 16310
34319 1776
35863 11172
46122 2428
15917 36694
18016 29923
49702 21157
26399 14437
21036 20643
19204 21157
18005 2326
18860 3712
4559 2428
1882 34319
4520 46122
16310 13511
13133 1098
35863 31167
32401 43745
16383 18005
29047 26178
19998 1776
2326 31653
46084 18005
20643 19783
25846 19204
667 48379
35863 16383
18016 29047
22424 37659
18860 16050
13046 40160
21865 36363
37299 29886
15644 22424
5986 15917
30994 18005
21157 39017
13511 1804
15397 13046
48438 26178
13108 15397
29886 48221
22471 10455
13046 15353
21157 48438
29096 48131
38329 8491
40822 40273
40385 7782
26399 46122
31805 6089
40160 37299
1882 38577
46084 14495
4118 32373
7782 30435
37299 22424
42276 38577
13133 4118
30435 29096
17906 4688
42612 48131
14437 10455
4520 26634
26399 36363
25584 21036
38577 16812
32373 40024
36363 28501
14495 35886
28888 49702
15353 48884
25846 13108
40788 14495
8832 30435
15024 4831
15644 31290
30994 2428
38329 13108
21865 31167
26178 42612
42612 13133
48521 3712
11165 15917
44598 29886
36149 14535
14495 31371
18016 34148
7238 35505
14495 5986
46122 26399
19204 7238
30435 28816
1098 14464
6946 15397
14464 45044
10502 15838
25846 16310
15024 26178
9747 16383
6089 18860
45044 15838
31653 1882
28816 18860
2326 37242
22424 4118
49702 7476
26634 37242
5229 21865
37659 40273
48379 49762
1804 4831
35505 13108
14464 30435
31371 14464
16812 31167
14437 1776
17863 1098
28816 6946
16050 31290
14437 48521
18860 31653
15917 7854
667 14102
28888 32373
31290 30994
31805 18016
37242 34148
18016 38329
16050 19783
49702 14102
20994 15397
25584 40822
17906 22471
16812 15838
4688 40385
4688 35886
28501 39758
31653 32373
17863 19204
19204 49762
7476 16383
6946 1098
10455 2428
14535 2326
34319 40024
14437 43331
42612 40160
7238 37299
15838 18005
37299 35886
31167 28501
667 19204
13511 18016
19204 28183
11172 48438
31167 7782
13046 10380
46122 12006
15644 44598
7854 18860
36363 31167
20994 16050
1098 38329
5229 13925
45044 48884
31290 35863
40788 3712
38577 5986
15838 1098
1882 1804
6089 31653
3712 14464
10502 46084
48221 35886
13133 7782
30435 28501
48884 40822
33516 28183
15838 30435
14535 28183
8882 43745
48438 40788
4520 4559
18005 42612
6089 13925
16050 29096
30994 46263
4520 40160
1098 15353
10455 15397
10502 4831
30994 36694
43745 48221
15838 21036
35505 2428
40160 38577
48379 10455
40024 29096
30994 29047
8882 12006
39017 19998
35886 29047
49762 15838
4118 17906
36363 29886
1804 28816
7476 16310
7238 2326
13046 41652
8832 28888
48438 20994
40788 15353
38577 4118
28816 25846
48521 10380
2428 4559
28816 31290
16310 17863
34319 36149
48131 35037
48438 22424
26634 7782
34319 36363
31805 39758
15644 6946
2428 4688
15397 32401
1776 7238
13046 46084
31290 8832
7238 34148
21865 13046
15838 28501
13925 48884
34661 31290
14102 11172
30435 31371
8832 48438
40024 4831
22471 22424
15397 7238
35505 22471
13511 15397
14464 15353
15024 28888
40788 8491
10455 28888
10380 14535
34148 30994
14437 42276
20994 39017
20994 43863
10502 26399
18005 32401
42612 10455
4559 26178
25846 15024
41652 15917
7854 25846
9747 31290
31167 30435
48884 17906
19998 12006
30435 38577
12006 22424
37659 13046
16812 21199
6946 14437
29923 7782
7238 39758
22471 29047
30994 7782
36149 21199
11172 15024
46122 40160
44598 19783
48379 48521
29886 36149
15644 9747
18860 35037
1804 667
17906 8882
28816 43331
15397 31371
46263 21157
28501 34661
49762 7238
49702 5229
26634 14437
1098 32373
2326 19783
26399 18005
14102 21157
34661 46122
40385 4520
14535 28888
26634 18860
37299 37242
2326 5229
29923 21157
28816 46084
48221 17906
38329 6089
16812 48438
31653 3712
34319 13511
32373 8832
38577 19783
4559 15397
18016 43331
11172 7854
37299 16812
41652 28816
37242 46122
13133 33516
21036 29047
28888 33516
7854 26634
40273 16310
10380 5229
22471 36149
8491 15917
13046 37299
17863 16812
667 26399
49702 40273
8882 44598
29886 37242
7782 40822
4559 33516
21199 40273
39758 6946
49702 14464
1882 43745
36363 25846
8882 26399
1882 18860
40385 42612
16050 7854
35886 5229
39017 14535
39758 26399
44598 7782
35863 4520
13108 4520
667 48521
49762 46084
29096 28816
26634 17906
19783 48438
49702 13046
36363 21036
48379 17863
1776 20643
46122 4559
19998 5986
15838 22471
5229 1776
8491 16050
18860 15838
8882 29047
7782 35886
43863 17863
14495 29047
4118 49702
34319 4520
41652 29096
39758 30435
40822 7476
48438 46263
39758 13511
10380 36694
37242 8882
48379 31653
9747 15024
33516 5986
49702 28183
45044 14535
21199 46084
30435 22424
15397 29923
48438 22471
35037 11165
32373 31653
1098 1882
14102 41652
8832 1098
43331 37659
12006 48379
7238 15917
33516 18005
5229 15024
16383 30994
18005 48438
16050 44598
34319 15917
25584 17906
1882 14437
48438 17906
19204 43745
15024 13925
14437 9747
6946 29047
48379 11172
18005 37242
48131 14102
16310 6946
4559 35037
31290 43745
40385 8832
46263 667
3712 11165
40024 1882
44598 4118
1098 4559
25846 17863
31167 26178
16050 15838
13046 35863
34319 10380
14437 13511
2428 48884
19204 28888
6946 16383
28183 8882
13511 13925
15024 21157
15024 40385
46122 4831
31167 2326
6946 8832
37299 36363
1804 40160
34661 13511
41652 21865
46122 45044
40822 40024
9747 28501
43745 42276
16383 21199
40788 17863
12006 26399
667 18016
8491 31371
20643 18005
21199 36694
42612 6946
45044 13133
7854 15353
20643 3712
41652 19783
31290 13133
31805 29096
46263 21036
32401 35505
15644 42276
31371 29886
19783 21036
16812 15024
49762 30994
18860 5986
4118 31167
10380 3712
36694 21036
33516 35886
19204 48221
8882 48379
49702 2428
32401 42276
15024 18016
18016 17863
35886 18860
16050 4688
49702 48521
40273 1882
14102 13133
15644 5229
11165 14102
36363 33516
49762 31653
42276 33516
40024 14102
2428 48221
41652 18860
13046 29047
19998 16050
45044 2326
37659 49702
22471 37659
30435 29047
29096 4559
18860 8832
31167 33516
16050 43745
11165 40822
7854 32401
13108 4688
22424 42276
18016 29886
14102 26634
40385 25846
21199 13108
10502 14464
17906 29886
26634 13046
3712 26178
15917 28888
36694 7476
46122 13511
22424 17906
20643 14102
10502 21865
31653 8882
29923 37242
43745 15917
17906 26634
14464 36694
1098 40788
34319 22424
3712 19783
31805 7782
31290 35505
9747 4559
28888 14437
48131 46122
38329 4688
11172 10380
36363 36149
7782 11165
42276 42612
26634 32373
19783 42276
7476 18860
42276 48438
38577 43745
21157 44598
17906 25584
21036 16383
36694 4831
3712 4831
18005 42276
31653 28816
13046 36363
19998 10455
34148 48131
16812 8832
29886 28888
16310 9747
44598 29923
6946 7476
36149 1882
36149 41652
34148 28183
30994 19998
11165 15644
6946 37242
13108 40273
35863 5986
1804 13108
12006 28183
29923 3712
42276 21036
19783 43745
15353 1882
17906 10502
37659 14437
13925 11172
39758 20994
43863 29047
33516 34661
46122 37242
31371 21036
43331 40024
4831 8491
44598 8882
20643 38577
8882 13046
8882 15024
30435 46263
40385 48884
13108 31653
48438 35886
34661 30435
46122 13133
40024 19783
1804 2326
29096 32401
31371 34319
37242 36694
29096 43863
48379 30435
34319 36694
49702 48131
25846 2428
7854 40385
30435 15353
28888 6089
46084 11172
19998 13133
45044 31290
40024 4559
14102 9747
37299 32401
4520 2428
14495 46084
4688 18860
15644 18005
43331 10380
34661 1882
45044 35505
14464 43863
6089 43331
31290 10380
28816 4118
21865 19998
30994 37659
15024 16383
21865 19204
12006 1804
48379 5229
21199 37659
43745 18016
30994 31805
31167 12006
40024 13108
14535 15838
15838 667
45044 35863
49762 40024
31371 32401
48521 21036
20643 35505
13108 19783
21199 7476
43745 25584
40385 6089
18016 5986
20994 40385
667 3712
4831 10455
20994 43331
22424 37299
11165 22471
44598 46122
46263 15917
18860 41652
35863 11165
2428 43331
21036 41652
48379 8491
5229 35886
8832 29047
31290 28183
16812 38329
6089 21036
19783 42612
21036 5986
16812 4118
7476 21199
6089 29923
35863 37659
3712 10502
6946 1776
4688 40273
28888 40160
42612 12006
40160 30994
34319 43863
4831 48221
48438 31290
26178 46122
14464 6089
26399 4118
4559 13511
21199 29047
31805 40788
48379 37242
31167 18860
11172 39017
48379 28816
667 43331
17863 36694
41652 30994
18005 20643
13925 48131
28501 28816
31371 1882
28888 40273
36694 16310
31167 35505
30435 36694
42276 1882
40160 21157
35037 37299
15644 48521
3712 31805
10502 14102
39758 14535
29096 4831
26178 15644
4688 9747
49762 10502
16383 28501
29047 1776
8832 9747
19783 30994
48438 36149
28888 29047
38329 15644
26178 42276
10380 22471
17863 4118
43331 48521
2428 28888
34661 11172
10380 28183
29047 15397
4559 17863
20994 17906
40788 2326
39017 46084
14102 20643
29923 25584
40160 36694
31167 36363
22471 18860
28501 16812
4831 2326
11172 16383
13108 8832
7854 10455
46084 46263
39758 40822
22424 15917
29047 1882
17906 11172
2326 7238
49762 16812
35037 32401
14437 13925
19204 17906
2326 19998
35505 46122
40788 45044
26399 34661
48884 44598
48521 21865
41652 48379
7238 39017
31167 48884
2326 40822
29047 25584
37659 13925
1882 19783
40024 35863
49762 49702
26634 1882
48221 4831
19783 9747
26399 19783
3712 49702
8491 1882
22471 29923
15397 29886
5986 14464
28183 1098
28888 38329
5986 14437
37659 4118
2428 16383
14495 17906
35863 21865
48884 30994
18860 37659
35505 30994
1098 48884
49762 29886
2428 14535
11172 46122
13133 11172
13108 40788
35037 35863
15644 7782
14495 26178
48438 28816
34148 49762
11165 37299
1804 11172
38577 7476
25846 28501
1882 28816
10502 26178
11165 29096
11172 39758
15353 7238
37659 25846
26399 4520
28816 9747
17863 49702
14464 8882
11172 42612
19998 37242
15644 40273
13511 7782
34148 7782
15644 29096
40788 39758
25584 22424
4559 29096
22471 2428
16812 46122
21865 1098
16050 19998
21865 4520
31805 39017
35037 8491
8832 35886
34661 11165
31805 7476
13108 14464
15644 3712
29047 40024
13046 28501
18005 22471
14102 33516
37299 43331
1098 18860
37659 16310
43331 35037
13046 29096
35863 29047
26634 16310
26399 35863
31653 48131
8832 40385
15024 7238
15397 19783
14535 13046
32373 35037
34661 48131
32373 43745
14495 15024
42276 36694
6089 28816
18005 7476
7854 30994
34661 21865
25584 2428
7476 31167
21199 14495
13133 15917
39758 8491
40273 28888
35863 13925
16383 20994
22424 11172
14464 40788
2326 7476
26634 29096
8882 26634
1882 28501
32373 28816
35037 43863
21865 14102
48379 18860
48131 31805
48884 34148
18860 9747
21036 39017
13108 29923
45044 14102
31805 34661
46122 46263
40160 3712
667 40822
28888 35863
39017 14102
36363 6089
48131 39017
48131 40024
18016 14495
48131 1882
2428 21199
28816 35863
20994 31167
1804 20994
20643 29886
38577 15644
28816 37659
40788 21199
35505 49702
9747 15917
14102 22424
48131 36363
7782 13133
41652 40385
28183 44598
25846 12006
40822 46084
43745 10455
16812 7476
667 25584
13133 15397
19204 26634
31290 18005
4118 20994
38329 49702
42276 46263
21036 7238
49762 15917
21157 7476
4559 31805
29096 40024
37299 14102
1098 18016
13925 40822
15397 34661
40160 21199
15838 38577
3712 17906
42276 36363
11172 35886
14437 29886
14437 7476
40788 48521
38329 15917
26634 19998
36149 15917
21036 31653
40273 38329
37242 31167
28501 29096
43331 25584
25584 20643
40273 8832
7476 3712
48884 28816
40160 40024
16383 15644
7782 14535
16812 40385
29923 15644
28816 43863
14464 44598
32401 49702
7238 18016
10502 5986
34319 20994
38329 14535
49702 43745
1804 11165
14535 15644
21157 2428
28183 4118
32373 4118
41652 33516
7476 4831
49702 46122
7782 12006
8491 42276
8832 1804
13925 16310
25584 38329
1098 10380
31653 4559
46122 14437
19204 5986
26399 19204
7238 44598
43863 28816
48521 39017
37242 30994
40024 36363
2326 15838
43331 8491
26399 26634
29047 15644
8832 34319
13133 30435
39758 10502
31290 3712
8491 43745
46263 26399
21157 21199
20643 21157
31653 14535
15353 6946
10455 8832
1776 39017
48884 49702
48131 35505
26178 25584
18860 39017
31653 18860
38329 19998
19204 31167
10380 49702
25584 12006
2428 5986
34661 7854
21036 21199
10455 12006
14495 49702
40273 10502
21199 21036
34661 3712
1098 20994
30435 2428
28816 1882
40822 43745
667 9747
3712 14102
16310 31805
37242 33516
36363 4559
28501 6089
35037 4520
15397 37659
48438 3712
39017 37659
26178 19998
1882 35505
39017 30435
48379 34148
48438 14535
14495 40822
35037 6946
11172 4118
48131 28183
26178 37242
34148 31167
44598 26399
48884 13511
6946 13511
29886 14437
19998 31805
39017 38577
32401 41652
17863 37659
29886 40788
30435 18860
26178 19783
31653 40788
26178 48884
1776 37299
43331 15353
22471 15353
30435 14464
43863 20643
34148 20994
19204 40385
13511 22424
29047 5229
41652 22424
28501 8832
30994 15838
33516 30994
5986 22471
667 35505
29923 14495
6946 37299
36363 11172
4520 25846
48884 35505
26399 34319
22424 28501
41652 28888
37659 48221
7854 14102
28501 14495
10380 1776
48438 10455
36694 40385
1882 46084
36149 30994
36694 38577
10502 43331
14464 7782
4831 35037
31167 14437
1776 1882
37299 18860
10502 7238
10455 48379
10502 31371
34148 4559
16050 31371
39017 25846
18005 16310
35505 7854
14535 6089
42276 46084
16812 38577
41652 15024
19783 14495
43331 7238
40024 48379
36363 4688
17863 40160
31805 30435
42276 43745
21199 6946
21199 42276
30994 34319
29886 28501
4559 31290
26634 11172
15838 28183
43331 46122
4118 1804
35505 21865
26399 1098
3712 7238
17863 5229
26634 4831
10455 40822
11172 13925
18016 31805
49762 37299
2428 21865
32401 19783
48884 39758
19204 21036
46084 29047
8832 40273
22424 18860
4520 29886
41652 35886
10455 15353
7782 46084
18860 37299
40273 40024
1804 45044
15917 48884
26178 5986
29923 31371
8882 15917
17906 49702
37299 40024
6089 35037
17863 1882
13925 28183
21199 43863
40160 10455
48131 8832
14464 28501
4831 46084
25846 29096
19998 22424
36694 34319
8832 40822
36149 28816
14102 39758
7238 30994
48438 7854
30994 8832
1804 35037
667 21157
46263 49702
7238 48379
35886 34661
36149 15838
36363 6946
43863 35863
42612 46122
15397 36694
39758 15838
49702 7854
10380 4688
30994 14464
38577 15024
15644 14495
48221 29886
31290 13046
7476 20643
19783 26399
10502 16050
48379 28888
2428 1804
42612 29886
34319 48521
3712 12006
36149 49762
40788 28816
48379 35505
21036 4688
29886 37299
1098 22471
20994 7238
35886 15353
36363 1882
1098 7854
42276 14102
14437 15917
14464 22424
16050 29047
26399 6089
667 1098
46263 32401
48884 49762
26399 43331
42276 29047
35037 48131
48379 1804
40822 22424
48379 7782
15397 16812
48379 16812
28888 11172
7476 14535
37299 10455
4559 16812
40273 19998
31653 20643
1804 31653
8882 46263
14464 18005
48221 4559
22471 5986
46122 40822
49762 15024
13925 14102
29886 4559
1804 13046
20994 10502
667 28501
29923 8491
8882 18016
14495 15353
17863 26178
8491 13925
5229 35505
4688 29923
44598 28501
34319 16812
28888 29923
36149 38329
5229 15644
13108 15024
33516 10455
7782 28501
4559 46084
20994 35505
22471 28816
34148 7476
48884 19783
11172 48521
25846 38329
22424 38577
11165 39017
30435 42612
40822 48884
42612 37659
4118 40788
34661 9747
37242 32401
6089 7854
28888 40024
38329 13046
16812 29096
36363 16310
14102 38577
7476 1804
30994 30435
8491 26399
12006 21865
34148 38329
48521 14495
43331 46084
40788 15397
36149 15353
43745 40822
8832 18860
39758 48379
10380 15644
43863 42276
35886 28183
49702 17863
8491 1098
14437 40385
21157 1882
31371 21199
28816 2428
30994 48379
31371 34148
26399 34148
10455 37659
8832 15024
33516 28501
31805 13046
28816 25584
22471 15024
28501 32373
14102 35886
30994 4559
46263 11165
46084 37299
39017 8882
26634 32401
5229 22471
10455 34319
7238 35863
32401 17906
25846 43745
48131 48379
7238 17906
21157 22424
31805 40385
15917 33516
28501 21036
6089 35886
43745 37659
43863 22471
13046 7238
49762 29096
5986 20994
4831 26178
4559 32401
28888 2428
48221 32401
48438 28501
31653 15024
4688 5986
11165 48221
38329 36149
38577 26178
7476 31805
5229 39017
28501 7782
9747 5986
14102 30435
19783 46122
1776 18016
16383 43863
34148 15024
2326 39017
6089 667
35037 15397
36694 35037
37299 4118
48131 14464
6089 16050
1776 16383
29923 48131
40822 14535
18005 26178
18005 28888
667 28183
34319 18860
40385 31653
28183 48379
37659 15353
15397 37299
13108 35863
1098 40160
31653 19998
11172 21199
9747 13511
7854 25584
15917 28816
21199 42612
35863 10380
36363 25584
35037 46084
14102 30994
38577 40822
12006 10502
13511 48438
16812 6946
16050 13133
19998 29923
9747 34661
28816 5986
14464 15644
29886 13046
2326 33516
8882 49762
2326 32401
15917 16310
28501 31167
11172 15644
35037 14102
40160 16310
4118 43863
36694 31371
26634 34661
11172 30994
38329 26178
11165 9747
15353 42612
18005 17863
33516 17863
4559 42276
2428 26634
30994 31290
15024 34661
42276 12006
1882 2428
8882 38329
11165 21157
21199 20994
34148 39758
49762 13108
4559 20994
48131 44598
35886 40788
26634 18005
14102 31371
16383 19783
5229 46263
4520 17906
28888 25584
34319 2326
5986 16050
31653 36363
43863 2428
14535 4559
15917 29047
15644 41652
18860 40822
4831 31167
40273 37242
26634 40385
6946 40788
11165 19783
14535 13108
20994 11172
43745 37242
8882 4559
29923 31290
40822 21865
43745 4520
28888 14535
46084 36694
13511 22471
44598 13108
36149 37299
5229 22424
48521 28888
15397 11165
14464 43331
40788 19998
11172 14464
4559 37659
30994 40788
40273 25584
10380 22424
10502 8491
40160 40385
5229 25584
20643 11172
17863 37242
7476 18016
29047 13511
40822 26399
29923 4520
35505 5229
36694 4688
44598 12006
6946 49762
34319 34661
29886 4118
11165 14437
21865 11165
36363 46084
5986 31805
26178 4831
16812 11165
46263 2326
40788 18016
43863 7476
9747 43863
15644 40788
15024 16812
31167 49702
39017 39758
16812 4559
38329 14437
31167 18016
49762 37659
1776 33516
48131 18016
31805 25846
18860 6089
14102 14535
40822 16383
16383 14437
40385 17863
8832 15838
48521 13925
15397 30994
21199 36149
13133 16383
49702 15644
34661 43863
14535 30435
37299 3712
44598 36694
48131 46084
36149 31167
7476 6089
31290 46084
36363 35886
12006 29923
15917 10380
15838 31653
3712 14535
31653 4118
21036 667
26399 40385
11165 1776
5986 18016
34319 6946
16812 35037
21865 26399
22471 4831
29096 16050
34661 30994
12006 44598
32373 26399
40273 15917
16050 667
26634 35863
35863 14535
35037 14437
15838 31805
14464 2428
14464 4118
40385 20994
39758 22471
48884 10455
20994 30994
11172 22471
40822 48221
38329 16050
10455 34148
35863 25584
15024 35505
42276 21865
29047 48221
48438 17863
14437 32373
22424 40273
48131 38577
40024 26634
1098 7476
6946 18860
34661 15024
30435 48884
8491 49702
48131 13108
11172 29886
48884 42612
18860 13511
18860 49702
13046 25584
1098 22424
28816 16812
35863 35037
29047 13925
49702 10455
3712 38577
16383 35505
14495 9747
34661 28816
42276 38329
40788 26634
22471 667
31653 22424
49762 31805
10455 17906
31167 48438
36149 40273
16050 42276
25584 25846
28183 21157
10455 26178
4559 43745
36694 19783
15024 4520
31371 13511
40024 42276
39017 10380
18860 39758
31805 8832
14535 8882
22424 21157
49702 38577
48884 8491
39017 9747
28501 15644
44598 18016
10380 39017
21036 49762
49762 33516
18005 40160
2326 21036
46263 40385
40788 14102
9747 37299
4688 4559
31805 13511
36363 21865
22424 48379
7476 49762
1098 15024
32401 5986
42276 1804
49702 667
15397 38329
13133 2428
40273 37299
39758 20643
17863 19783
35037 46122
18860 28888
7476 11165
13511 667
37242 1776
1882 6946
49762 2326
22424 29096
2326 20994
7476 17863
40024 35505
40160 2326
26634 34319
6089 34148
33516 29047
3712 15644
7782 2428
15917 34661
14464 15917
11165 20994
13133 37659
11165 17863
4118 29096
32401 40788
8491 37242
14495 7238
22424 14464
19998 45044
31290 7854
11165 13511
10502 12006
18005 19998
11172 18016
26178 15024
4559 14464
16050 26634
12006 14437
7854 46084
14464 7854
19998 22471
16050 10380
45044 29096
4118 35037
12006 48221
43331 21157
40788 13925
32401 6946
40385 19998
28183 19204
22424 29886
21199 5229
8491 38577
35505 667
42612 26178
6089 13511
38329 35863
1776 4118
19204 13925
8491 2428
8832 19783
31371 7476
28501 34148
15838 29047
35037 18016
15917 8832
37299 31167
39758 1776
6089 36149
1098 28183
43331 28888
31805 48131
11165 10502
42612 20643
16050 5986
22424 1776
49762 1882
15644 2326
19204 33516
40822 1804
28183 4688
46122 1882
35505 16050
15397 1804
35505 28183
39758 34661
9747 20643
22424 21199
43863 34661
1776 667
20643 44598
40788 20994
10502 14437
28888 36149
34148 29886
49702 40385
1776 28816
45044 13108
37659 48438
7854 35037
8882 16050
48438 1776
16050 25584
28501 4559
40385 6946
43745 34148
14464 35863
15397 35505
42612 39758
29047 36363
28501 8882
33516 36363
26178 21199
14495 43745
29886 16310
48521 22471
19998 18016
35505 4118
15917 8882
15917 17863
46263 19783
31805 21157
36694 7238
26634 40822
5986 2326
34148 18005
21865 17863
38577 20643
36694 1776
22424 36363
22471 48521
15397 36363
7476 22424
25846 15917
43745 21199
14437 21199
39758 14437
9747 31371
42612 40385
25584 28501
5229 40273
38577 16050
8491 667
43863 32401
43863 19998
35863 48131
18005 14102
8491 4520
10455 13108
28501 31290
4688 13133
13511 9747
1776 35863
17863 14495
40385 46084
42612 35037
43863 6089
34148 2428
26634 16050
43745 22424
33516 3712
1882 16383
4831 48131
14437 48131
31371 36149
7238 29886
28501 7476
13925 40788
667 40273
38329 22471
40822 36149
9747 34148
16812 21036
35037 29047
28501 29923
16383 40822
2428 35863
4559 36363
21199 45044
12006 20643
6089 46122
15024 37299
21036 7854
17906 45044
15838 37242
7782 2326
21157 13046
36694 3712
46263 31805
4688 37659
12006 31653
36694 40822
48438 1804
17863 45044
14464 667
19783 29886
49762 25584
48884 4688
40822 13511
22424 35863
10502 48131
31805 10502
46263 16383
48221 9747
40822 14437
11165 16383
13108 42612
21865 4831
39758 36363
32373 31167
34148 4688
43863 37299
40385 31371
31167 15024
42276 15353
35863 35505
48438 38577
31805 2428
12006 40822
31653 19783
28183 6089
41652 5229
42276 667
44598 38577
19783 16050
21199 48379
13133 28888
29096 16383
31290 26178
19998 19204
34148 35863
48221 28816
34661 22424
38329 35037
4831 18860
35037 7476
43331 16310
18860 14464
30994 9747
20994 37659
26634 13108
40273 15353
13511 49762
13133 14535
7238 43745
42612 42276
48521 29096
13108 22471
28888 36363
38329 18005
35037 48884
40024 21865
30994 34661
19998 20643
1804 1776
16310 8832
22424 20643
1882 31805
21865 44598
4118 25846
14535 6946
21199 49762
32401 40385
1098 20643
8832 12006
48131 15024
15917 21036
32373 19204
38329 21036
38329 4559
40822 8882
32373 30994
31653 49702
10455 48131
32401 13925
25846 1804
40273 15644
10502 48438
44598 20994
18016 16383
4688 28816
15024 4688
15917 43863
9747 28183
7782 43331
7238 13133
35863 14495
49702 7238
26178 12006
11172 13108
31167 34148
10380 15917
1776 5229
44598 13046
43331 8832
25584 37242
42612 21199
19204 14495
31290 13511
40788 28888
37659 21199
43745 46122
46122 34661
48379 21199
16050 14535
14102 29047
35037 19998
8882 42612
1882 13511
1098 29047
5229 21199
29923 4688
48379 25846
25846 21157
4520 10380
11172 29923
43331 31805
18860 35863
13046 48884
2326 14495
22471 30435
4520 30435
48131 40788
36363 7854
34661 21036
30435 30994
7854 48131
36363 4831
36149 40024
9747 32373
18016 16050
35505 21157
29886 5229
35037 40160
40160 26634
7476 26634
29923 46122
7854 14495
48884 15917
15397 10502
14464 40822
41652 40024
36694 29047
15917 7238
13133 3712
2428 42276
7238 22471
1098 16812
12006 30994
10455 31653
35886 22424
43745 40024
40385 26399
40160 1804
48379 2326
43745 29886
28888 11165
25846 20643
29096 14535
33516 15024
29923 32373
1098 43863
31653 6089
6089 30994
19204 32373
22471 8882
16383 37659
46122 38577
18016 28816
38329 2428
14464 31653
35863 8882
26634 40788
40385 28888
14437 16050
29886 13108
15397 48438
667 4118
39758 40788
1804 46084
4520 36363
14495 48221
31167 13511
40788 14437
7238 26634
30994 43745
22471 38329
31290 1804
8832 42612
36149 39017
44598 34661
14437 43863
36149 49702
16050 34661
42276 2326
42612 14102
17906 12006
16383 43331
48131 37242
16383 10502
26178 32401
22471 13108
8832 21199
37242 38577
43331 37242
44598 3712
13925 1804
35886 6946
8882 2428
6089 25584
18860 49762
7238 18860
21157 4118
35863 46122
35505 7782
20643 28888
7476 46263
32373 21157
42276 21157
40385 19204
37242 42276
46122 21036
17863 31290
5986 37659
29047 16812
37242 20994
31653 2428
40822 28183
35863 667
19783 11172
30994 15397
10380 30994
30435 34661
10380 8882
29096 35505
15397 22471
14464 16383
43863 20994
41652 34319
19783 39017
29047 15838
7854 4831
48379 10380
15917 37659
34319 31371
40385 1098
4118 49762
48379 13511
48521 14102
48438 42276
4559 14437
35863 14437
31290 43863
28816 7238
19783 12006
44598 40385
26634 5986
41652 28183
22424 19783
21157 10455
35886 25584
25584 4118
1776 19783
10502 48221
40024 30994
46263 17863
16310 18860
40160 28816
32373 40385
32401 48131
34661 42612
19783 28501
45044 16310
13925 16050
32373 46084
16812 11172
9747 35037
31290 45044
17906 7782
7854 13046
48884 29047
15644 17906
40160 46122
14535 7238
22424 2326
1776 30435
26634 14102
13925 43745
13511 10455
667 35886
15917 43331
34148 21865
13925 37659
37299 31371
21865 40024
28888 17906
29886 11172
14535 45044
26634 18016
48521 43331
2326 48379
28183 45044
16812 4831
7238 40024
667 48438
34661 36363
41652 21036
21157 43745
46122 28816
29096 46084
14437 30435
13108 48521
40273 1804
6089 33516
25584 13046
31167 15838
46084 19998
37299 667
21157 31805
15024 25846
37299 10502
16383 32401
28888 4688
38577 22471
11165 21865
38329 37659
14495 30435
30994 10502
21157 13511
40385 28501
3712 42276
16310 32373
2428 15644
4520 32401
49762 43745
4520 15024
40160 32401
43745 15644
22424 5229
33516 4520
29047 43331
2428 37299
25846 37299
35886 35037
48221 2326
48521 46263
15024 48379
6089 17863
40788 9747
4559 39017
45044 43745
7782 4831
20994 28816
33516 14535
41652 14437
15353 16812
16383 34148
39017 48438
21199 8832
16050 11165
5986 48438
4831 14102
5229 31653
34319 11172
39017 4688
4520 6089
39758 30994
18005 14495
6946 37659
10455 40273
39017 41652
1776 2428
14437 29923
4520 7238
8832 19204
25584 29096
14437 26178
21036 4559
48221 40273
38577 6946
4688 19783
39758 17863
35037 40788
49762 40160
40385 43863
13046 30435
14535 48379
35863 13511
8832 17906
36149 6946
26178 28183
26399 6946
29923 20994
38577 31167
20643 36363
37299 32373
18860 19204
2326 4831
31371 31290
37242 40822
4688 10380
48884 37242
16050 31653
22471 40385
36363 1776
15024 15838
19783 3712
5986 10455
10502 13511
43745 10380
20994 48521
8832 1882
16812 15397
40160 667
1882 4831
2326 8832
40822 5986
9747 37242
35886 21865
10380 40024
6089 9747
37242 37299
16310 48521
16050 1804
35037 31371
48521 19204
39017 1776
21199 34148
42612 15353
20643 40160
11165 19204
21199 1098
4688 20643
28501 46263
35886 34148
25584 43331
25584 34661
19783 31805
8832 37299
29096 7238
6089 40160
39017 7476
43863 28501
19204 35037
5986 667
14535 31805
29096 1804
19998 14464
13511 42612
14464 9747
48884 22424
19998 4831
21865 34148
48221 25584
31167 37299
14102 13511
26634 22471
35863 30435
26634 46263
7782 29047
14437 1098
28183 30994
33516 30435
34148 31371
5229 7854
14464 1882
31371 14535
44598 34319
16383 38577
43863 7238
34148 15644
40385 32373
4831 40385
31371 15644
15917 21865
18005 8491
29047 39758
10455 25846
32401 10380
26399 21865
33516 35863
33516 15353
35505 26178
40822 4831
13108 31167
38329 43863
13133 6946
40024 3712
46263 20994
42276 4520
18860 13046
37242 9747
22424 7854
667 40385
17863 39758
30435 35037
28501 15917
30994 11172
8832 43863
29047 46122
25584 32401
1776 4831
10502 37299
36149 14495
34661 4688
13133 4688
43863 3712
36694 22424
7854 1776
36694 41652
31290 19998
40273 14464
1776 31371
40788 46263
29923 26178
31653 31290
36694 35863
48131 42612
1804 42276
38329 31167
48521 41652
25584 31290
44598 29047
48131 2428
4831 2428
1776 16310
7782 31371
31653 16812
22424 13133
13925 2326
37242 21865
7238 49702
40024 9747
36694 39017
21036 31167
7782 22424
37659 7476
46122 19783
17863 28816
49702 13108
1804 38577
17906 34661
43331 36149
42612 4520
8882 14495
41652 1776
14495 37242
15397 15644
15838 49762
26634 45044
29047 31167
42276 15838
40273 2428
5229 28183
40273 15838
28183 21036
13133 39017
31371 39758
2326 28888
48221 10455
40788 21865
18016 15644
10502 17906
46263 43745
48438 25846
1882 18005
33516 37659
30435 1804
43331 2428
48884 36694
7476 7854
40822 21199
21036 26178
40273 19783
21036 37242
14437 13133
37299 38329
19998 35863
30435 1776
48379 35037
35505 15024
38329 48379
35505 29923
13046 4559
28183 40160
1804 18860
43331 21865
45044 32373
36149 7854
37659 29886
1804 46263
37659 12006
16310 35863
5986 6089
35037 40822
26399 31805
21157 16383
46263 37299
37242 29886
38329 34148
14102 667
45044 35886
49702 25584
33516 26399
5229 4688
14102 39017
45044 7782
30435 40788
13511 6089
20994 38577
15024 42612
21865 16383
15024 7854
26399 5986
22471 35037
1776 49702
10502 34661
17863 26634
36694 21865
2326 38329
14464 20643
29923 42612
13108 21157
22424 49702
11172 31805
37299 48521
46122 49762
14535 26399
32373 29096
33516 15397
12006 4118
13511 15917
41652 26634
48131 10502
18005 37659
37242 46084
31371 17863
15917 4559
13925 29923
29886 14464
15917 14535
36363 46122
48221 15397
5986 31653
1804 26399
49762 35505
19998 7782
11165 31167
48438 19998
4831 14535
16383 15838
45044 30994
22424 43863
29923 2428
13108 18860
49702 34319
1882 3712
15644 14437
13925 18860
4520 9747
10380 43863
40788 18860
25846 15644
2428 32373
6946 20994
18005 21036
19204 40788
37299 25846
26178 45044
41652 31371
18005 15644
36694 8882
1882 8882
667 15838
43331 34148
40385 29923
11165 8832
43863 8832
34319 19998
21865 4559
13046 32373
15397 14102
9747 2428
39758 31653
28888 6946
40788 7782
10380 48438
13046 19783
5229 18016
36149 32401
17863 34661
11165 25584
8832 15397
6089 15644
16812 14495
35505 1098
4688 17906
34148 20643
31653 10502
3712 1776
36363 13133
15917 4520
16050 48438
17906 34148
34661 31371
5229 31371
7782 32401
43331 29886
37299 17906
44598 15917
34661 35037
25846 16812
39017 15917
19998 21865
9747 14495
40160 31371
38329 21199
45044 1882
18016 4520
16383 21157
16812 29923
48884 12006
2428 7854
5986 1804
6946 22424
6089 42612
43745 7476
1098 13925
45044 15917
29096 29923
35863 48379
18860 4559
15024 31167
17863 31167
34148 11165
39758 49702
34148 42612
16812 1776
25846 21865
2326 18860
2326 34661
3712 30994
26399 28501
7476 34661
15838 26178
2326 21199
34319 35863
39017 4118
40822 1882
28183 38329
31167 34319
18860 16383
40385 22471
28888 40385
35886 35863
13133 14495
20643 20994
8491 26178
2326 4118
28816 4688
13108 34148
45044 12006
30994 33516
35863 45044
34319 46122
34148 42276
6946 30994
39017 48131
48438 29886
8832 29923
35505 9747
48221 1098
18016 16812
14437 29047
25584 19204
29047 35863
31290 6946
13133 48521
13133 8882
48379 14437
29096 5229
35863 38577
49762 48131
39017 36694
21865 16812
19998 10380
21157 37299
45044 46122
32373 7238
21036 19783
7476 45044
26178 4559
48379 28183
1804 32401
28183 5229
37299 26178
15917 18860
26178 49702
28183 28501
46263 26634
4118 15838
14102 35863
48131 4688
48131 26178
13511 33516
31167 13925
40822 4688
38577 1776
29886 30994
14535 46263
40822 35037
29096 21036
16812 34661
29047 10502
26399 48131
28888 43331
43331 18860
4520 14535
37659 15644
1882 30435
48131 34319
18016 45044
29886 31167
21036 8832
40385 12006
10380 14437
40160 34148
13046 48131
35505 31371
36694 48521
39758 13925
40788 13046
31653 28501
14535 21199
29096 20994
10502 1098
1776 45044
34319 4118
10502 42612
1804 29096
19998 11172
4688 26178
11165 43331
15917 43745
48521 5229
7782 10380
14102 2326
25584 19998
21036 37299
16383 1804
40273 7782
37659 17906
49762 20994
13925 29047
38577 40385
34148 16383
26399 43863
13133 7476
16310 29886
4831 7854
49762 31290
29047 7238
16050 15024
39758 34148
4520 11165
29047 10455
10502 20643
5986 29096
31371 38577
36149 4520
34148 37299
10502 39758
45044 15353
49702 43331
16050 14464
34319 29047
5986 36694
16812 13925
36149 48884
18860 8882
29096 5986
21157 17906
17863 35037
5229 3712
4118 7238
48379 31290
48379 48438
17863 11172
48521 48131
26634 7238
4559 34661
42276 18860
36694 31653
7854 9747
43863 14464
8832 19998
34661 34319
7476 14464
28888 37299
10502 1804
1804 13133
33516 29886
7476 35886
18860 48884
48438 40385
43863 6946
46263 19204
7238 38329
32373 16383
10380 2428
40160 39758
10455 43331
6089 22471
48438 18005
7238 43863
21865 38329
8491 31290
15024 29047
40273 46263
36363 14464
10455 18005
1882 49762
36149 29886
22471 36363
31167 5229
48131 17863
16812 26178
5229 15353
37659 2428
34319 7854
46263 35505
37242 3712
28183 39017
19204 34319
16310 48884
31167 1776
40024 40160
14495 4831
14464 17906
38577 10380
42276 48521
22471 31805
1882 32373
16310 16050
34661 36149
3712 25584
13925 667
34148 14535
25584 20994
40385 21865
9747 37659
1882 16310
20643 1098
8882 19783
32373 36149
48884 13925
13925 7238
21036 22424
15838 3712
14535 28816
37299 15353
667 8882
20643 8491
42276 3712
40273 10380
31167 40024
13133 16812
15838 29923
4520 26399
43863 19783
29047 26634
48221 42612
19998 6089
43331 40160
31371 37242
8491 15024
29047 17906
6946 31805
3712 4688
29886 29923
1098 40822
18016 4118
4688 48131
4520 33516
17863 35886
4831 21036
38329 28888
39017 4831
9747 46263
21157 15644
34319 41652
41652 31290
26634 31653
13925 14535
7782 19204
7782 15024
14102 42276
45044 19204
26178 34319
21199 1776
4118 41652
2428 15838
39017 22424
8882 15397
21036 17906
13046 7476
38329 4118
31805 44598
46084 49762
10502 11172
41652 34148
25846 2326
14495 29923
17906 6089
26399 21199
33516 13133
42276 48884
44598 43331
38329 34661
46122 8491
48438 14437
36149 29923
34148 4831
48379 43863
37299 14437
48131 35886
1776 11172
17863 48131
7782 10502
33516 43863
46084 40160
34319 5986
10380 4831
35505 29047
21157 8832
12006 14495
31371 40385
21157 20643
35863 1882
26178 36149
48221 43331
14464 14495
39758 17906
15353 13133
37659 28888
2326 42276
26399 35037
39758 18016
16812 10502
34319 33516
7782 42276
26178 40385
35886 25846
37242 31805
26634 31805
1776 4520
7238 8832
11165 28816
29047 28816
14437 4831
40160 46263
11165 34661
34661 8832
38329 32373
35505 8491
38577 13133
34319 21036
7476 31290
16310 10455
28501 26399
25846 29047
10502 19783
43331 35886
14437 11172
21157 5986
48438 11172
20643 15917
38329 28501
31371 17906
13925 31805
26399 46084
25846 4688
48884 37299
10380 25584
22471 43745
12006 40385
18860 35505
14535 9747
22424 15397
37659 21157
19998 37659
6089 36363
35886 16812
31653 45044
5986 28183
38577 14437
21199 7782
9747 40385
15917 49762
8882 18860
28183 1882
34319 35505
4831 36149
11165 20643
32401 25584
1776 12006
33516 44598
29886 15644
36149 45044
