523
12756 8613
436 19452
19289 39236
23160 33118
31246 10901
36695 21704
47421 8459
4986 10463
4420 49746
39236 6206
49746 8459
30576 24648
25796 10901
7259 33601
47512 43126
42421 19712
23160 47421
19712 6272
36695 47306
436 23160
37295 28521
4986 39236
39680 37953
23340 23160
25796 10463
21704 43126
30562 37953
39680 46664
6206 33118
30562 39236
4986 12756
28909 436
49746 28521
1945 33118
39680 19712
10901 39680
6206 12756
8613 33118
47512 8459
8613 12756
25181 46664
25181 30576
22270 436
4986 10901
28521 47421
1945 39236
12756 4986
10901 4214
42421 23340
46337 23340
10463 31246
47306 19712
36695 30562
19712 24648
46664 29533
30562 33118
10901 30562
23160 10901
8613 36695
7259 49746
4986 46664
19289 31246
39680 25796
29533 30576
8613 19452
33118 34650
39680 24648
10463 19289
25796 1945
36695 25796
23340 19712
1945 37953
21704 8613
33601 4420
47512 46664
1945 4214
25181 4986
30576 19452
33601 10463
4214 19289
33118 6206
46664 19289
24648 25181
7941 24648
18940 47421
47306 18940
30576 18940
19712 10901
39680 13
1945 10901
30576 33118
19712 29533
33903 12756
25796 33903
19452 39236
4420 8459
19712 26558
6206 33903
25181 6206
1945 33601
34650 39680
18940 33903
24648 4214
43126 47421
7941 34650
19289 4986
47421 19452
33903 34650
13 23160
42421 37295
47512 39680
37953 18940
436 4214
33903 46664
21704 39236
7259 28521
39236 4986
31246 18940
19452 26558
8613 47421
436 10463
4986 47306
28909 37953
26558 4420
4986 26558
19712 6206
31246 24648
10901 8459
33601 25796
49746 1945
31246 25796
4986 33118
33601 23160
16329 22270
26558 6272
16329 436
46337 23160
39236 436
13 33118
33903 30562
7941 13
1945 47421
7259 8459
1635 46664
4420 33601
25796 19712
28909 4214
31246 46664
30562 46664
6272 4214
28909 46664
47306 1635
1635 37295
18940 7941
47421 39680
8459 19289
26558 46337
43126 30576
19452 28521
49746 33601
39236 19452
37953 12756
43126 8613
4420 22270
1945 13
26558 47306
37953 31246
31246 16329
49746 4986
23160 46337
29533 33118
28909 12756
29533 22270
37953 8459
39680 47421
22270 49746
33903 43126
46337 47421
10463 30562
39236 47306
1635 46337
39236 13
1945 39680
46337 28521
34650 30562
10901 19289
30562 19289
33118 28521
21704 28909
28909 33601
21704 436
39680 19289
43126 19289
19712 4420
4420 6206
36695 19289
24648 26558
24648 7941
4986 36695
4986 23340
4214 36695
33118 7941
46664 4214
7259 23160
31246 6272
25796 22270
23160 1945
8613 23160
7941 12756
22270 4986
21704 4986
30562 47512
28521 436
29533 7941
43126 7259
37295 10463
10463 24648
28521 1945
13 6272
1945 19289
25796 6272
6206 4214
34650 46337
46337 13
436 1945
16329 43126
37953 24648
1635 10901
7941 21704
21704 16329
28909 19712
23340 49746
24648 1635
10463 6272
25181 36695
6206 23340
436 8613
6272 36695
8613 30562
29533 43126
18940 47512
1945 34650
34650 4420
47306 46664
43126 33118
8613 43126
436 1635
47512 7941
23160 7259
436 43126
30562 33903
37953 7941
26558 1635
31246 8459
30562 6206
1945 18940
24648 6272
6206 25181
18940 7259
13 29533
28909 21704
7941 36695
36695 39680
4420 28521
31246 4214
19712 33601
25796 43126
23340 13
7259 22270
18940 4420
1945 31246
18940 4986
37953 30576
23340 436
29533 33903
7259 47306
33601 19289
31246 29533
12756 21704
12756 46337
46664 7259
37295 46664
42421 10463
33903 7941
28521 8613
4214 34650
22270 47512
33903 1635
25796 7941
47512 25796
26558 28909
23340 25181
23160 28909
33903 6206
19712 7941
21704 39680
25796 26558
28521 42421
19289 47421
43126 25181
33118 33903
7941 28521
46337 39236
21704 46337
28521 4420
33118 10463
39236 49746
8459 436
31246 30562
10901 29533
12756 25181
8459 46664
10901 8613
24648 42421
33601 28909
22270 30562
46337 19452
22270 42421
4214 33601
26558 7259
29533 49746
24648 19452
10901 33118
39680 22270
18940 49746
36695 8459
7941 30576
4214 46664
19712 436
4986 7941
28909 47512
34650 12756
29533 8613
25796 12756
30576 19712
47306 436
47306 37295
18940 37953
47512 19289
8613 25796
42421 7941
13 46337
23340 33601
49746 6206
28909 25181
28521 33601
26558 4986
34650 1635
10901 46664
10901 37953
39236 23160
1945 42421
47512 21704
25796 18940
19452 19289
436 8459
47306 23340
46664 39680
1635 31246
23160 8613
33903 436
25181 47306
42421 25796
33903 26558
19452 6206
12756 26558
31246 34650
37295 22270
8613 6206
42421 28909
46337 30562
4986 46337
7259 33903
42421 436
28909 42421
30576 22270
33118 42421
23340 24648
7259 8613
30562 25181
29533 18940
4986 18940
39236 33118
42421 8613
13 47306
33601 34650
25796 36695
30576 21704
19712 10463
23160 6272
36695 16329
4986 25796
19452 46337
23160 49746
36695 436
33118 8613
13 26558
6206 28521
24648 46337
23160 6206
34650 28521
22270 34650
6206 436
29533 25796
21704 47421
6206 30562
33118 39236
7259 39236
13 7941
47421 46664
6272 39236
7941 4214
46664 47512
33903 23340
18940 42421
24648 16329
46664 436
4420 13
47421 4420
10463 23340
23160 4986
21704 25181
33118 47421
12756 37953
47512 6206
43126 30562
26558 4214
25181 10463
10463 10901
436 42421
49746 37295
39236 47512
4420 10463
4214 7941
8613 31246
25181 23160
4214 37953
36695 7941
6272 21704
7941 33118
31246 46337
36695 1945
436 19712
23160 12756
30576 12756
23340 8613
21704 6206
436 28909
33118 23340
12756 22270
12756 34650
23160 25181
1635 6272
23340 46664
30562 30576
33601 1945
8459 47306
39236 8459
47512 28909
19289 19712
49746 8613
31246 1945
1945 28521
46337 24648
19712 47306
21704 29533
37295 43126
1635 30576
46664 13
30562 4986
33118 21704
4214 30562
4420 7259
30576 33601
21704 13
36695 10901
6272 19289
19712 23340
436 18940
18940 8459
19289 39680
6206 33601
4986 30576
49746 6272
4214 25796
42421 31246
13 39236
46337 7259
4214 24648
28521 19712
39680 34650
49746 12756
47512 42421
46337 1945
7259 46664
33118 30576
34650 4214
26558 39236
47421 36695
12756 4420
30562 436
21704 25796
16329 30562
16329 1945
7259 19712
7259 6206
37953 1945
8613 10463
8613 19289
49746 18940
10463 42421
46664 31246
19452 24648
43126 16329
26558 18940
7259 16329
6206 1635
39236 43126
47512 18940
10901 28909
46664 4420
4420 19712
16329 33601
