821
28705 47732
1915 14943
401 19826
33290 43326
48770 28705
43041 8010
2926 25804
42285 32256
36011 28705
48770 23738
33290 32212
7463 30613
39703 39165
44811 20180
41068 14943
21875 26191
23738 7463
47140 23738
48770 39165
21875 41068
12072 21875
1818 11603
7052 8010
26191 13034
33290 7463
28705 41068
19826 36011
14943 47140
36011 13034
34282 7052
12072 13034
49026 36011
48361 2926
8010 47140
48361 49026
1818 25804
27741 21875
49026 7052
7463 14943
1818 47140
11603 3682
28705 47140
39703 3682
401 3682
47140 48361
32212 7052
7463 41068
41068 6764
42285 11603
7052 2926
2926 43427
8010 1818
401 47140
1818 3150
27741 39165
47140 8010
15434 11603
21875 32256
2926 10870
49026 30613
47732 12072
21875 25804
33290 20180
36011 1818
14943 13034
26191 14943
7463 28705
401 43326
47732 43041
12072 21647
3682 21730
6764 13034
7463 44811
33290 30613
47732 1915
1915 1818
23738 15434
7052 401
13034 39703
2926 32256
43041 49026
21647 32256
2926 47140
13034 2926
25804 33290
21647 36011
12072 1915
47732 8010
34282 8010
1915 21647
47140 7052
36011 3682
21647 21730
43326 32256
21730 44811
49026 43326
3150 39165
47732 401
21730 36011
20180 19826
8010 49026
21647 44811
8010 6764
1915 48770
30613 36011
25804 39703
27741 19826
15434 10870
14943 15434
49026 28705
49026 23738
43326 26191
47140 32212
36011 3150
6764 3150
21730 19826
36011 39703
48770 1818
48361 20180
26191 1915
41068 3682
7463 21730
26191 49026
44811 30613
47140 2926
47732 48361
49026 10870
1915 43427
7052 43041
15434 48770
30613 34282
32256 15434
13034 21875
39703 41068
6764 49026
42285 48770
11603 27741
36011 43427
33290 25804
3682 30613
8010 26191
12072 15434
12072 32212
33290 12072
39165 32256
6764 25804
39703 23738
25804 30613
27741 39703
28705 11603
30613 44811
3150 41068
48770 10870
7463 3150
44811 12072
1915 34282
12072 401
33290 401
20180 39703
34282 13034
2926 48770
48770 21875
32212 10870
49026 47732
23738 43041
8010 43326
48361 1818
39703 19826
41068 47140
21730 15434
34282 47140
49026 44811
19826 6764
23738 14943
44811 10870
42285 36011
6764 43427
7052 3150
3682 20180
25804 39165
21875 47732
15434 7052
7463 47140
23738 43427
34282 32256
30613 42285
43041 3682
401 28705
39165 47140
7463 3682
21875 1915
13034 8010
39703 44811
43427 33290
42285 47732
1915 20180
11603 47732
42285 14943
3150 6764
13034 11603
2926 27741
44811 43427
21730 43427
32256 6764
19826 33290
11603 26191
39165 48361
7463 19826
1915 43041
21730 2926
44811 47732
39703 7463
32256 13034
19826 1915
7463 21647
8010 7463
39165 20180
33290 43041
7463 13034
13034 401
13034 21647
1818 7052
33290 48770
401 1818
12072 44811
28705 21875
1818 32256
1818 1915
1818 30613
48361 3682
3682 48770
8010 15434
43326 34282
2926 41068
47732 43326
21730 3150
12072 48770
47140 3150
47140 12072
23738 11603
21875 8010
10870 1915
30613 21875
33290 3150
43041 15434
33290 21875
27741 3682
6764 36011
27741 41068
30613 19826
13034 26191
32256 3682
39165 15434
32256 3150
21730 11603
7052 21647
21647 6764
19826 11603
43427 7463
41068 21875
43427 34282
20180 39165
48770 21647
43041 401
32212 39703
8010 20180
2926 1915
39703 15434
30613 26191
7052 43326
48770 42285
1818 34282
10870 49026
43041 27741
20180 34282
34282 25804
39703 47140
13034 48770
11603 25804
42285 49026
32212 21730
26191 20180
8010 48361
7463 49026
32256 20180
20180 43427
21875 13034
7463 43041
34282 33290
32212 23738
21875 19826
13034 43041
2926 1818
36011 32256
2926 39703
43326 47732
1818 41068
19826 32212
36011 39165
36011 7463
14943 10870
39703 20180
7052 27741
39165 7052
39703 8010
2926 7463
21647 48361
42285 26191
7463 15434
44811 34282
32212 25804
36011 15434
1818 21730
44811 7052
1818 21647
26191 6764
48361 43326
27741 2926
43427 2926
401 33290
20180 49026
401 20180
28705 39703
48361 15434
34282 1818
21647 34282
19826 10870
7052 39703
7463 34282
23738 21730
25804 28705
25804 14943
13034 36011
11603 15434
20180 44811
48361 28705
42285 13034
21875 6764
25804 3682
3682 43326
23738 43326
43326 6764
14943 20180
33290 3682
47140 3682
48361 401
21875 3150
36011 401
10870 26191
30613 23738
3682 13034
25804 34282
42285 3150
44811 1915
3150 14943
21730 49026
44811 21730
43326 21875
39165 34282
41068 43326
36011 21875
1818 48361
19826 43041
12072 43326
49026 21647
36011 6764
43427 32212
7052 28705
30613 20180
28705 2926
3150 401
21730 34282
33290 21730
41068 49026
39703 401
33290 8010
3150 30613
8010 19826
43427 28705
49026 21875
34282 21730
401 7052
39165 30613
43326 41068
401 30613
27741 21647
47732 3682
21730 7463
20180 32256
10870 43427
28705 42285
47732 39703
28705 39165
42285 2926
43326 8010
44811 6764
33290 47732
41068 25804
39165 1915
34282 28705
41068 32212
20180 47140
36011 1915
32212 43041
21875 39165
48770 12072
12072 49026
21647 3682
32256 36011
7052 41068
21647 1915
20180 13034
33290 11603
36011 42285
30613 10870
36011 11603
48770 6764
28705 19826
27741 14943
19826 23738
3682 32212
3682 2926
20180 27741
20180 12072
47140 1915
47140 27741
32256 26191
13034 1915
15434 32256
32212 12072
19826 15434
42285 44811
6764 33290
8010 43041
21647 20180
23738 13034
401 44811
7463 33290
43427 42285
6764 14943
1915 3150
43041 23738
23738 3150
44811 19826
28705 7463
42285 10870
39703 10870
26191 8010
47732 14943
34282 19826
47140 13034
32212 49026
32256 7463
28705 20180
13034 25804
7052 47732
8010 21875
30613 21730
33290 48361
21875 7052
44811 23738
14943 36011
14943 8010
15434 32212
11603 36011
15434 21647
44811 33290
41068 47732
39703 6764
27741 28705
39703 42285
21647 15434
6764 39703
21730 1818
23738 47140
33290 41068
1915 27741
32212 39165
15434 36011
10870 32212
47732 19826
26191 25804
42285 23738
21647 25804
1818 49026
43427 21730
32212 48361
25804 47732
47140 39165
43041 11603
8010 3682
32256 32212
14943 11603
36011 21730
32256 1818
44811 15434
32256 39703
7052 20180
3682 6764
19826 3682
13034 12072
41068 1915
19826 25804
21647 13034
13034 10870
39165 44811
15434 49026
30613 7463
21730 27741
21875 1818
34282 43427
2926 3682
44811 3682
8010 28705
32212 34282
42285 12072
36011 2926
15434 8010
1915 12072
32256 8010
1818 26191
43326 21730
7052 6764
49026 48770
8010 2926
48770 48361
1915 33290
15434 401
6764 15434
20180 14943
10870 21875
48770 34282
21730 41068
26191 1818
1818 7463
11603 7052
43041 6764
32212 48770
12072 34282
43041 48361
48361 6764
32212 33290
39165 7463
39703 33290
36011 21647
48361 42285
7052 42285
26191 48361
41068 401
47140 7463
1915 26191
401 48770
28705 34282
36011 32212
3682 19826
47732 44811
27741 8010
26191 10870
30613 39165
47140 32256
21875 14943
6764 41068
34282 27741
2926 28705
15434 33290
1818 47732
3682 26191
19826 30613
43326 28705
41068 28705
21647 43326
28705 3150
2926 43326
26191 32212
23738 12072
43427 41068
28705 14943
11603 23738
2926 26191
39703 26191
48770 43326
3150 47140
21730 30613
49026 34282
48361 23738
21647 19826
21875 21730
44811 48361
12072 43427
33290 1915
26191 36011
14943 21730
39703 13034
21875 2926
34282 39703
15434 39703
30613 3682
21647 3150
41068 13034
7463 43326
20180 3150
47140 36011
28705 23738
23738 44811
39703 32256
8010 27741
3150 27741
32256 41068
28705 32256
25804 401
19826 2926
6764 2926
43041 1915
26191 34282
10870 15434
25804 11603
21647 30613
34282 36011
11603 21875
28705 25804
33290 32256
3150 49026
20180 21647
48770 32212
7052 21875
21875 28705
33290 26191
34282 41068
26191 19826
28705 15434
2926 44811
21875 3682
39165 25804
1915 6764
11603 34282
47732 13034
11603 30613
21730 401
39165 3682
39165 3150
43326 10870
39703 11603
48361 14943
15434 47140
20180 36011
43041 10870
25804 20180
27741 20180
27741 3150
32256 48361
12072 23738
12072 20180
8010 34282
7463 12072
19826 7463
3682 23738
39703 7052
47732 21647
7052 21730
10870 44811
15434 43326
8010 23738
25804 10870
3682 36011
47732 26191
27741 43041
43041 13034
21647 48770
401 15434
8010 32212
11603 2926
32256 21875
30613 25804
2926 32212
23738 30613
6764 42285
3150 28705
25804 21875
43326 3682
1818 33290
32256 49026
7052 48361
43427 12072
14943 44811
20180 32212
10870 47732
3150 43326
401 10870
8010 30613
10870 12072
39165 19826
41068 2926
25804 21647
27741 11603
39165 21730
34282 43041
7463 39703
30613 27741
19826 42285
43326 43041
43427 6764
23738 3682
48770 8010
14943 6764
28705 43326
6764 1818
32256 43326
13034 27741
2926 21875
2926 33290
1818 12072
33290 28705
7052 44811
19826 14943
49026 14943
21647 1818
2926 39165
8010 3150
6764 19826
36011 33290
14943 7052
48770 43041
12072 48361
7052 49026
30613 8010
7052 13034
32212 11603
44811 36011
42285 30613
48770 14943
48361 1915
26191 48770
30613 49026
33290 19826
44811 27741
11603 8010
21730 3682
19826 32256
27741 32212
21647 26191
34282 26191
15434 3682
21647 2926
43326 20180
30613 3150
13034 43326
26191 32256
7052 11603
44811 26191
3150 34282
23738 1818
19826 44811
32256 43041
44811 43326
48770 401
10870 3150
401 21647
26191 21730
14943 48361
10870 27741
43427 48361
43326 36011
21875 47140
2926 30613
6764 26191
21647 12072
43427 48770
44811 1818
401 47732
1915 7463
12072 43041
12072 8010
13034 3682
26191 47732
3682 49026
48361 39165
11603 39165
28705 401
13034 33290
41068 43041
13034 20180
2926 19826
34282 42285
15434 41068
3682 1915
14943 43427
401 32212
3150 13034
30613 32256
34282 12072
42285 21647
36011 48770
47732 36011
3150 23738
27741 47140
26191 11603
26191 21875
3682 39165
14943 23738
48770 36011
43427 401
36011 44811
7463 10870
47140 33290
10870 30613
32212 8010
10870 43326
32256 27741
401 21730
30613 32212
3150 33290
43041 36011
36011 47140
11603 49026
1818 13034
25804 19826
7463 47732
401 48361
27741 21730
10870 1818
42285 19826
