7774
38253 45892
33613 11512
40227 19203
40174 27675
17835 19943
32387 11557
32688 16379
39851 48754
18393 7444
15369 11391
49933 21597
20754 46093
11404 42675
39540 17835
14540 39015
14076 42675
2147 7444
32240 14517
4205 4181
6948 21734
38883 33371
2147 32688
41029 9477
5416 36616
39142 9977
36526 49933
30609 26381
26250 17835
3978 1965
23184 22214
20437 38029
2149 31993
45892 12960
11391 40665
9722 7534
36654 24618
4708 19943
7534 41409
32012 7444
26250 20704
39540 382
21326 20437
9278 19943
32012 7534
44510 21597
5756 40665
43016 13461
12775 21734
19203 9278
45198 19943
11391 35198
25606 37555
30609 44247
49933 20754
47670 32688
17835 12775
3386 49866
15478 46093
41029 3978
33613 33371
19203 48391
12960 37555
24697 2812
49866 15169
11404 20754
22433 42675
43799 38029
18851 38029
44247 48768
41409 9995
40665 45198
48768 35198
9477 382
33371 11391
15478 22621
39394 48391
30874 16379
11929 21597
31479 39540
32387 28884
34256 33659
382 37555
9477 48768
24938 4205
9995 46093
26610 36451
22433 42803
7534 27675
33371 39478
34256 42765
30609 12015
9722 33613
14804 21734
40665 7653
33429 2957
38883 39394
38253 12960
24938 7444
15478 40174
8130 3298
1616 47670
43101 23409
21382 9995
42765 12015
49866 41448
28884 12775
14540 20437
33114 7534
43291 21382
5756 27982
49866 39782
5416 47131
37555 44510
15229 21254
33659 24697
16916 35598
14076 4708
45234 42675
41233 37536
16379 39142
17835 33613
27936 15478
5599 41448
14005 24409
19324 5747
20754 14517
39394 12230
45517 33371
29572 43058
49933 48768
48754 11929
39015 25606
15369 41448
21254 15478
34829 21382
8130 7534
2957 49866
9995 39851
39015 25021
45234 5747
22621 32387
43016 38883
21326 16703
33429 20754
32012 27982
19324 15169
4181 15229
32012 45234
25606 38755
47131 35198
1486 45234
7653 27982
9223 28884
22214 38029
35807 13461
36451 41409
2712 49251
3978 12015
12775 24938
11929 21734
15229 11404
35198 29572
41409 48391
2147 32387
37555 4693
17970 33371
41233 34256
7444 22214
17835 39015
31993 30874
34829 1616
33114 36451
40227 14540
33659 18851
9722 26612
24409 42675
42803 17835
32387 43051
38558 44510
8790 7444
33394 28693
31993 33394
39015 1144
44510 45234
2957 33371
9278 20704
3978 3298
1251 21326
22621 30609
43058 39015
6523 49975
17287 38883
26610 33429
14804 6523
37555 5599
28693 44510
49933 33114
47682 27936
17835 22621
42803 41448
1965 49101
28884 39015
3298 21382
11391 34829
9278 33394
34045 22214
33659 12015
24697 27936
27936 5416
3978 32012
41448 37555
21326 23409
33659 34045
12230 6523
45892 37490
39540 36654
15611 7444
2957 41538
48391 7653
40174 41029
42303 34256
18393 32012
2957 35598
21326 42303
49933 40474
7444 48030
7444 17835
12015 7534
29572 2147
9977 14520
27786 11557
16916 43016
15611 12960
7534 39478
20704 32240
5756 38755
38883 19203
30874 5756
36526 39782
12015 17287
39851 28183
45198 38755
9477 14804
49975 11512
18393 34829
48030 41233
38029 25021
4708 44857
40665 27786
3154 34256
14540 40227
42803 7653
37536 24938
40174 25021
43291 6523
3154 32240
25606 24697
25606 34829
16916 9477
38755 36451
32688 38883
33394 32387
20704 44309
382 27982
3298 15169
11512 44510
49251 32012
19324 16703
12188 14540
35807 40174
38755 29572
43843 41448
36616 1965
13461 2712
45234 14076
35198 19203
48391 21254
27885 3154
8130 26612
3154 33613
2957 29572
41233 20704
1251 12188
12230 43051
27786 31479
27885 30874
2712 20754
27675 41538
35198 39142
27982 11391
30609 24938
41029 39015
16379 21734
6523 35198
11404 11557
26612 40665
32688 1486
37536 27885
49975 23409
42765 39394
12775 32445
15169 2812
39394 43051
42803 32445
11512 2149
11557 43291
27936 8130
15169 4181
27936 40227
39015 23184
39142 33114
22214 14517
27786 16379
38558 14540
43101 43058
41448 30921
14804 4693
43799 2812
9477 12230
7444 5756
48391 39394
4693 24938
41387 1144
12188 4205
32445 45198
36526 30921
33114 28693
16703 1616
49975 30874
26610 5756
16916 45198
46093 5747
11512 41029
22214 41387
9477 45198
9278 17970
33429 14540
22433 6948
27675 40013
8130 44510
42803 44247
9722 48391
31993 24409
40174 47670
21382 48754
32688 32012
896 39540
1144 47682
45234 33017
11929 40665
27786 9977
15169 42765
41387 33394
35598 24763
4181 24618
41538 39540
11075 5756
33114 44857
24938 43058
43051 12188
18393 37536
11512 14517
27885 32445
26610 19514
30609 6523
2147 32445
4708 43051
42303 28693
39782 43058
27885 1965
382 25021
896 32240
6523 16379
39478 39540
36616 11512
36654 22433
382 43799
35721 26612
41448 44247
21597 24409
27675 7534
47682 15611
5756 33613
42675 17970
22214 30360
1144 28183
17848 25606
37490 19514
30921 23409
36616 39015
8790 43799
49933 43101
44510 13573
27675 21382
32445 22621
44247 13573
39478 2149
49101 41538
23409 39394
14517 25021
19324 37536
45198 27675
896 40665
15169 25021
9995 7534
30921 21734
39015 38755
40227 43843
17848 38558
5747 2712
44857 47682
30360 40474
39142 3154
23409 8130
11075 40174
15611 16379
896 35721
37536 17970
33017 2149
20754 15478
39015 43291
23409 41409
11391 1616
36451 18851
19203 36654
35598 7534
8130 17835
6523 11404
21382 35721
2957 21254
2712 11391
9477 40665
2957 39851
22433 2712
49933 42765
33429 43101
32688 9722
26250 36526
49866 13573
19203 30609
31993 33371
37536 13461
33613 27786
36654 5747
14804 39782
26381 14520
40013 26250
30360 38755
49975 22621
49101 25606
6948 42303
41448 40665
41233 37490
27936 9477
33613 5599
27885 14520
22621 49101
4181 12960
13461 44510
5747 33017
31479 39142
42803 27982
48754 5416
31479 4205
41409 39015
35598 15611
15169 20704
32688 3154
4708 36616
39478 37536
39015 15611
44247 45198
40227 896
17848 11075
35807 42303
33394 14005
25606 3978
22621 21254
21734 2149
47131 5747
13573 39478
6523 19514
12015 41538
25021 48754
17970 45234
27786 43058
25021 32871
12015 2957
31993 28183
12230 43058
39478 11391
896 26612
16379 42765
36654 17970
21254 36616
896 31993
23409 22621
11557 11512
36616 36526
17848 3386
2149 21734
12230 2712
40665 12960
38883 5756
37555 11929
40227 19943
33659 14804
33017 19943
12015 14540
17287 20437
32387 27936
44857 21326
48030 34829
39394 14540
896 15611
47670 30360
7444 44309
23409 28693
7444 7653
24409 38558
27885 39478
4693 2957
25021 24697
38558 9977
17848 44247
12775 43291
43843 5416
38883 48030
4693 3386
43051 23184
382 33613
33017 1251
33371 27675
49101 11557
43101 38029
15229 49101
17287 3298
28183 3978
15229 39851
5747 39142
36451 12230
37536 30921
896 20437
3298 21326
27786 36451
43058 39142
14804 5599
39782 16703
44857 5747
39142 43799
33394 49933
34829 19943
41538 14520
8790 15169
33659 21597
43291 19514
33371 9223
35598 19514
31993 36654
37536 41409
21254 44309
2147 45198
11557 49251
45517 17835
28884 48754
35598 21254
6523 14520
2712 5599
39394 33114
6948 20437
26381 11512
36616 44857
22214 39015
28884 1616
5416 4205
47131 24697
7653 5756
41233 40013
49975 2957
16916 45517
9722 12188
16703 33613
31479 41029
39394 8130
14520 43843
38558 22433
23184 12015
35807 43016
45517 36654
44510 4708
38755 48391
33017 20754
41029 35721
15169 45517
41233 32012
37555 32387
21326 12188
14540 22621
21326 24938
13573 6523
33429 9477
46093 42765
11075 8790
13461 20437
39540 6523
37555 49101
28183 24763
24409 29572
32012 42303
34045 48030
5416 3978
27786 42303
40474 39851
1144 32871
5747 39851
38253 36526
42765 38558
33659 34256
12188 11512
1144 3386
20704 30609
12230 1616
39782 45198
34045 36526
36526 16703
23184 47682
38558 8790
8130 43799
11075 49101
16379 49251
45234 16916
7444 11391
9477 12960
47131 3298
43799 12188
43291 1251
43799 41233
41538 39015
9223 44309
43058 47131
11075 28183
35721 41387
19324 49933
24763 3298
34045 27982
3386 15369
29572 30360
32445 23409
35598 11512
45517 13461
24697 29572
25021 11557
1251 3386
43101 25021
36451 35807
43843 42765
22621 26381
32445 40227
12960 32240
43799 29572
7444 24938
28884 30609
8790 14804
17835 42675
11075 40013
24697 45198
19203 15611
38883 15169
47682 31993
34829 8130
23409 9223
36451 5599
11557 27982
38029 20704
6523 26612
6523 33659
41538 15169
43799 35598
33114 42303
39540 46093
896 43051
1486 4205
14076 49101
49933 27675
6948 39478
3298 3154
43101 17835
26250 38253
18393 40013
40174 26381
19514 41029
22214 43799
9223 30360
40174 5416
32445 38755
43291 17287
6523 40665
9977 12775
35598 7444
24618 24763
6948 9278
3978 19203
3386 1616
49866 4708
33659 28884
4205 42765
41538 43016
21254 11929
43799 31479
8790 28884
20754 16379
17848 35198
3298 44309
15369 9477
28183 36526
44510 1251
43101 14520
19514 26250
1144 36616
6523 1144
30609 5747
16916 42675
41538 45517
16703 15229
43101 39540
26250 28693
30609 24618
35807 25021
36451 11391
24938 42803
33613 19203
6948 19324
11404 49251
31993 11929
30609 37555
20437 17848
27786 32012
45517 33613
38558 42803
2147 1616
43799 20704
37490 39142
5747 36616
32688 45892
46093 24618
9977 11391
2712 40174
38883 1486
49251 22433
45892 44309
14005 27675
39394 24938
15229 4708
382 4708
9995 1486
5747 16379
48754 33659
3298 17848
27675 1486
35198 2812
43101 39782
39015 20754
36451 45198
26612 37555
3978 24409
15169 14520
2957 11557
18393 15169
35807 5756
32871 39540
21734 14076
37490 2712
24938 9977
23409 15611
32445 17287
22621 42303
40227 37555
28884 26381
22621 47131
38755 41409
38029 39015
21382 20704
7653 35721
32445 42803
16916 33394
32688 49866
26610 39782
33429 36654
15369 4205
24409 49866
19324 19514
33114 38755
48768 16379
17835 21254
42303 19514
14804 27885
26381 28183
9995 9722
36451 22433
13461 12960
39540 26250
35198 39540
38029 2812
34045 38883
3386 20704
49933 21254
33114 12775
7653 38253
9477 26612
45892 45198
8130 20704
1965 11391
18851 2712
38029 31479
20437 20704
2147 43291
32012 27885
37536 44247
9477 43291
38029 12188
41029 11929
47670 40174
20754 2147
12188 29572
27675 21597
40013 15169
1251 9722
41233 1486
31993 21382
43016 1486
14804 28183
23184 36654
35807 11404
20754 19203
45517 7534
19324 30360
49251 11557
1965 34829
34829 26612
48030 16916
33114 11929
42765 40474
41029 14804
48391 1486
47131 49101
5756 22214
46093 39540
20704 35721
47682 12775
41538 41387
20754 33114
9223 19514
17835 19514
7444 27885
41029 1965
14076 34256
12775 36451
27675 44510
38883 26610
42675 4181
27786 1486
9223 7534
46093 14520
23184 42765
33613 9977
42803 49933
14804 41409
8790 36616
29572 11075
43101 39851
26610 47670
14005 1965
43051 11391
42675 5599
31479 24409
49975 31479
39782 33613
49101 21734
16703 19943
16703 33659
15369 3386
49975 21254
40474 42803
38029 30360
4708 13573
41448 7653
9722 2812
41538 41409
7444 26612
45198 24697
44510 42765
3298 41409
26250 43051
43101 44857
21734 38883
32012 2712
5416 15369
39851 11075
3386 9223
20437 14520
41387 11075
39142 15169
27675 39478
46093 40174
24763 26610
39540 43101
29572 22621
41448 39782
1965 25021
28693 36526
28884 5747
16703 2957
44857 14005
36451 14520
22433 49251
32445 13461
17848 19514
31479 30609
1965 40227
21382 11557
32688 2712
14540 7534
26381 47670
15369 39142
36616 36451
41029 6523
2812 22621
36654 13461
32387 45234
9223 40174
27982 30921
22433 14076
42675 48030
27982 14517
21326 38883
6948 12230
17835 39478
33613 7653
24763 33017
43051 38755
1144 37490
41387 31479
48768 38755
19203 2812
7534 21734
11404 39394
4205 49866
39394 41233
4693 13461
7534 13573
23184 25021
11557 43101
30921 34045
32688 14520
43016 3386
5599 43101
9477 42675
5599 14005
45517 9278
32387 38029
34045 21734
9977 44857
48768 20437
33017 14517
18393 23184
12230 31479
27936 44309
32012 28693
27675 40665
30609 30360
44857 32387
29572 40227
31479 11404
33613 40174
2957 9278
19514 11557
40174 15611
49101 41233
21326 37490
43101 27982
27675 40474
33659 19324
1144 30874
33114 15611
39142 37490
12188 26612
15369 27936
49933 41409
3154 36526
17835 37536
40174 15229
15369 18393
12960 47670
15369 33394
28183 33371
14517 35807
34045 42803
33429 24763
41233 19514
45234 40174
23184 19514
9977 43101
38253 3386
39478 9995
5756 48030
24763 5747
45517 28693
48030 2712
36616 29572
40665 40227
33613 48768
21597 23184
39142 21734
382 43058
896 6523
7444 20754
1251 33429
44309 11557
43101 37536
43058 21734
12775 9477
41387 45517
27885 26250
39394 19514
9278 30609
40227 12775
36526 3298
26612 48391
15229 33613
5416 5756
2957 24938
33371 39015
9995 45517
25606 34256
33394 30609
32688 32387
43051 382
19203 39851
30874 20754
16703 35807
39540 35598
15229 38755
42303 39142
44510 14076
34045 11075
11512 4693
22621 9977
39782 33394
43843 32012
33371 6523
30874 25606
21382 12188
28693 36654
21382 4708
26250 39015
35721 44309
3978 31479
41448 30874
36451 30921
43051 19324
15169 40013
2957 48768
14540 36526
21254 45234
30921 21254
9722 14520
49251 9722
32387 21326
1251 12960
43799 43101
48391 41448
45198 13461
27885 31993
12960 45892
16379 14804
41409 25021
4205 40474
5416 7444
43291 49933
4205 21734
33394 34045
34045 2957
4693 45234
35721 20754
21382 32012
28693 27885
4181 27675
32240 9977
2957 14005
43799 8790
48768 33613
30609 32012
25021 2812
25606 21734
22433 44510
29572 20437
5747 30609
36526 21734
15369 43101
43799 24697
12775 33017
48391 2957
34256 39540
4693 42803
17848 15229
15611 24618
16379 5599
15611 39478
12960 24763
20704 42303
44857 32445
48754 3978
40474 45517
24938 382
12015 5756
7444 11512
11929 1486
19943 12960
28693 43291
34045 45198
33394 27885
45517 46093
37536 30609
382 41029
1486 11075
1486 33371
33429 42675
43101 43291
45892 6523
33613 17848
4708 3978
9722 45198
382 5599
25021 36451
43058 31993
34256 43101
24618 40665
21597 27885
11512 25606
41538 24409
33371 896
44309 44857
49866 6948
35598 11557
29572 37555
22433 6523
35721 22621
15478 7444
40174 41409
3154 12230
25606 32012
3978 49866
34256 6948
27675 1144
34045 32688
2712 15229
41233 41409
39142 12960
14005 33394
9995 32240
5599 25606
11391 29572
45892 11557
11404 1144
38558 1616
14540 19203
20437 33429
37490 896
20704 47682
9477 20754
19943 49101
14804 28693
19514 35198
5756 45892
13461 38883
13573 49975
3386 40013
45234 32445
14520 15229
7653 31479
49933 4205
34829 43291
11075 15369
45892 5416
49101 27885
12775 17287
40013 30609
13461 33114
44510 32871
38883 20754
17848 7534
31479 896
15478 41233
40174 38253
27982 41409
5599 19514
18393 48030
24409 48768
7653 27675
33659 27936
29572 13461
40174 43051
48391 382
48391 30921
35807 9977
3978 45892
21326 32387
26250 41538
23184 4693
43291 26612
12230 43101
17970 14540
27885 31479
11075 17970
35198 22621
42803 29572
18393 30360
2957 14540
46093 26381
24763 25021
35198 4205
48391 25021
43051 31479
26612 39782
1616 24409
17835 11075
33394 22433
28693 9977
36654 47670
15369 45517
36451 38558
43843 9477
20704 31479
35721 48391
37490 11391
9223 36616
48030 27982
43291 39540
30609 11557
27982 32012
5599 43291
27675 4181
9722 23409
32688 6523
47670 40227
30921 49101
2147 43101
39478 14804
40174 47131
45517 9995
43051 32871
18851 22214
35198 3154
49866 43799
13573 30360
6523 21597
33394 33017
3154 17848
15169 7444
14520 30921
1144 31479
13461 43051
28693 33371
27982 15611
43058 12015
19203 22214
43291 1616
28884 9477
19324 43016
9995 11929
1486 14005
39782 35198
5416 40665
19514 20754
9995 31479
17287 1486
14076 33429
2812 19943
33114 896
12960 42303
15229 34829
11391 38029
14076 34829
9995 34829
13461 17970
39851 1965
21597 48754
30874 41538
36451 40227
30874 41233
14804 40013
11391 14804
40474 6948
39394 22621
33371 38253
382 41538
7444 15478
11557 20754
30921 45234
31993 35721
49251 48768
43799 25021
9722 15478
39394 3978
2812 40013
21326 1144
38755 49933
43016 18851
15611 43291
9995 33613
27786 26381
9995 40227
37555 41029
5416 45198
24938 13461
40013 8130
47670 38755
31993 22621
21597 20437
48391 31993
36526 27675
4708 39540
1144 39394
39015 30609
39540 5756
34256 4205
1616 47682
9223 49933
41387 38883
48754 39015
2149 1251
28693 43843
43843 44247
33613 2812
36616 49101
37490 14005
26250 49101
41029 32240
37555 11391
18851 45234
34256 8790
8130 27936
22621 32688
43058 21254
32240 35198
17970 15169
3298 43101
45517 17970
28884 47131
37490 15611
43291 5747
14005 15229
33659 40474
44857 15229
33659 1251
14520 5747
4693 4205
1486 8130
30609 2812
47131 1144
27885 11391
28884 39540
7534 33114
9223 6523
18851 42765
45517 30921
44510 3386
38755 19203
11512 8790
27885 38029
48768 33371
26612 23184
16916 2957
1965 11929
24409 33659
9223 28183
41233 32445
8130 34256
27786 29572
23184 38029
38253 44309
5599 35198
34829 15169
49975 14520
3154 26250
39851 26610
2149 1616
39478 11404
33114 30609
16703 38755
6948 49975
14517 5756
32387 36451
36654 41233
19514 34045
40665 44857
33371 41538
24409 39851
28693 43799
27786 21597
11512 20754
41538 35807
32445 15478
17970 47682
32387 30874
33659 39851
32445 36451
2147 38253
14520 49975
23409 11557
14517 40013
18851 11075
3386 3978
40013 33613
26612 21597
28183 33613
14517 27786
34829 42803
42303 48768
22214 13461
27786 39478
18851 4693
1616 34256
16703 14520
15369 7653
41448 39142
33394 9278
24697 33394
14076 3154
34256 38883
39478 26610
24697 46093
14076 17970
38755 21597
19203 32012
22433 4181
36654 27786
44510 42303
38029 14005
33371 37536
3154 29572
18393 9477
35807 36616
27936 33613
38883 44309
37536 11391
13461 1144
49933 21734
4181 14517
22433 26610
8130 15611
20437 7534
4205 34256
39782 41409
382 28693
48391 29572
22621 19324
33394 34829
39478 9278
2147 36616
41538 5756
31479 43051
44309 41448
48030 7444
9995 3386
16703 2812
12960 19324
35198 5416
9722 9278
46093 32688
23184 17970
42765 47670
12015 40665
39478 1616
43291 24697
21734 5756
17970 38558
33429 48768
41448 48768
12960 2712
49251 19324
6948 32688
35721 45234
45198 41233
16703 28884
16916 1965
41387 35198
11075 26381
14520 19943
11929 39394
42803 21254
14005 43843
41448 34256
38755 21734
37555 6948
12188 9278
382 34256
9722 19514
15369 32387
14517 41029
39142 38029
5756 3978
21326 25606
39142 13573
19943 14540
33429 43843
18393 1144
21597 23409
3154 9977
21382 15369
48754 36654
13461 48768
33659 39142
30874 8790
34045 33371
30921 24938
9995 14540
8790 40665
31993 35598
36616 9477
2812 34829
25606 5756
7653 49101
8130 13461
3386 2957
7444 4205
48768 18851
43843 33371
17970 33394
14520 38029
33394 49975
33613 1486
14005 37536
32688 24938
33659 41029
20704 39015
17287 33017
49251 38755
39851 21734
27786 40174
43016 15369
41538 44510
12775 15229
6948 22621
12188 34045
43291 35598
28693 2812
2149 7444
39142 14804
41387 8790
33394 1486
41233 47131
33429 44309
43016 41387
25606 45517
13461 49866
38029 23409
40227 47131
48768 43799
23184 32387
33613 3154
20704 1965
47131 2957
28693 5747
35598 15229
21734 27885
48391 9278
9278 48754
45234 17287
30921 17848
19324 27885
15229 12230
1251 33114
20437 36451
8130 12188
4693 21734
2812 39478
11075 37555
43291 42765
12230 39142
25606 17848
43016 33017
13573 42675
41409 23184
43291 9995
38253 39478
17970 41538
31993 16703
43058 38755
30874 49866
3978 9223
41409 49866
41448 15478
33613 20704
49933 48391
41029 4205
40665 37536
21382 7534
7653 8790
2712 27936
11557 22621
27675 9223
34256 33114
3386 45234
33429 34045
1144 4205
48030 12960
15478 32871
14005 35721
44857 34045
30609 16703
896 19514
37490 39015
1251 27936
35198 32445
19514 14520
9977 4181
17970 48391
15169 27936
5599 1486
5747 4205
38755 40174
11075 7444
26610 6948
26381 17835
11075 18851
9977 22621
43016 49933
40227 9477
27786 9278
45892 21326
33371 35198
17287 30921
42803 40474
1251 14517
43101 31993
14540 13461
6523 14804
41029 26250
19943 45198
42803 38755
48754 35198
24618 896
3154 28183
1251 44309
11557 44309
3298 41029
9278 38029
26610 45198
17287 21254
36451 40474
33371 19514
3298 1965
40665 47682
42765 11075
39782 31479
26250 48030
49101 30921
21597 35807
15169 45234
39394 24697
39540 39782
14520 44857
43058 35721
9278 24938
8130 43051
21734 32871
33613 12960
17970 37555
44247 21597
36654 47131
18851 49975
8130 19514
42675 9278
41233 44309
11391 42675
12775 4693
32445 20437
38029 9278
4693 35721
48754 2712
5756 33371
44309 42675
5756 47131
42765 2712
33659 3978
45517 42675
17970 21734
3978 2147
3978 44510
3386 44510
4708 31993
34045 34256
5756 25021
24697 15169
40174 2147
45517 19203
29572 19943
32688 40227
36526 48768
7653 15369
49251 12230
28884 41387
16379 46093
15169 14540
49101 43291
8790 24697
33017 11557
19514 20437
24618 8790
22621 39540
16703 42803
42803 14520
12775 5416
8790 19943
19203 2147
22621 40227
38558 47670
27675 8790
13573 39540
49933 33371
18851 35598
43051 21734
12775 33394
15169 2149
4205 35198
27675 33394
12015 32012
11075 8130
27936 34045
49975 48030
24409 2147
18393 30609
19203 14804
8130 26610
37490 28693
1616 11404
29572 18393
4708 43843
5416 4181
21382 39394
36526 14076
7534 23409
32871 40013
42303 40665
25021 32012
11557 2957
45892 2149
38755 896
40474 21597
27936 9223
48030 39142
35598 8790
42765 28183
11929 25021
32871 3978
41448 31479
15169 44309
17287 49251
14517 37490
9995 27982
35598 24618
32445 7534
28183 9477
32871 2712
16916 44247
36451 9477
8130 24409
17287 42803
7653 5747
11075 1144
42765 49866
12960 43051
36654 2712
2812 14540
15229 20437
16703 16379
41233 11075
17848 2712
28183 21326
31993 15229
15229 31993
32871 14520
45198 21326
42303 1486
24618 43101
37490 47682
15169 41409
28884 19514
4181 43799
36616 37555
46093 27786
38029 15478
27675 44247
19943 35198
25021 1486
42803 14804
16703 45234
45234 32871
45517 48768
19324 40474
48030 9995
14520 38558
38029 41538
42803 9223
40174 7653
38029 35807
41029 13461
48754 24697
47131 14540
40665 41409
43051 39782
33017 15369
33613 42675
3386 4708
17848 28884
13461 11929
34045 9278
38883 35807
2147 47682
18851 24697
36616 9977
32387 36616
43101 15478
9995 1251
12775 49933
43291 40665
47670 19514
26381 27936
14520 31479
24763 11404
32012 3386
26610 20437
39478 34256
40474 4181
48391 5747
5756 29572
43058 3978
33017 41029
2812 24763
14517 43016
40013 25021
49975 12230
45234 19514
14517 19324
38558 24763
48391 22214
36526 42303
3386 35721
45198 44857
44309 43799
45517 7444
45234 29572
16703 25021
22214 19203
22214 3386
1251 896
14517 14804
15369 19514
34829 9477
21382 22214
7534 4693
26381 11391
21734 24938
32012 33371
3386 19514
9477 32445
41538 12230
40227 49975
7653 28183
45198 37490
39394 36526
33114 24618
17848 6523
37555 43291
43101 26612
19514 3978
41538 40174
6948 23184
14517 13573
11929 14005
12960 21597
34256 3298
35598 34256
44510 46093
45892 15229
1965 33613
1965 24763
23409 16703
30609 24409
9477 15369
3386 16916
39851 39540
41538 4708
22621 38558
42303 40013
31993 12960
48391 21597
3298 41233
11929 36616
39142 37536
49866 44247
35807 27675
33429 11557
36451 44247
32688 40174
27982 36526
18393 24763
34045 40665
41029 15611
1965 39478
15169 33429
38029 12775
11929 24409
9223 382
28693 15169
6948 4693
40013 48754
1965 36654
21734 14005
17835 4205
15169 33394
34256 39142
21734 40227
41233 2957
24409 30874
36654 32688
13573 41448
48030 11557
5416 9995
36654 3298
896 30360
43799 32871
44247 15169
26381 14804
37536 18393
48768 15229
25606 39478
44857 46093
44309 48030
23409 40013
12775 49251
33394 32688
1144 34045
11404 43799
13573 18393
15369 38029
2812 32387
5747 17835
47670 34829
33394 26381
1144 42803
28183 43016
6948 36616
6523 1251
12015 45234
32387 32688
40665 11391
22621 48754
45234 33394
2712 18393
42303 47131
3386 17848
8130 30921
30609 8130
41538 6948
34045 28693
14520 19203
36616 47682
43843 4205
3154 43051
4205 22214
43101 14005
30609 11929
49251 27936
45198 35807
9977 15478
44309 39394
5599 9278
48768 24938
41387 22621
18393 41387
44857 14517
17835 4181
37555 12015
43799 19203
2812 9722
38558 15478
1486 40665
2957 23184
23184 7653
39540 20754
33659 39782
9995 20704
36526 47131
44309 33429
41409 19943
25606 14076
20704 26610
24618 8130
43058 48030
24618 30921
14540 11512
3978 21597
27786 5756
30921 2712
16379 27786
2712 36616
26381 32871
22433 17835
3154 17970
14517 49101
43101 16916
22621 15369
14540 896
31479 16916
36526 40013
38883 9223
26610 11929
7653 19943
21326 1616
43051 9722
27982 11929
44309 43058
2957 43058
43799 8130
41538 7653
1486 38558
5747 25606
24697 47131
11404 37555
7653 21734
33394 42803
43843 25606
40174 42765
27786 17287
40665 38883
41409 15611
42303 16703
2149 36526
36526 45892
41448 45892
24409 39782
38755 9722
38029 40174
31993 41387
39851 2712
16916 38755
5756 36526
40665 15611
37555 12775
31993 45234
37555 14076
25021 47682
27936 30360
18393 33114
37490 43101
2712 9995
48391 33017
1616 21382
34829 16379
12960 41387
9278 7444
6948 7444
48754 2149
30874 31993
33017 41387
49933 34045
25606 37490
19203 48754
5756 43058
45517 13573
11929 39782
47670 1144
41029 31479
35598 38755
21326 49866
41538 21734
15229 45234
3386 43058
27885 45234
39782 19514
5756 2812
7444 27982
2712 33394
11075 6523
30874 38883
4181 26610
22621 41538
14076 24618
13573 47670
34829 9278
34045 17970
32012 12015
45892 13573
37536 19324
40665 42303
35598 5599
6948 44247
11404 30360
23409 32387
8130 27675
9722 41448
33659 26612
41448 19514
21326 5416
13461 36526
30609 9477
21254 41387
3298 2812
5416 17835
21254 40013
24763 33429
21734 22433
13573 32240
35598 38029
1616 41409
7653 20437
5747 7444
1965 39142
27786 382
17835 2147
42303 40474
49251 4708
382 4693
5756 12015
32871 18851
19324 6523
7653 42675
382 46093
2712 43016
41448 2149
34045 33429
2812 35598
43051 13461
44309 42303
3298 11512
43051 48768
33371 11929
22621 12775
13461 3298
45198 42675
6948 40013
49933 12960
27675 15229
11512 3386
42303 14804
9977 30360
33114 22621
42803 13573
14804 20754
38755 22433
43843 33017
14076 39782
45517 41029
1251 34045
31479 39015
21382 5599
47682 11512
17835 49975
1965 24697
11557 33613
21254 24409
43843 24618
40013 12188
7653 1486
19324 20437
33114 40013
9722 27936
43058 20704
49866 1251
32387 3978
12230 37555
27675 31993
39851 1251
7444 36616
35598 39851
3298 24763
6523 38253
28693 17287
7444 36526
47682 20437
896 23184
37490 11404
3154 32445
28884 34829
5416 23184
33114 45892
49101 21254
16916 28183
38029 3154
37536 13573
896 48754
33613 21254
35598 14540
27885 44857
39142 9278
40665 39394
37555 34045
32012 11404
24409 21254
2149 9477
40013 45234
33429 11075
19324 27675
8130 49251
38558 40174
49251 24938
17835 32871
11075 17848
34829 35721
30360 32012
49251 3978
14076 1616
22433 48754
27982 36451
21254 27675
5416 14517
5599 31993
32012 28183
9977 19943
41233 26610
43101 39394
5756 42765
2712 9223
43016 45234
4693 27982
28884 22433
43843 9977
14540 42675
38029 39851
27936 6948
11391 21382
14076 9995
34256 2149
22433 2147
39478 43058
38755 20754
26612 33613
4693 2149
38755 6523
40665 1486
34045 40227
11404 16703
896 47131
2812 48030
12775 32871
24618 2147
33394 24697
15229 22433
47670 32240
19203 21734
25021 2712
3154 41029
43101 20754
17287 8130
38029 37490
41538 46093
16703 17848
17970 4693
42303 31993
44247 38755
21597 41387
16916 47670
2812 37490
15478 11075
14804 4181
42675 3978
33017 44247
5416 9722
25606 27675
39394 38883
43051 9278
34829 896
49866 26612
2149 7534
21597 22621
33371 45517
26381 12775
33114 41233
41409 33429
896 9223
33394 33114
26610 49975
41233 41029
30921 18851
2147 21326
33394 43051
5747 47131
43843 49933
20754 35721
32871 25021
44247 33429
36616 12230
26612 12188
36616 26250
21597 9223
35721 12188
32012 38883
20754 11557
35721 21382
27982 40474
17287 24697
9223 38253
8130 2812
29572 41538
1965 13461
2957 27675
5416 34829
43291 38253
24409 18393
26250 43291
38755 11075
15169 17848
47670 24938
43843 5747
39851 1144
4693 7653
9223 9477
27982 27786
38029 6523
44309 9722
45234 1616
47682 36616
3298 9977
41233 7653
11557 25606
27885 35198
26381 2957
33613 41538
12015 17835
19514 46093
11929 19324
3154 4205
21734 47670
39015 14517
23184 39478
8790 43016
33394 36616
44510 43101
35807 41029
39782 41448
20754 38558
30921 24409
26612 42803
24618 16379
12188 9995
42303 11404
14005 47131
38883 45198
4708 45234
11404 9995
19514 5747
21326 2712
21734 32387
25021 9477
40013 7444
45892 34829
42765 37536
40474 36616
6948 15611
44247 33114
41387 32688
11391 43016
44510 7444
22621 40174
32012 40174
22621 16916
43058 45234
3978 7653
15478 14520
9722 4708
29572 14076
21734 32445
5416 2957
43051 36451
36526 6948
23409 45892
9223 43051
39851 2957
4181 30360
40013 21326
11075 43843
30360 31479
17835 39782
14540 2812
27936 26381
28183 14520
45234 9977
45198 1251
33371 2147
37555 15369
11929 11512
28693 35598
43843 11075
33017 11512
24697 11512
40013 12775
21254 9995
16379 32688
27982 13461
32387 12230
45892 41409
43799 25606
6948 28884
14804 35198
2957 33017
40227 44247
48030 31479
38755 18393
1251 11404
15478 15369
35598 43058
896 17287
21734 6948
38253 21254
13573 33659
27982 43016
5599 34256
45892 30609
47131 33613
43051 26381
44857 43016
6523 36654
38029 9223
42675 29572
42803 43291
14540 2147
2957 11929
41387 17848
33114 36526
27786 39142
5599 38558
44510 11404
40174 13573
37536 8130
41538 44309
35807 26610
44309 2149
18851 1965
34045 382
48030 44247
32445 30921
19203 382
34045 19514
41448 43799
20437 21382
47682 32688
41387 36654
31479 15611
19324 7534
1251 25606
20437 41448
36654 12015
45892 32240
11075 26612
47670 49101
1251 14076
1144 21254
9995 49101
48030 44510
32445 19324
5416 44309
43101 45517
43291 47131
19514 24938
20704 49866
7444 36451
41029 14520
30609 37536
39015 39851
14076 13573
36616 31993
15611 21254
12188 1251
29572 39782
44510 44857
1251 32240
32871 43101
35198 2147
21326 19514
19324 48030
17287 19943
15478 18393
5416 9977
48768 26612
4181 21254
41387 34256
11391 24938
11391 44857
2147 11075
15369 34829
9278 48391
29572 2812
41387 44309
32445 15169
37490 1965
9977 35807
36451 45517
36526 5756
11557 33114
44857 27982
41409 44857
33659 11391
39015 43051
7444 43843
9722 1965
12960 27786
44309 40013
46093 15229
22433 36654
49251 11512
2957 45234
41409 16703
20754 5747
11512 48030
6948 17835
40665 22621
48030 30609
15229 36526
34829 31993
30360 4693
11391 12960
14517 12015
11929 49101
34045 15611
49866 11929
47682 14517
27786 17835
34829 34045
47670 31993
19514 21734
9223 44857
26381 39478
6948 19203
36654 28693
28884 9278
43799 21734
11512 36451
33371 42303
32445 4708
32871 37536
34045 35807
9977 21326
2957 25606
20704 38558
49251 17287
14076 16703
28884 42675
36654 15478
1144 43291
13573 41409
11404 37536
4181 7444
24763 35721
43016 17848
16379 9477
14540 15478
35198 21254
21382 44857
22214 11512
44309 27675
41409 35198
19514 41538
14005 38029
41448 41409
20754 6948
38883 43291
40227 37490
4181 48768
33659 41538
3298 39782
2712 2957
27936 32445
28884 45517
44309 18851
11391 2149
32688 29572
19943 21254
47682 22433
44247 28693
33114 41387
35198 21734
21254 1144
27675 5747
16916 36654
24618 49866
49101 23409
14520 28183
35807 46093
19324 18851
1144 33114
40013 42675
48768 9223
44857 6523
15611 6523
8790 6948
12015 2812
17970 43016
14005 20754
32445 34256
45198 37555
29572 28693
29572 48030
32688 1251
47682 40227
40013 48391
14005 38883
2149 2712
3154 21326
32240 9278
22433 18393
17970 43843
896 16379
49933 48754
34829 36616
33429 19203
36654 48030
15611 9223
21254 26250
41409 13573
44510 35807
1616 4205
37490 5599
33017 3978
32012 1616
38883 18393
7534 37490
48391 9977
33371 48768
7653 16916
28884 47670
23409 39851
39478 28183
13461 9223
41029 29572
21597 19203
45517 1251
4205 40013
26250 4205
25606 14520
15478 9995
30921 20754
41448 45234
40227 16916
39540 42765
32012 43291
4693 11929
12188 49101
13461 18393
11512 40474
32445 31479
27786 45198
21734 44510
24409 5756
9995 21254
32387 4693
46093 1486
34045 44247
6948 2812
1965 7653
48030 17835
37490 40013
24763 46093
40665 5756
39540 43051
39851 3298
20754 49101
14076 15229
32387 25606
17835 7534
4693 32688
49866 43843
16703 4693
40013 15229
27675 34256
36451 14005
35198 21326
33371 9278
40174 39540
40174 39394
16379 11075
43843 38755
30874 32688
33017 40174
36451 2712
41448 32387
38558 4693
896 43101
16703 36451
14520 13573
41409 21326
37536 42803
43058 8790
43843 1144
23184 27982
41409 15169
2149 37490
45234 24618
15369 31479
41387 43051
12775 43058
33394 38029
24618 47682
27936 26610
47670 44247
21326 2957
19943 43058
12188 896
43058 2149
27675 23184
41409 26250
33114 22214
44510 27982
45234 47131
35198 27675
15611 18851
14076 11557
3298 41448
24618 43016
40227 35721
38755 11929
38029 32871
15229 5756
20754 45892
12188 15229
43051 32688
17970 18851
42303 9995
37536 38755
38029 26610
20754 23409
34256 43843
42765 38755
16703 28183
49933 33429
30874 35807
42303 44247
1616 34045
896 36654
37536 14520
12960 19203
7534 382
1616 45198
25021 49251
27982 33429
48391 19943
17835 37490
33371 49975
15478 44309
37536 21597
29572 33659
4181 35807
49101 38253
46093 6523
19324 6948
20704 19514
38883 3978
49101 39142
49251 12775
41387 33659
38029 33613
42675 23184
44309 46093
9722 22214
1965 9977
38755 1965
12015 14520
27982 35807
45234 6948
2712 17848
16379 22621
47131 11557
43291 14540
32387 30360
43016 38558
5756 12188
48768 15611
28693 1144
9977 32240
37490 30360
47682 49251
43799 35807
47670 17970
44247 37555
38558 17835
13573 35721
2147 31479
21734 42765
21382 3154
34829 49101
12775 29572
9278 33613
21734 34045
32240 33371
14076 17848
15611 36616
25021 26381
33114 23409
4693 39851
6523 34829
34256 1251
28884 6523
32387 34829
34256 11512
28183 33394
17835 32387
36654 28183
8130 3978
48754 38029
12188 44247
39851 49101
15478 14540
7653 6948
49251 16703
43799 22214
27982 47131
24763 24938
47682 33613
20437 2812
1251 24697
9995 24618
6948 24697
3978 48754
17970 2812
14540 35807
49975 30609
17970 17835
39142 42675
18851 32688
34829 24938
2147 47131
15229 36451
36616 45517
49101 44857
26612 39394
4181 29572
17970 33659
11404 33017
12775 43016
15369 9223
44247 42303
8790 5599
43016 20437
15229 11557
41448 4181
43058 24618
3978 6523
13573 896
3298 38253
12230 11557
19943 33613
3154 32871
37555 3154
30609 14517
39394 36654
39478 11929
27936 42303
26612 48768
40665 16379
1144 16916
39394 48754
20704 24618
47131 1616
6523 3978
38558 7653
33371 5747
43101 6523
45234 24938
3298 19514
41448 38755
41448 27675
42675 20437
43799 39478
16379 45892
27786 47670
32688 33371
2957 30609
30360 20754
41029 38558
1144 32012
21326 15229
15169 34256
39015 2147
36654 23184
49975 17848
41409 29572
40227 34829
27675 49101
28884 45234
32688 11557
45892 40665
41233 27885
5756 49975
39142 4181
1965 24618
38755 32688
17848 22433
38558 17970
14520 9278
12230 48391
7444 23184
40013 35807
40227 48768
47131 39394
14005 18851
43051 27675
42803 14540
23409 43291
41029 1616
39394 41448
37536 1486
19514 43051
27885 3386
15611 36451
7653 42303
4205 18851
6948 36451
38755 9477
14517 1616
44510 11512
14804 39142
37490 33613
37490 1486
38755 8130
23184 11512
32387 16916
12775 24618
1965 33429
39015 42303
32445 33371
49933 38883
43291 16379
15369 17848
17835 35598
38253 48768
14804 5747
38029 24409
19943 4708
47670 2147
40013 15611
40013 47682
27936 12960
46093 11075
9995 43051
14005 23409
15169 16916
5747 39394
30921 43843
38883 21254
40665 41029
12015 28884
27786 41387
43843 35807
13573 15478
33659 4708
11391 382
21382 8130
35721 14005
1486 9278
45198 18851
37536 43291
31993 19203
18393 17287
39478 49101
23409 17970
33613 17835
22214 30874
35807 39478
48754 33429
3978 2712
42803 48391
33017 47131
21326 26381
9977 18851
39478 48768
14804 38883
19203 21254
5416 48754
44510 30360
25021 42765
382 8790
11075 30874
20754 40013
15229 41029
1144 22433
3298 42765
29572 47682
22433 43843
8790 382
17970 27675
36526 49251
12188 7653
45892 19514
48754 42765
38883 14520
4693 38558
44309 15611
8790 42303
15611 2957
27982 33613
40174 46093
39782 43843
15611 40013
22621 14005
7534 29572
7444 33017
15478 49101
27675 9722
21597 17970
33429 2147
12188 1486
42675 7444
2149 9278
41387 1251
39851 32445
14804 38558
2712 12015
1965 20704
30874 38253
37536 34256
1251 39015
32871 35721
17835 4708
32387 49101
38029 45234
33429 34256
33114 27936
16703 49975
33017 48030
6523 2812
31479 17848
8790 4693
15229 44510
26381 8130
23184 39394
43016 14540
43291 35198
24938 3154
32240 1486
40013 44510
33659 46093
19943 4693
33114 33394
32012 9278
9477 1486
32688 11929
28884 44247
33659 8130
15478 21326
24409 4708
18851 1251
44510 4693
3978 16379
24697 32688
16916 19203
896 39478
38253 21326
39782 40474
7534 14804
14520 6523
16916 41409
41029 2957
24409 4205
32871 8790
1486 22433
36451 27786
17287 5756
42303 15478
27786 43291
25021 43799
43058 44309
45892 4708
42803 24618
19203 12188
3386 12015
18851 44857
15478 2712
49866 24618
29572 11512
20437 36526
11557 43051
44247 21326
9477 7653
14804 2712
47682 26610
17970 39478
2812 41448
8130 11512
28693 14517
11075 11512
41538 47131
49866 30360
9223 4693
1965 5747
40174 7534
38029 2957
38253 40474
36526 30874
12188 19943
14076 27936
3978 39540
49866 27675
3298 12188
21597 19324
20437 38558
34829 32871
49933 15369
5599 30360
17287 22621
44309 17848
24763 9977
13461 14076
7534 40013
35721 9977
49975 6948
38558 41538
15229 39142
47682 38253
5416 21254
21254 39394
44309 40665
32445 27936
41448 43016
31993 39851
36616 11557
39142 43058
30609 4181
45892 36654
39142 12188
16916 6948
30921 9722
41233 3154
40474 38755
26250 9223
48754 39394
43058 26612
38558 48754
39782 20704
21254 14005
18393 1965
41538 3978
39540 11404
4708 35721
14804 41387
16703 21382
21382 2957
3154 23409
43291 24409
23409 49975
44510 1486
39478 5756
7653 26610
43051 40174
22214 9722
43051 1144
43101 12230
24938 39782
15369 44857
20754 3978
2147 42803
24409 49251
16916 31479
48754 32240
1251 7653
33394 12188
28183 45198
49866 21326
20754 6523
18393 44857
45517 8130
26612 48754
12188 30360
15369 48391
5599 12230
21326 30921
31993 9977
28183 32240
40474 20437
26612 41387
1965 21382
41538 16916
24697 28183
29572 21326
3298 34256
38029 27675
21734 28183
42303 37555
11075 22214
27885 3298
44309 28884
18393 21326
19324 1616
40474 42303
1616 41448
1486 41029
12775 48768
9278 34045
15478 40227
33114 43843
34829 43843
896 14520
43843 41538
45892 15611
35598 1251
20704 15229
39851 38029
38558 39478
27786 28693
32445 21734
37555 32240
39015 6523
8130 15478
38883 43016
11075 21254
17287 28693
9477 20704
43058 44247
36526 49866
43058 9977
21382 1486
40013 18851
9477 23184
28884 39851
9977 11512
4708 43799
15369 26610
3978 41409
49933 8790
45892 32012
32871 40474
26381 21254
4708 19324
23184 12775
32240 44247
40174 9722
9223 32240
20437 37536
6523 32871
43058 13461
41538 40013
49975 11075
4708 38883
44309 39478
39851 28693
40013 41409
36451 12775
20754 22214
11391 48768
43291 40174
30874 1251
9995 43016
42803 44510
9722 49251
4708 1616
1965 1251
14520 40227
19203 9995
3386 35598
14520 33613
41409 38883
33394 33371
41409 12188
32387 1616
30360 11929
40474 26381
38883 42803
39142 6948
17287 42765
6948 24938
9477 47670
32871 38029
39015 11512
17835 8790
26381 9995
45892 3386
41538 39478
23409 6523
9477 25606
39142 27786
48391 35807
19514 21382
43291 41387
2957 42765
35598 382
27982 17835
1486 36616
26612 34045
29572 33017
3386 40474
45198 14520
5416 14804
26381 15369
13461 5416
33394 39540
30360 40227
19324 49251
33394 19943
35598 43843
39851 38558
14517 11512
6948 5416
47682 17970
44857 27675
16379 30360
17848 27786
34256 43016
14005 24763
33394 19324
32012 41029
36654 2812
11075 33429
28693 26250
33429 16379
11075 33659
24618 15169
16703 49251
49866 41029
26381 19203
45234 19203
32240 20704
44247 11404
35721 2149
38883 25021
39782 17835
24409 7444
382 11075
15229 2149
45234 36526
16703 39394
17835 35807
44309 1251
16916 42765
8130 48391
35721 16916
15478 36526
22433 47682
22214 39142
1251 44857
16379 26610
2712 48030
42803 17848
41538 47682
35807 24938
14076 27786
12230 1144
24697 37490
32387 11512
20437 19324
37490 23409
48391 5599
4181 30874
39782 7653
40013 17970
14517 26250
12188 32240
27936 44857
11404 38253
26250 11075
7653 28693
39782 42765
36654 1144
3154 26610
29572 42803
17970 44510
36526 46093
36654 11557
26381 5599
43291 45892
9722 28693
40013 7653
19943 39478
14520 32445
35807 49866
15478 45198
31993 3298
3298 33429
39540 43016
19943 1965
22621 43291
13461 2957
3386 17835
49251 42803
11075 21382
15169 17835
3154 4708
9477 49866
9278 41387
17970 15611
47682 33114
11391 11929
14540 40174
33659 13461
39015 9722
18393 39851
36451 7653
20704 1251
49101 38883
31479 39851
23409 44857
49101 14804
26250 46093
40013 31993
2147 28183
3978 33114
17848 20754
9477 49975
18851 5756
21734 5747
22214 4708
9477 19514
17287 8790
20437 11929
17848 7653
5416 44510
37490 38029
5747 1251
12015 23409
40013 14005
9977 43051
41409 41448
27982 33017
38029 18851
21382 43101
19203 33371
15229 3978
20754 32012
43799 22621
6948 1486
37555 26250
39782 21382
41387 48768
35807 1486
34045 37490
7534 27885
30921 21326
39478 2957
49866 40227
1486 26610
34045 1486
40174 27885
40013 38883
40227 1616
30609 39142
23184 32445
9223 30921
39142 45234
6948 24409
32240 21382
39015 21382
21254 34045
26381 24763
33613 48391
22433 27936
35721 40227
38883 28884
34045 39540
26381 28884
25021 2957
44510 24618
15229 49866
25021 32445
43291 44857
36526 27982
16703 896
20437 2957
24409 14520
47670 42803
15169 36616
14517 2957
33371 48391
26250 28884
11929 31993
12188 22214
39394 44857
22621 14540
43291 896
33017 43058
17287 43051
32445 47682
21326 40174
21326 33371
34256 7653
43051 45234
9977 45517
2812 36616
42803 382
39540 26612
2147 8790
38029 39782
41387 25606
21382 40665
32871 38883
24409 22433
42765 39015
43016 33114
15229 12960
32240 11512
15478 27786
11557 39142
26612 17835
35807 21326
46093 40227
33429 14520
11404 30609
14517 12188
26612 15229
5599 47670
44510 5747
48768 37555
47682 20754
39015 24618
21326 47131
33659 15169
38883 2147
24618 25606
4205 45198
19943 896
39015 49866
1251 7534
26612 38883
2812 8130
24697 49251
49975 40474
31993 17287
16916 4693
18851 11391
11512 45234
19203 23409
18851 34256
43051 42675
9977 12015
9477 33659
14005 7534
29572 49251
32387 24763
26610 38253
30360 48391
49101 12015
11512 33613
9995 24763
2812 49975
49251 48754
34829 24618
9477 12015
14517 21597
37536 44857
27786 41409
26610 8790
17835 7653
32871 3386
42803 16703
47670 35721
1251 28183
47670 5756
32387 49251
12230 19203
44510 21254
4708 3154
38883 43058
36451 19324
30360 1486
22433 15229
2812 25021
45892 49866
34829 24409
33017 33394
37555 5416
9977 31479
1144 28884
21382 38755
40474 1144
18851 42675
3154 15369
40665 4205
13573 37490
30874 24938
2812 4708
2147 3154
43051 21326
27936 24618
34256 5599
15169 49101
20704 28183
48768 39478
48768 45234
11404 23409
12230 40013
4708 18851
8130 1486
42765 28884
33429 21597
16379 41233
4181 37490
47131 15169
43016 46093
12015 41448
44247 37490
16916 35198
11929 15369
19514 48391
44309 32240
45517 2712
33017 47682
15229 2812
17848 21326
2147 13461
41409 41233
12230 43799
40174 47682
31993 11391
49251 33114
25021 15169
43101 24763
2957 1251
4205 896
40013 32240
4205 45892
2812 30874
26250 5416
33429 45517
19514 22214
43799 42675
38883 16916
14520 48754
20754 14540
47682 45198
14540 44247
32445 896
33394 15229
33613 12230
17970 2149
14804 32012
15229 49251
11075 49975
33613 40227
8790 24618
24697 14076
34045 14076
4708 896
27786 24763
32240 18393
5416 15611
25021 36616
382 32871
34045 43799
27786 6523
33429 37555
35721 12015
34256 19514
11391 33017
45234 14540
4205 27786
47682 18851
38558 21326
12775 33371
37536 31479
39142 1251
9722 15369
49866 40013
13461 14517
14804 3386
27936 19943
33114 32240
35807 7534
11391 21326
32387 43016
42675 15369
12230 382
20437 27982
48391 21734
11512 42303
42803 2957
2147 46093
27885 9278
38883 34829
14517 40474
26250 18851
28693 16703
1486 30874
45198 7534
40227 48391
36654 45234
4205 47131
1965 39851
43291 33114
40665 25021
17848 2147
1144 26612
11075 14540
5416 25021
22621 34045
9223 3298
32688 15369
19943 9995
47682 35198
31993 4181
34829 21326
41448 3386
34045 32871
12015 41233
7444 28693
38558 20437
43291 14076
36654 43101
15478 33114
33394 40665
2147 37536
39142 38253
40227 40013
47682 16916
3386 43051
15369 40227
33394 42303
13573 39851
27885 24618
2147 49866
25606 1616
23409 35721
39540 28183
28183 17287
382 19943
1486 8790
41029 36616
47131 34829
2812 44857
38029 11075
24697 36526
33114 32445
14005 4708
11557 14005
18393 9995
4205 5756
33017 24697
6523 39015
4693 21326
49975 27675
42803 5747
30609 27786
49933 23409
12188 43291
43291 9722
27982 39540
37536 39782
16703 33114
11512 11929
31993 42765
39394 12188
36616 41409
16916 5747
27982 21382
40013 47131
49101 38029
12015 48768
39782 9278
29572 32240
35721 40174
2147 48030
4181 43058
49866 24938
33659 18393
15169 32445
12230 11512
1965 30360
32688 41233
44857 9722
24938 32445
21326 8130
28693 16916
40013 41233
37490 44510
38029 33659
2147 4708
36616 30874
1965 41409
32387 41538
39478 45198
31479 9995
32871 27936
45234 39394
2147 14520
22433 896
33017 22433
24697 33659
19514 11404
40227 11404
6523 43058
45198 12230
30609 33017
8790 22621
24409 14005
42303 7534
16916 19514
21734 4181
27936 21597
9477 40174
38755 2147
35198 9223
15169 27885
48030 4693
11404 24763
12230 14005
32445 39540
21597 42303
38755 4708
24409 12015
19324 32445
16916 21254
49975 48391
22433 33394
40474 5756
20754 41409
20437 7444
15229 33394
5416 35721
14520 2957
5416 382
39782 19943
32445 15611
20704 43051
35598 14005
21382 6948
4181 48754
25021 34829
14520 24763
6523 41448
11557 44510
11512 34829
7653 17970
1144 44857
47131 36451
28884 24938
32688 21382
14804 37536
19943 12775
39851 12960
40474 43101
38253 896
20437 44309
3978 17287
29572 48754
42765 5416
32012 44510
48768 9995
14076 48391
33613 34045
20754 27786
12015 15478
11557 26250
41538 11404
41409 34045
37555 27936
43058 23409
16703 9995
45517 35721
41538 2812
17848 30609
49101 38755
12188 38883
26381 35807
49933 39015
32240 28884
27675 12960
42803 31993
18851 30609
1965 45234
1144 15169
43799 39142
27936 4181
7444 49101
38558 11512
1616 28693
42675 30874
30360 21382
17287 11929
382 9995
41409 15369
22433 22621
9223 39015
24697 43799
27936 1144
3386 33659
36451 33371
15229 43058
33429 2712
42803 42675
40227 15229
896 15229
2147 49933
29572 39015
27982 38253
43051 37536
33371 2149
6523 34045
11391 43051
21326 9278
1144 43016
21326 42675
34829 44247
34829 42303
21734 19943
48768 22214
44309 38029
15169 31479
43799 896
12015 24409
18393 26250
47131 32387
12188 49251
44510 27786
36616 49866
35198 48768
27885 9995
35721 15478
7444 19203
9722 40174
39142 22214
32445 9722
40013 19514
40474 48391
43799 24409
22621 17835
40013 20754
18393 47670
44247 1144
14540 41409
38755 45892
1251 40227
4205 39394
44510 39394
38029 32688
14005 49933
14076 26250
45892 20754
49975 33429
33017 9278
36526 18851
43291 5416
42675 26381
11557 6948
1251 2957
27675 22433
30874 33114
2712 30609
15369 5747
4693 16916
14005 38558
39782 32688
47682 32871
39782 30360
4205 37490
6523 6948
9722 15611
17835 32445
7534 45892
26612 47682
18393 12230
1965 24938
36526 14517
48030 29572
20754 26610
35721 41409
34829 37536
27675 39394
36616 2957
48768 4181
31479 28693
7534 4708
40665 24763
15478 28183
7653 40227
41029 44857
40665 4708
896 2149
42803 27675
3386 36654
35198 32871
49101 44510
39015 16916
11404 1251
43101 12775
39782 40174
25021 49866
23409 47670
43051 35807
31479 12230
27936 31993
23409 2147
36616 46093
896 21597
39782 11391
25021 46093
5756 9278
45198 39394
48391 26381
21597 28183
49933 14517
11404 26612
39540 11391
28693 12775
32387 5599
44309 31993
41409 7534
25606 896
21597 16379
3298 5747
30874 31479
45517 39851
46093 21326
24763 33371
40665 1965
8790 2812
41387 35598
34829 6948
39540 22214
43101 17287
3386 43101
27936 37536
3386 38029
5756 40227
27936 44510
40474 27675
5416 26612
20437 12230
26250 6948
46093 49933
19324 33394
2812 40174
49933 11929
36616 30360
14540 16916
38883 24763
38755 17970
38755 36654
14520 25021
9278 49101
34045 12960
26250 9977
11391 15229
9477 9278
2812 43058
43843 9995
42803 39540
3978 39142
34256 1965
30609 47682
18851 20704
4181 34829
20437 35807
21734 21597
43016 42675
41409 28693
14540 3298
49251 16379
48391 43799
1144 11512
12230 32012
12775 33114
7653 27885
41029 11391
14804 32871
32387 27982
6948 11557
35807 34045
896 9278
34829 17835
382 11391
35598 22214
44309 7534
15611 32871
42675 43799
5416 25606
15229 23184
3298 17970
24409 21734
48768 30921
44857 20437
22214 11929
34045 48768
25606 18393
29572 2957
36526 35807
896 45234
42765 45198
14540 22214
41538 33429
19943 27936
23184 24697
2147 11512
16703 15169
33429 11391
36526 11075
23184 45198
47682 31479
26612 43291
21326 43799
39782 4693
34829 26250
12230 18851
40013 11929
19514 37536
46093 25606
11557 7444
48391 20754
2147 33017
40665 33659
15369 49101
24409 16916
14520 40013
44857 12775
9995 27675
1251 20704
22214 11557
33613 47131
7444 9977
5599 21597
11512 49975
41387 17287
9223 24763
43291 48030
24938 45517
16916 18851
32387 382
28884 27885
17287 382
27982 4708
35598 896
17848 14517
49251 5416
15369 9977
896 11929
6948 37555
19203 37490
24938 38755
47682 34829
17848 3978
45234 43101
27982 8130
8130 11557
41029 13573
8790 14005
31993 49975
13461 35198
39478 30609
47682 2957
39851 17848
23184 20704
33394 7653
27675 36654
32240 38558
30874 21254
21326 48768
16379 17287
35198 9278
4708 21326
11557 26610
21382 43291
48391 3298
32688 23184
22214 9995
26610 3978
39851 7444
3298 4205
2957 12775
34829 8790
48768 17848
33613 30360
6523 45198
26250 2149
15478 20704
15229 9722
21382 38883
44857 49251
49101 11404
38883 28693
48391 4708
45234 42803
14005 15611
20437 26381
12015 18393
14540 38558
35198 43843
5416 7534
33017 25606
6948 15169
12015 41409
7444 25021
4181 16916
15229 26610
8130 7653
6523 7653
26381 39851
38029 25606
32445 39142
14005 32445
20704 21326
39540 36451
34829 34256
21382 34829
31993 46093
40013 4181
33017 8130
17287 11404
39540 33659
38029 8790
47682 5416
32240 33394
36451 35598
3386 48768
19514 49866
39851 47682
34045 24618
2147 40665
41538 3386
36654 43058
4181 20754
41233 22433
34829 33659
38029 20437
39478 15229
41233 49101
32240 16379
26250 7444
28884 41409
41387 27786
30921 17287
13573 16379
1251 20754
49101 6523
11404 14517
5747 24938
27936 39142
2149 16379
1965 32871
40174 19324
45234 24697
14076 38883
32445 21382
4181 39394
20437 15369
33613 45892
23184 27675
21382 36451
17835 14517
22214 28693
4205 24763
14076 4693
9477 20437
9278 37490
6948 35598
4708 12015
27982 13573
16916 13461
14517 38755
32012 16916
9223 48391
42765 38883
35198 15369
2149 24409
2957 39540
39540 43799
21597 43799
43016 39782
49975 42803
38558 43291
40227 15169
43799 20754
3978 35721
20704 28884
13573 11391
27786 25606
45234 46093
29572 3978
35598 3386
36654 18393
14804 14005
24409 43291
39142 16916
16703 35598
12960 28884
47670 4181
14520 28693
9477 9995
9995 35807
28693 27786
26610 37536
33659 37490
8790 27936
38029 35198
11075 32445
23409 24938
42303 27675
33017 6523
40227 35807
28884 2149
34256 9977
28884 39142
37536 7534
34045 20754
45517 45198
41448 17848
3978 1251
48754 5599
48754 35807
9722 26381
19324 37555
6948 896
44309 21597
32387 46093
33429 32688
15478 35198
26381 41029
11075 21326
11929 49866
2147 35198
47131 20437
32688 43051
28183 35598
40474 1251
41233 4708
19324 38883
33429 23184
35198 27885
5756 7534
47682 1251
40013 5416
18393 5756
40665 19514
2712 33371
14005 32012
45198 14540
1251 2149
35721 27675
43799 33613
12960 5416
15369 38558
15611 3386
20754 40665
20704 45892
12188 44857
39142 6523
27786 1965
32387 33114
23409 44510
35721 33371
30921 45517
18393 8790
40227 27936
41029 20704
14076 41387
13461 19324
14076 27982
7653 36616
3386 18851
1144 16703
20437 30874
36654 27885
5756 35198
24618 2957
15478 22214
37555 39851
1616 41538
39540 47682
41029 14076
22214 15229
26610 15478
24697 38755
21734 16916
43291 27786
30360 41409
4205 15229
382 33114
28183 9977
5747 8130
26612 43058
48754 32387
29572 21254
30360 39142
2957 30874
33371 3386
24618 31993
14540 6948
11512 47131
28183 11404
27675 30921
33659 39015
24697 24618
19514 42803
4708 28693
19203 47682
11404 19943
1486 25606
27982 49975
14520 9477
9477 33114
39540 43843
39540 17970
20704 23184
19203 44510
21597 17835
41538 4205
38558 37490
39851 6948
5756 17970
37490 38883
34045 49933
1486 43843
33114 18393
33429 4181
14076 26610
27885 49975
38755 12188
9223 41538
49866 32240
4708 47670
33613 38558
7444 26381
3298 31993
48768 30360
32012 43051
16916 19943
44247 22621
33429 38755
33659 40227
39142 28183
40474 42675
19943 26610
42675 17848
23409 18393
30921 42303
17835 26381
11404 12015
37555 38755
11404 7653
11391 26612
45517 32240
28693 14076
3978 38253
32012 16379
2957 44247
18851 48391
14076 40013
14540 32012
27675 46093
14520 32871
39540 47670
12775 12960
38029 11512
26250 40474
49251 14076
33114 38029
12960 4708
34045 31479
35598 25021
30609 44510
43016 33371
43291 34829
18393 40227
36451 23409
24697 16916
41029 24618
16379 27885
40174 12230
49251 39015
26612 5747
19324 12188
25606 21382
1965 9278
7653 4205
382 22214
14540 42303
39782 14540
17287 32240
12188 35598
49251 11404
17835 33394
21382 38253
31993 30609
37555 23184
38253 22621
40174 42303
32871 2812
26612 11075
39142 12230
36526 41409
36654 28884
32688 3298
22621 14804
41409 36526
35807 15478
43058 382
11929 48768
23184 13573
39478 21326
49101 39782
32012 27936
13461 40013
5747 34256
15169 43843
38253 43016
9223 32871
12960 34045
12230 7444
29572 32688
40665 6948
16916 26610
49866 4205
16703 2712
3154 30360
42803 17970
13461 21382
15611 3298
44247 41409
20437 35721
27675 39782
21326 39394
33613 37536
36526 42765
8790 9977
35721 5599
17287 26612
41448 32240
8130 44857
47131 36526
13461 32240
30874 41029
46093 34256
41029 38755
43799 6948
25021 12015
45892 32688
2147 43058
30874 14804
1144 1965
21734 45198
39394 14520
40474 15369
11391 15169
41029 42675
16379 30921
7534 5756
15611 39015
2957 22621
11929 9278
28693 19324
38558 49933
40013 4708
5756 45198
17970 5416
48391 9722
48768 24618
3154 42803
33659 9995
30874 15229
15229 2147
24763 48391
28693 45517
35807 12015
30921 37536
22621 26250
36451 43016
24938 12015
39394 19324
4205 47670
44857 22433
43843 32688
35807 5416
13461 46093
19514 45198
41448 3298
14520 41387
31479 15169
27936 41409
21597 22214
27982 34829
45892 2812
46093 1144
33613 9278
45517 40013
48030 35198
36654 26610
44857 17835
5599 26612
22214 12230
25021 14517
9477 24938
41448 15611
40174 38029
28183 26612
7534 15229
11557 15169
12230 8790
15611 41029
22433 11391
34256 43799
41233 5756
32688 4708
7534 1144
38883 9977
24697 24938
22433 33371
39478 44247
9977 21254
28884 43016
24697 33613
32012 382
26381 28693
41538 20704
42765 40013
20704 16916
5756 21254
1616 5599
27786 43799
40174 48768
49975 43843
39851 12775
36451 15369
20704 30360
24938 39394
39394 17970
43016 15611
21734 14804
45198 27786
9223 11404
11075 9977
38883 33613
40174 23184
32445 19514
2149 21597
43799 21254
48768 36451
19203 30874
9977 35721
16916 38558
15369 23409
4205 19514
5756 5416
3386 22433
44857 15169
6948 49251
11512 23184
32688 43291
32387 40013
21734 43101
15169 33114
47131 32871
9722 40474
37536 33114
36451 32445
49866 45198
46093 16703
39394 47682
8790 20437
1965 32445
22214 26250
28693 43051
39142 47682
1965 28693
40013 45892
45234 43051
7653 33394
44309 12775
41029 17970
33429 4205
5756 2147
20437 12960
44247 26612
35198 20704
4205 41448
36526 14804
26381 16916
9477 22433
19514 2149
9722 43058
39478 2147
17970 21254
896 8790
33114 4181
4205 41029
5416 43843
33394 49866
23409 14804
21382 33371
24618 9977
16379 12015
41387 32012
21254 28183
34256 14540
20704 15369
32240 1965
29572 45892
11512 18393
37555 14540
39478 40474
6948 21382
40474 32688
38558 43051
7444 30874
42765 25606
43058 22214
23184 12188
48391 3978
30921 32387
43101 21326
49866 21597
43051 14540
18393 1486
30874 11512
24618 27675
9278 41409
43051 11075
41233 12230
27936 38253
5756 6948
26250 47670
38755 43016
36654 33371
35721 39478
49101 37490
42765 3298
5416 18851
42303 17287
48768 45892
40013 33394
38029 2712
29572 4205
45517 18393
9278 18393
15229 35198
3978 43291
13573 45198
41409 30874
21254 22621
31993 44247
27936 49101
47670 896
22621 16379
1965 15229
42675 12960
43843 15169
33613 49933
43016 27786
9223 35198
22214 24618
15478 33429
7534 5747
33371 8130
12775 27885
49975 14804
34045 41448
14540 9477
49251 33017
47131 42675
20704 3978
32445 31993
2957 49933
39851 48030
35198 41538
9722 3978
16703 12230
11404 44510
24697 20704
49101 382
45892 18393
42675 33017
43291 47670
1251 9223
4708 41029
38883 6948
41448 43291
26612 9995
2812 11929
49975 26250
32688 5747
41233 49866
26381 12960
5599 39782
49866 42803
18393 39782
38755 33114
24618 20754
44857 12960
32688 31993
9278 21734
35598 18393
49251 30360
9223 12960
36654 3154
49251 48030
46093 14517
40174 41448
49933 19514
23184 22433
21734 38253
27982 26381
34829 42675
48391 7444
46093 39015
41448 41029
1965 41387
15169 48754
43051 44309
40013 31479
2812 47670
40474 24697
21734 14540
24618 38755
382 26381
48391 4205
37555 45517
36616 17848
30921 15169
33429 31479
4205 17835
25606 47682
5416 8790
31479 43843
48030 47131
30609 4708
17287 22433
38755 5599
15229 33371
44857 27885
21597 33659
17835 30360
7534 9977
32871 2149
38029 40665
38755 32445
48391 30360
28183 24697
3154 36654
14076 14804
20437 3978
33371 16379
14520 41233
32240 32387
17848 22621
43016 43101
9223 22433
1616 1965
4205 12015
41233 32240
38558 28183
24938 41448
43101 37490
40665 896
4708 12188
896 38558
40474 12015
5756 42803
38883 11391
382 22433
19203 41029
26381 33371
4693 24409
42675 24763
14804 33613
48768 4693
18851 896
20704 15611
19324 48754
20704 27936
32445 43843
14520 9722
41538 12015
32445 15369
17287 41538
44247 32871
21326 32240
39394 41029
382 27885
11557 47670
41233 21326
4205 28884
28183 41409
44510 48768
3386 36451
48754 30874
49975 41409
45234 21734
40474 43799
33017 27885
41029 14540
35721 23409
19514 9995
1144 15611
39478 41448
43051 30921
12230 48030
12188 14517
41387 12188
896 43016
7653 24938
5756 9477
2957 47682
12015 37555
7444 14076
14520 43291
47131 17287
33371 18851
23409 42675
1616 15478
38883 41448
2957 24697
26250 41233
5416 24938
7444 16379
5756 32871
12188 14076
7534 24409
21382 26381
32012 43058
1616 6948
40013 14076
46093 47682
24938 33613
43101 2712
41233 38029
29572 24618
3978 7534
22621 32871
19203 896
36451 41387
2712 7444
14005 42765
39015 24763
2812 30921
26610 32387
13461 24618
14005 36526
38558 45198
11391 33613
27885 17848
33394 2149
25021 14540
18851 32445
28693 33017
35807 7653
33394 25021
5416 22621
26610 40665
35198 20754
49251 36654
16703 17287
2147 40174
49866 17835
2957 34829
24763 39142
37490 11929
39540 47131
16703 9477
43291 5756
31479 5416
17835 17970
25021 896
48030 26381
15611 49975
42765 43058
19203 48030
48391 20704
35598 5747
28884 32387
896 2147
44857 9278
41029 27982
43843 43101
43291 44247
2712 9977
34829 41029
42803 4708
32012 17848
34829 11075
43016 16916
9278 42765
41387 39851
20704 8130
26612 49866
37555 11075
382 35721
24938 40474
32240 47131
39782 22433
28183 22621
12775 43799
45234 30609
21326 44510
47682 24697
26610 14517
24409 45234
9278 47670
44857 45517
3978 27936
36654 7653
32387 27885
49251 37490
38029 15229
5599 11512
37536 3978
31993 4693
27786 49975
17970 29572
19943 40665
14005 27786
9722 31993
24618 48754
1144 27885
2147 15229
8130 17848
24697 42803
1486 32688
38558 31479
896 26381
6523 43016
46093 43101
33659 48391
49933 7653
21326 48030
28884 12230
40665 38253
36654 35807
35598 33429
19514 13573
9977 33017
35198 38558
23184 38755
14517 40227
36451 19943
24409 47131
7444 3386
45892 28183
17970 42765
37490 27786
43016 35198
16916 15229
35598 25606
26610 38883
43101 33371
39540 14076
47682 12188
38029 21734
39015 34045
7444 15611
38883 11557
4693 42303
11512 14076
12775 32688
2149 15369
14005 18393
12230 49933
5599 39394
32387 15369
22433 49866
36654 11404
37536 5756
4708 17287
43101 32688
35721 1616
11404 45234
19203 4181
5599 49975
2712 2147
37490 48768
14076 15369
32240 3386
42675 19203
33114 21254
15229 29572
7534 24618
23184 23409
5416 19943
5599 40013
21382 49975
48391 13573
45892 20704
11557 41538
24409 17287
20437 5416
16379 1965
15229 48754
38253 16379
15478 37536
3154 27982
33394 41233
15611 44309
21254 15229
13461 31993
34256 16916
5416 36451
42675 9223
44857 48391
1251 38755
20437 45198
42303 21734
36451 6948
42675 24618
1486 43051
11391 1965
37536 16916
48030 5747
35721 28693
44309 9477
9223 47682
2812 3386
6948 16703
1144 18851
16916 39015
26612 40013
38883 14005
23409 43058
39015 47670
382 47682
28693 30360
27675 19324
24697 12188
15478 48391
17835 9977
41409 8130
896 46093
9223 39478
22621 47670
3298 4693
21326 48391
40013 11557
42675 1486
44857 38883
32445 35721
48030 32387
39782 41233
1144 21326
9722 2957
8130 40665
2957 6523
31479 17970
27982 14520
44247 23184
36526 8790
14517 38558
48030 5756
12960 43291
21326 30360
43051 17970
28693 28884
32688 15229
45892 43101
13461 44247
42303 35807
44247 22433
16916 48391
32871 48030
8790 49933
7534 45517
12960 12015
3154 44857
48391 36654
23184 15169
1486 17970
1486 26381
382 34045
44857 31479
49933 38558
17970 3298
43843 1965
6948 41409
38029 19943
35807 40665
27786 42803
4708 31479
18851 37490
18851 12775
30360 47682
7653 24409
39782 40227
3298 49251
2957 21734
42675 41409
22621 24409
30360 2812
23184 15369
44309 40227
24763 16703
27936 11404
26250 39782
43291 48754
4181 32871
31479 32240
21597 43101
5747 38558
4181 47131
19943 32240
14520 36451
39142 14540
33394 45198
14804 11512
18393 35598
26612 49251
30874 22621
28693 38253
17835 39142
47131 16916
45517 47131
21597 20754
34829 41409
30921 6948
9477 1616
12188 31993
49933 6948
40665 11929
49933 27936
12960 896
23409 15229
33017 46093
24938 24409
11404 21597
12960 17970
26250 23409
37536 11557
11557 4693
9722 7444
15229 16379
11929 26381
7534 28693
34256 13573
49866 18851
37490 22621
11391 12775
30921 8790
17970 17287
3298 39478
39478 16379
26612 49933
2147 27786
9278 8130
32240 20754
3298 41387
42765 24697
9977 23409
9722 43291
19943 48391
33017 35198
36526 32012
11391 49933
33017 12960
15229 18393
38755 6948
5756 28693
30360 36654
27786 25021
43843 5756
21597 12960
15611 43799
382 44510
1965 7444
42803 49251
28183 11075
49866 37490
43799 16379
15169 49866
33371 19203
12230 1251
14076 47682
17287 25021
38253 34045
49975 14005
14520 49933
33613 26381
11557 40665
4693 43291
38029 48768
23184 31993
24938 43799
15169 23409
34045 37555
36654 7534
42765 11512
17970 15369
382 47131
30609 30874
37555 11557
19203 21326
21326 39015
31479 41448
31993 12188
30874 26250
1144 33017
32445 27885
44247 42675
21254 9977
30609 43051
1251 3154
40227 11557
2712 35198
38029 24697
2147 38755
33394 32012
30921 11404
33429 14517
28183 32012
20704 38029
20437 14517
14804 11404
21597 13573
43016 5756
34829 33429
1486 30609
16379 27982
49975 15169
30360 35198
41029 1251
47682 14076
12230 44857
14005 19203
2147 39851
41409 19514
43101 24697
22433 38029
36654 19514
39394 11512
39851 27982
6523 5599
11557 27885
3386 11557
31993 38755
11404 15611
45892 8790
41387 32871
21254 2149
43051 15229
27786 14540
25021 21597
49101 39394
39782 36526
25021 24618
23409 22433
38755 37536
30609 9278
27675 27885
14540 2149
5747 45234
16703 30921
35198 19514
43058 34829
33429 39015
26381 17970
12230 43016
21734 26612
19943 9278
45234 49975
39782 40013
45198 29572
30609 32871
2957 11404
39394 9278
39478 14005
34045 15229
28884 26612
28183 21597
15229 3386
49866 44309
30921 3978
41409 36616
45234 49933
15478 12230
19203 6948
49933 23184
20704 35807
9223 14804
17287 47670
6948 48754
37490 3154
34256 24409
15611 8790
21597 25021
26612 2149
33114 38883
5747 21734
8790 49975
19514 3386
14520 43101
34256 38755
35598 47670
41233 14076
9477 5747
48768 29572
5756 18851
2712 14520
24938 31993
20754 5756
21734 39478
44510 16916
14540 12015
20704 33114
3978 30609
7653 17848
28693 26612
12188 32387
9995 25606
38755 20704
36616 25606
39394 26612
39394 9223
38883 26381
3154 30609
43016 24618
38029 1251
39478 41387
28884 27786
12775 23184
39851 15369
41233 38755
40013 17287
39394 33017
11075 30921
4181 13573
9977 1251
49975 5599
28183 44247
49251 43291
49975 2712
4181 42303
14804 33429
11391 14520
22214 32387
22433 14540
39540 16703
33429 19514
3298 4181
4693 26250
48391 1251
24697 27885
9722 24697
41029 26612
43291 12230
26612 27982
22433 40174
25021 6523
11404 32012
46093 44309
3298 33017
1144 9477
47682 9722
4205 27936
30609 31479
11075 6948
11929 48391
44510 40665
17287 39782
40174 14540
42803 1144
36451 40665
1251 36451
19943 40174
7444 2712
46093 43058
36654 9995
19514 9477
49251 14540
39478 9977
48391 39851
30609 4693
32387 4181
33429 30609
44857 32871
12775 44510
43843 39540
42675 49866
11557 28183
43058 9995
5756 26250
30609 17848
30921 28884
33659 15229
39540 31479
25021 11404
24763 11391
24763 45892
36616 33429
26250 48391
40013 32871
5747 43016
30874 382
30921 44510
3386 16379
44247 29572
4693 41409
32445 33114
24938 27982
32688 33613
4708 39015
49866 3978
9278 49933
6948 45198
24697 5416
4693 8130
35598 4181
25021 43058
9278 14517
3978 32445
19943 24763
15478 47670
18851 21734
45198 4181
39540 33613
26610 25606
33017 40013
6523 11929
24938 26381
11404 7534
28693 47670
17848 27675
13461 24409
27982 6523
24938 39142
21254 17835
39142 21597
31993 24697
3386 31479
21382 22433
12188 35198
40474 5747
22621 37536
14005 26381
15478 49975
35598 11404
12188 23409
14520 35721
41387 23409
48768 36526
11404 2149
3298 24697
47670 49866
49933 2812
27786 41233
30609 36451
31479 43058
27675 17848
14540 28183
45234 15369
45892 37555
5416 30360
28183 11557
36654 33613
24409 35198
27885 11404
35598 8130
22433 42765
33114 40174
3978 33017
47682 15169
45892 7534
35198 14005
27786 32688
36616 42675
49101 49933
13461 25021
32387 39540
18393 45892
43058 39394
7534 11557
43058 43101
33429 12188
6523 1616
896 40013
22433 1616
9977 43016
20754 39015
36616 43101
7653 43843
44510 26612
2147 34256
45234 17848
18851 37555
43843 49251
11929 12188
38029 44247
11391 34256
19943 15369
24763 6948
41233 24763
48754 31993
32012 15369
40227 24618
47131 27675
15478 11391
3298 1486
38253 27786
38883 17287
15369 21326
21734 382
35807 47131
27982 2149
2149 18393
6523 40474
48754 33371
3154 14520
47670 48391
28183 44309
7444 3154
13461 5756
35198 12960
7653 27936
3978 3386
32012 6948
39851 39394
23184 11929
25606 33394
3978 27675
44309 48768
40174 38883
24618 3298
30874 21734
47131 28884
45892 2712
37536 33394
21326 14005
2712 41233
23409 2957
4708 20754
15169 15369
8130 34045
33429 39782
42303 42803
45517 21254
11929 17835
12015 3978
18393 38253
49251 14517
49975 9278
36451 14076
44247 34045
36654 5599
48391 32871
45198 3154
16379 45517
2149 4205
33659 38253
21734 44309
34045 2149
24763 39540
38883 22621
24618 33114
11929 38558
9477 13573
19943 8130
41029 39142
26610 35807
21326 38029
39540 25606
17835 43101
39540 15611
33017 12775
32387 32871
40665 5747
5756 27936
30360 24697
4693 25606
39394 40227
4693 19514
20437 41029
11075 18393
40474 17835
20754 13573
33659 9477
32240 44309
9223 43101
6948 30874
11557 5756
1965 27982
1965 30609
43016 382
24938 38558
12960 27982
36616 24618
41448 21597
22621 3386
18851 38755
31993 11404
13573 14076
29572 27675
11404 40174
40665 39142
23184 19203
37490 39782
19203 4693
49933 37490
17970 35198
2147 12960
2712 43843
4693 6948
5599 33371
4205 5747
42303 43843
27982 37536
39394 33394
32240 22433
39142 44510
14540 15169
45234 4693
27885 32871
19324 28884
12775 40227
37555 16703
40013 14520
35598 20437
36616 15478
33659 44510
9722 27675
14517 42765
14076 31479
36451 8790
37490 16916
11929 49975
42303 42675
5416 22214
18393 44247
47670 27675
47131 44510
12188 39540
7653 11512
33394 17287
5599 7534
49866 896
20437 11075
16916 1144
40174 33613
6523 45892
33114 20704
9722 17287
44309 40174
19324 11391
44510 33114
21382 36616
43101 16703
14540 15369
5747 35721
47670 7444
25606 48391
41029 6948
43799 34829
43051 32445
38029 37536
41409 6948
11929 40227
1616 40013
1616 9278
1965 48391
3298 8130
44857 33394
11391 28693
11557 39015
13461 45517
39851 42803
43016 24763
48030 33394
47131 1965
40013 37536
19324 28693
7653 43016
2147 39478
45198 9722
21382 15229
9477 3154
34256 12775
21326 14517
12015 29572
12775 15611
26250 44857
5747 34045
13461 41448
40013 13461
15478 7653
33429 44510
17287 21597
49933 44247
39540 33371
5416 12960
12015 23184
47131 15478
20704 45234
382 25606
34829 20437
32871 46093
9278 1616
32871 26610
49866 9995
13573 26610
18393 47131
43101 4181
26610 24409
41387 4181
16916 44857
15169 40665
21734 32012
4708 37490
38883 48768
43843 12960
2149 33371
38883 37490
6523 44857
38755 32012
2147 27936
11512 15229
15478 17287
41233 36526
21382 23184
33371 33613
40013 43058
28693 9477
20437 24697
31479 11557
34256 17848
7534 38253
3386 4693
23184 5747
37536 3298
15169 24409
44309 28183
19943 9223
26381 33429
13461 39851
47670 43016
16916 34829
46093 41409
34829 30874
37555 23409
3298 43799
16916 35721
8790 19203
27675 4205
22621 33429
39142 20704
31993 2149
37555 37536
22621 33017
12775 42803
35807 22621
7534 35598
19203 44857
40474 27936
38253 22214
32387 47670
18393 11075
37490 1616
37536 12230
6948 38558
15611 28884
17287 7653
24697 41233
13461 9995
39851 9977
33429 28884
7444 32445
32445 37536
43291 48391
12775 27786
39782 11557
21597 26610
36526 27885
20754 37490
32445 37490
26612 41029
3298 38558
896 33017
1251 27786
42675 49251
36616 35198
15369 47131
49251 11391
43051 49866
2812 32871
24618 7444
37555 47670
36616 43051
3154 49101
26610 14005
11929 9722
15478 5756
39782 35807
43843 2957
6523 9278
45198 15478
38029 11391
44309 43843
24618 21597
18851 12960
43051 2957
11075 40227
12775 28693
36526 8130
26612 32871
29572 11404
33429 9278
48391 4693
41448 19203
9995 4708
21734 22214
44857 34256
38755 36526
39394 16916
36451 21734
27786 48768
25021 19324
37555 32871
26250 32240
22621 43051
44247 40174
32871 41409
21597 13461
44857 27786
38029 44309
39782 12960
6948 39782
38029 9995
42675 41233
43101 34256
15169 48030
24697 15478
47682 5599
27885 7534
39540 48391
21734 2957
9278 38883
9977 26612
12775 47670
32240 31479
26612 36616
21734 1486
48754 14517
6523 22433
9977 20437
20437 45517
896 9722
41448 1616
16916 21734
47670 24697
39851 11929
23409 43016
33371 35598
27982 45198
15229 20704
13461 20754
25021 39851
17835 41538
33017 1144
45234 27982
15229 49933
15169 28884
5747 40013
29572 48768
22621 48391
15369 37555
32445 18393
17287 41029
28693 39782
43016 30609
40013 26612
35807 12960
28884 29572
11404 33659
49866 5756
3298 12015
43843 38253
2957 2812
35598 33613
32012 30609
43016 49866
16703 33394
21734 25606
40013 41387
43058 35598
48030 13461
45892 7444
43016 40474
24763 2812
49866 42765
4708 22433
9995 4693
15611 3978
39015 44510
47682 39540
20437 2712
43016 4708
31993 42675
48768 2712
22621 17848
37536 48030
42803 39478
41233 27936
15369 40013
42675 48768
1144 30921
17287 27982
3386 11075
33429 896
26381 41387
27982 14540
31993 45517
32445 20704
48030 24618
36654 41409
32871 19324
37555 49975
48754 37490
30609 17835
9977 18393
41387 37536
13573 2147
20754 36654
27885 23409
19943 45234
39478 14520
36526 48391
5756 2712
7534 48768
1144 15478
30874 15169
35198 45234
37490 35198
896 38755
34045 18393
39540 14804
27936 11075
2149 14517
2812 19203
39851 1486
7444 45892
24409 9722
47670 39851
32240 36616
33114 33017
43799 33017
20437 39478
43101 18851
9477 8130
22433 45198
47682 2147
32871 33613
27982 39782
44857 7653
21597 39851
16379 21254
14005 11557
12230 44510
39540 37536
19324 31993
19203 36526
45892 35807
1251 37536
9995 16703
12960 1965
49975 39015
47670 40474
27936 12188
21326 39782
38558 37555
15478 39394
27982 35598
28693 12015
14804 19324
41233 33371
48030 896
48391 25606
43843 29572
14005 14540
20704 33394
21734 31993
16703 48754
43058 7653
11929 36654
27786 20704
13573 5416
44247 41538
7534 37555
12775 34256
1486 15229
1616 32387
1486 16379
23184 2147
34045 26610
41387 45892
25021 34256
12230 27936
15369 12015
17835 36654
49101 17287
26250 32387
27885 12015
42803 14076
20754 11929
42803 49866
45892 34045
3386 37555
1965 48754
33659 1965
41448 12230
15369 15478
382 35807
39394 38253
27936 24697
27675 40174
40474 15169
12960 32445
35198 41448
13573 17970
4708 5416
9477 38253
14517 896
21254 16379
14804 39478
39394 16703
1144 44510
43799 41029
30921 16379
45892 49933
12960 39142
27982 22621
39015 17848
38253 36654
24618 32445
17848 21382
41387 42765
11075 9722
46093 26612
1486 28884
40013 22214
18393 30874
39394 14005
34829 46093
15369 2147
27675 38883
49101 1486
48754 27675
24763 26381
3978 47131
19324 43058
6948 25021
38883 46093
45517 30874
49866 16703
20437 19203
26610 2149
24409 27675
9278 14076
16379 7534
32240 49251
14520 24697
31993 39394
36616 21597
42675 18851
28884 17287
22621 45198
9223 7444
7444 36654
12230 27982
11512 9995
30609 13573
33394 20704
41538 27885
17287 1251
43016 3978
31993 21597
9995 19203
11557 7653
11929 48754
17848 19943
9995 3298
41538 36526
14005 36451
28183 15478
16379 15478
45234 24409
26250 4708
14540 21326
34829 11929
7534 39851
15369 36526
17835 33114
44309 27786
37490 31479
39478 27786
19203 43799
1616 33371
1965 23184
44247 40474
15169 49975
49933 44309
41409 5416
4205 27675
3298 28183
12775 26381
28884 8790
11512 39142
48391 27936
17970 28884
18393 15478
1965 21326
8130 36451
33371 36451
4693 47131
41233 19943
38755 12960
24938 45234
3978 37490
38253 39015
31479 17287
45517 26250
43799 4205
32012 19203
41387 30874
3386 23184
48768 42765
41029 21597
1486 43016
13461 49975
4693 36451
42303 49101
40013 39540
37555 25606
49866 23184
42765 14005
11557 21382
23409 7653
41538 32688
1965 14076
21597 2957
45198 45517
39540 21597
40227 3154
19324 2812
46093 28884
43058 36654
15611 24409
26250 5747
27885 17835
19324 11557
3386 46093
29572 1965
24618 39782
28183 1965
41538 47670
9995 44247
48391 32688
16916 33017
49101 26381
39015 41409
33613 35721
41448 40174
43016 43843
4708 22621
33114 19203
33017 44857
12188 11557
32012 33394
12775 9278
41029 37490
42765 1486
48768 11557
31479 13573
34256 47682
43051 44857
4205 3154
32387 17848
12230 15369
4205 17287
382 18393
9977 2957
11512 26610
19514 30360
14804 34045
16703 38253
41029 22621
1965 36526
12188 48754
9722 33659
45517 30360
6948 34256
14005 44309
37536 20437
27982 39478
21382 27885
32240 29572
21326 48754
39478 27885
2957 33429
45517 9223
1965 39540
3978 35198
31993 17848
48391 40474
1251 19943
14076 7653
16916 5416
32387 1486
11512 11075
26250 1251
47131 39015
4693 9995
11512 11557
3298 16916
32387 15229
22621 32012
35807 37555
8130 26250
22433 4708
33613 3386
18393 12015
27885 36451
5599 14540
25606 8790
18393 36654
39142 48768
17835 35721
26250 14005
30360 33371
21597 49975
12775 28884
30360 19203
3154 896
41538 12188
32445 3386
26610 39015
12015 22433
47670 9223
4693 33394
17970 39394
41448 12188
31993 22214
29572 43843
25021 7534
40665 1616
22433 31479
32387 21382
29572 36451
19514 7444
21597 45198
34256 2957
27786 43843
4181 42765
24618 41029
22621 49251
23409 12230
41029 44510
48030 41029
1144 45198
20754 7653
24763 27675
32012 37536
22621 40474
43016 9977
7534 3386
49933 4708
40013 47670
19203 35721
23184 39782
49101 9722
47131 36616
26612 7444
19203 42675
6948 40174
37536 37490
40227 7653
17287 5747
13573 24697
19943 1616
8130 3154
42675 4205
4181 16703
15229 30360
22214 30921
896 39394
8790 17287
33017 2712
14804 42765
32871 4708
18393 43016
34829 42765
3386 44309
43051 41233
41387 896
28183 6523
33659 12230
4708 49975
12960 37490
7534 27786
43843 34256
21382 36526
30874 37536
42303 25021
17835 9722
38029 21597
38558 33659
17287 19203
14076 2149
14005 24697
2149 4693
43291 39142
2812 38029
43101 13461
4708 26610
20437 13573
45892 12230
4693 42675
34829 39478
44857 17287
15478 21734
36654 34829
21597 40174
14540 36654
31993 14517
43799 11557
34256 8130
30360 3154
31479 19943
32871 11512
15229 39540
11557 33659
48754 44309
19324 11075
40227 19514
9477 13461
49101 8130
42803 43051
49975 40665
15169 39540
43058 47682
8130 14804
14804 12960
4708 25606
42675 27936
15611 32445
33394 36526
34256 25606
3298 20704
37555 382
38883 15478
40227 5756
35721 4181
14804 9995
49101 32012
30921 28183
32688 17848
20437 18393
25021 49933
31993 33429
21382 25021
33114 30921
5747 21254
43291 19943
12230 40227
28693 48754
23409 35198
32240 28693
5747 11512
36654 45892
37555 39394
42765 41233
17970 24697
43799 19514
12015 45517
14540 1616
3154 44510
33017 25021
36654 3978
43058 5747
27936 45892
45234 39015
27885 41233
48391 28183
41233 48754
34829 39394
42675 4693
33017 1616
14520 31993
38755 7653
27885 32012
30609 49866
45234 3154
12775 17835
19324 45517
47670 42765
40474 36654
37490 36451
48391 14005
40013 4205
896 11391
49101 7534
40013 12960
42303 49933
19514 38253
26381 7444
45198 14005
41387 36451
42303 48754
26612 43799
24697 21734
19514 43291
1251 36654
39394 23409
37536 42675
16916 45234
36654 36616
28183 14540
11391 16379
48391 36526
15611 39142
27936 35198
45198 1616
37490 24409
34045 4693
43016 28884
35598 45517
21597 32240
38755 5416
9977 43291
47670 40013
33613 28693
44309 36616
17287 48754
17848 46093
19943 21734
38253 45234
34256 1616
36526 34045
9223 39851
47682 37555
16703 42675
47682 30874
14517 47670
8130 48768
16379 48754
34829 16916
1616 15369
49101 34256
16916 26250
27786 38755
4205 26250
38253 7534
27936 12775
4693 34829
45234 2149
16703 14005
48391 14076
28693 9722
5599 48391
47670 46093
17848 3154
7653 30921
38029 26612
24938 12775
39782 1486
13573 45517
41448 45198
2712 28183
27675 9477
17970 11929
4181 48030
28693 14540
43843 22433
5756 39394
33429 32240
382 1144
11075 42803
15611 5416
25606 6948
34256 38029
33114 26250
39478 18851
28693 35807
47670 39394
48030 42765
25021 26610
19203 47131
382 26250
32445 44510
11512 5756
15369 43843
2957 36451
1965 42803
24763 30360
45234 27786
5747 24409
26610 43291
15611 45517
49933 32387
43016 47682
28884 6948
47670 13461
14517 32445
16703 2149
12188 39394
47131 9278
46093 45234
14804 43016
21382 33114
896 22621
11391 28183
35198 12775
8790 1965
27885 18851
9477 4181
41538 27786
26610 45517
33114 45234
11929 33613
48030 44857
35598 38883
37555 30921
7653 40665
41233 2812
37490 16703
30874 20437
33613 15478
32387 38253
42765 7444
2712 43101
37490 42675
21734 20704
1486 39142
19203 15478
32871 5756
25021 5756
43058 43291
39142 9722
24618 42765
43291 36616
3298 22621
49101 11512
48768 15478
33613 9477
49251 3154
20437 48391
27936 17970
9223 33371
40013 3298
6948 48768
48754 19514
3978 46093
26381 11557
21254 4708
44857 30921
43051 31993
20437 9977
3154 40227
39851 7534
43058 42765
26381 30921
39540 12188
43058 2712
40665 48754
33394 16916
40013 20704
48754 45517
21597 47131
2147 21597
38883 17970
3298 34829
12188 25021
28884 49866
49933 1965
45517 38253
9977 11404
5416 27675
21326 41233
4205 42675
24697 12775
16916 30609
382 47670
17835 28183
39394 13461
22433 17970
38883 12188
43101 1251
33017 16916
23184 44857
9477 18851
38253 39540
48391 18393
24697 43101
14520 49251
16703 12960
27982 33114
19324 35721
5747 41233
33114 27885
1616 20437
26612 9722
33017 32445
37555 3298
32387 45892
32445 26381
41387 5599
31479 14005
12015 27675
7444 35721
40665 24409
24763 40665
46093 3154
33429 44857
1144 40227
382 49251
896 34829
2812 5756
43051 32387
45517 12015
4693 4181
33394 22214
39015 19514
14804 42303
1251 15229
2147 47670
33394 40013
12960 11391
14517 9722
382 4205
48391 11404
42303 30874
41448 36654
38883 40013
32688 20754
17848 35598
36654 39478
21254 35807
37555 33017
32012 42803
47131 42765
41387 6948
15478 5416
2147 39782
37536 45892
9722 2147
33394 9223
47131 4181
9278 2712
44247 19324
28693 19943
29572 14804
41387 43016
14517 32688
2712 27786
26381 6948
42303 5416
13461 15478
41233 13461
12015 40013
35598 43016
29572 24763
34045 47670
27936 18851
36451 21382
22433 38253
37555 42303
33429 33394
15169 4693
1486 2812
43799 45892
22214 36616
39142 28884
48391 13461
38755 19943
30874 35721
47670 28884
8130 30609
3978 11404
40474 21734
2812 11512
15369 32445
13573 12015
7444 22433
18851 27885
1965 41538
45892 9477
6523 11391
38253 40013
27982 20754
42765 2147
5599 24938
2149 37536
17848 44510
21597 21254
49101 1965
36451 32240
13461 48391
45234 45517
42303 9223
14540 8790
2812 34256
14005 6523
38029 27982
34829 48391
27982 18393
39782 15229
8790 27675
21326 35807
37536 17287
43799 11391
4181 30609
39394 33429
35807 17848
41538 20437
26612 35807
39540 7534
12775 7653
2957 39394
31479 36654
48754 40474
24697 5756
33371 27885
15478 38029
18393 44510
18393 49866
11929 896
37536 29572
19324 33017
26381 48768
14076 11075
32688 46093
19943 42765
8130 12960
2712 36654
42303 18851
15478 39142
22621 5756
39478 41029
14520 5599
19203 1144
27885 49933
16703 34045
36654 26381
1616 1144
42675 20704
39015 2957
2712 38883
18393 39142
16916 17287
15478 47682
43051 36526
11404 3298
26381 45198
40227 31993
43799 42765
7444 9477
37536 47682
40174 17970
20754 43799
48030 7653
40665 18851
39540 30360
15229 27786
49933 5756
30360 12775
19324 38029
31479 37555
42803 25021
39015 896
41448 27885
13461 37536
3978 19324
24763 12775
9722 5756
11075 45892
17287 32871
22214 25021
31993 5416
32387 49975
41409 5756
1965 34256
17970 11557
41538 14517
4708 30360
27885 12230
36616 34256
7444 39782
28183 38253
36616 3298
47131 17970
26250 9995
39478 33371
36526 19324
23184 43058
44510 31479
11391 37555
34045 21326
19203 14540
17848 33394
2149 48754
40227 49866
41538 28884
31479 20437
37555 14005
9977 26381
33017 18851
1486 20437
49975 27885
38029 32387
15229 43799
42675 1251
33429 2812
43101 41448
45198 32445
31993 12015
47670 7534
42303 41233
28884 14804
43799 47682
42303 1965
11391 18393
35807 28183
26381 39015
40665 41538
14804 26610
35721 35598
896 28884
33371 4708
1486 43799
39851 14540
3154 28884
19943 39782
14005 17970
43799 46093
33371 19943
40474 3386
3386 12775
19324 38253
36616 12015
11929 35598
8130 39782
33114 11075
9278 40227
2957 40665
21326 15169
42803 41029
43016 34829
20754 11075
12775 2957
26381 41409
40474 33114
40474 19203
41448 9477
45234 33659
2957 43799
40665 6523
40474 35807
12960 14540
16916 24618
32688 15478
7444 28183
49101 7653
31479 45234
45198 27885
40474 14520
21382 17287
27936 27885
38253 27675
36654 24409
1616 3298
24618 45517
6948 14520
5747 35198
32387 33017
42765 42675
41029 17848
44857 35598
49975 33394
37490 15169
27675 43843
5756 19943
47682 13573
49251 37555
1251 40474
39142 27885
4693 16703
11075 48768
20437 1144
35598 2149
30921 19943
38883 20437
21326 27982
39015 27936
40474 21382
43101 15169
21326 2149
15478 20754
39782 11929
20704 2147
2147 28884
43016 41409
19324 15369
3154 21734
40665 49101
48768 40174
18851 382
22214 49101
38755 2149
5747 21326
37555 26610
12188 7534
9722 36654
30874 3978
19203 34045
30874 6523
7534 49866
9722 29572
33613 7534
46093 45517
19943 36451
41029 34829
8790 2149
3154 15478
27982 3978
15229 20754
32012 34256
35598 12230
9977 41233
27885 25606
20437 49866
25606 27936
12960 25021
19943 35721
36526 13573
40665 12015
1616 17835
11075 29572
11557 23409
3298 26610
27936 19514
45234 41538
31993 26250
5747 43799
40227 28693
17848 4181
21597 12015
11391 5599
7444 896
32445 22433
13573 4205
14520 37536
37536 4708
43051 9977
26610 39851
21382 28183
9722 43843
9223 33394
4205 44309
15611 33017
5756 27675
32387 19514
43016 15478
40665 26612
26612 49101
6948 11075
12015 39394
21326 44247
36616 27786
7444 2149
1965 37536
26381 44857
3386 11391
39478 45517
9278 38755
20754 27885
24763 45517
7444 49933
45517 32688
31993 13573
32387 44857
19514 12775
5747 25021
9223 27675
15169 39394
38253 37490
1251 34256
38558 5747
15229 21326
12775 22433
11557 42765
25021 16916
2149 28693
39015 14804
24697 43843
43101 49101
9722 15169
9977 43843
22214 45517
38253 5747
27936 24938
30921 4708
8790 41233
45892 30874
28884 40474
17287 19514
43291 28884
16379 36526
40474 8130
43101 38558
45234 32387
16916 17848
24697 45517
19943 47682
47670 33613
39394 32688
31993 15169
30609 40227
14517 24409
33371 7444
12960 44247
42803 23184
22433 20704
7534 18851
382 15611
25606 12230
32445 14540
44510 39851
14076 21382
28884 47682
8130 36526
14804 14076
8130 48030
16703 41538
11929 6948
15169 45198
45198 34045
896 9995
44247 38253
9278 45198
31993 9477
13573 27675
43843 1251
30360 42765
40174 2712
49101 2812
23184 38558
41448 33613
7534 30874
22621 2149
41409 20437
14804 47670
44510 11557
38883 4181
25021 35721
47682 44510
9722 23184
38029 43016
44857 14520
14076 11512
12960 17287
4181 49101
37490 3298
17970 19324
24697 21326
49933 45198
27675 3154
46093 34045
37555 44309
28183 27885
40665 36451
2147 11404
40013 42803
36526 48030
18393 32688
25021 42303
11075 45234
4181 17835
33659 20437
2147 12775
11075 43016
44857 18851
27675 14076
2147 14540
14520 4693
22621 4708
46093 9995
30609 37490
28183 14005
9722 24938
14540 27786
33613 26610
37555 27675
12015 35807
35598 31479
43058 44510
39015 41029
1965 21597
38558 21382
20704 48754
44247 35198
38253 41387
27885 49251
32387 2957
47670 43058
14540 4708
41538 1144
24697 32387
40227 34256
22214 3978
5756 3298
14076 22433
37536 34829
33429 42803
29572 3154
28693 13573
17848 36526
35598 27982
34256 38253
30609 22433
5756 30874
38558 35598
2712 37536
25606 28884
24763 34045
7534 5599
38755 19514
40013 21734
24938 14517
12230 14517
15611 1616
43843 2812
2812 896
13461 34829
5756 24697
41029 43799
43016 8790
1616 48754
9995 19514
43101 17848
6948 17848
19324 3154
27675 16703
35721 8130
39782 2957
24763 20437
38253 44857
43051 27786
49251 43016
9278 41538
15169 5747
43058 27885
41538 25606
39782 7444
44309 37536
40474 48754
44510 37536
43051 896
1616 17848
382 2149
26250 27675
49975 45198
30921 1616
39782 382
45517 2147
5747 6948
1144 7444
14804 26381
11512 19324
14517 7444
1144 18393
32387 8790
40227 39851
27786 39015
25021 30360
44247 9977
11557 47131
27982 15229
34829 12230
33114 19514
11929 1965
17835 11557
28884 23409
27786 26250
21326 1251
14005 48030
9722 44247
11929 32688
36654 46093
35721 32445
4181 41538
8790 33429
9722 13573
37536 30360
6948 39142
9278 25021
1486 40474
11075 20754
48030 39478
21382 18851
3154 37555
22621 2147
49866 13461
36616 48754
21597 7534
2147 17970
24409 45517
1251 31993
15478 21254
37536 6523
24409 2149
21326 41409
14520 41029
5599 34045
18851 33613
27936 11391
18851 19324
25606 15369
9977 45892
45198 2812
382 35198
3978 39851
14540 33394
43291 14804
41409 27936
1144 22621
39478 36451
33017 15478
16916 38029
39015 40665
33394 6948
43843 11557
26381 42803
44247 9722
31479 37536
21326 11512
32240 26612
26610 1616
40474 15611
8790 20754
15478 45234
43016 40013
33613 39394
12775 28183
9722 36526
23409 21382
26381 38253
7653 14005
4181 2812
49866 19514
49251 36451
38558 30360
19324 45198
21382 33613
38755 21382
21382 1144
382 21382
21597 9477
24697 36654
44247 40013
24409 38029
36526 33613
6948 33017
23409 45517
35198 17287
15369 22433
39851 40474
12230 44309
40174 42803
45892 12015
45234 39851
20437 22621
31993 41409
47670 12775
13573 43291
20437 1251
4181 2147
45234 38755
27675 35807
32871 27885
17848 2812
36526 24697
33114 21326
33394 896
32871 39015
19943 42303
25606 44309
39142 49933
26612 24697
22214 33371
35598 21382
12188 15169
26381 3978
26250 24763
3978 19943
17848 3298
9278 39782
43051 49975
20704 19943
17970 16703
19943 30360
36616 40227
37536 2147
4181 9477
2147 4181
28693 3298
12960 5747
12960 21382
1144 2149
24938 39015
31479 8790
36616 20437
47670 26612
49975 32387
35807 32445
14005 49975
20704 20437
12960 17835
2712 43799
48030 5599
38558 2812
32688 15169
43843 5599
2812 12960
40665 16703
40474 15478
7534 37536
30360 44857
15369 24763
27982 36654
32445 41029
36451 39015
3298 2147
30921 41448
15478 21597
22214 22433
14520 14076
16379 32240
19514 32240
9477 14517
38029 20754
38755 21326
9722 14804
2712 17287
2149 5416
36451 29572
13461 17848
39142 18393
8130 33613
39782 18851
47670 38253
30609 27982
37536 12188
37536 24618
12015 37490
2812 26381
32871 37555
47131 39851
33394 24618
8790 4708
7444 1616
14804 34829
30874 36526
17835 30874
1144 41233
2147 36451
26250 45234
17970 32240
14804 33659
12188 36526
12960 14804
21597 33429
39782 41538
43799 45234
24409 2812
4205 31993
27885 19514
49101 39540
41029 30360
39478 15478
42303 22433
36451 41029
40174 25606
2957 31993
43291 1965
5416 1616
32688 45517
3298 40174
7534 44510
8790 9278
19203 3298
24618 49101
26381 3154
5599 15478
42765 49251
9278 36451
2149 1965
8130 38558
21734 24763
26381 37555
33394 33429
12015 17970
22433 12230
19514 32871
49975 896
36526 5599
2149 22214
21597 30874
40665 14005
32012 24618
39478 30360
45234 35198
3386 45517
11929 49251
1144 13573
43051 11557
16703 39015
38883 32445
5747 34829
43058 16703
45234 11404
23184 6523
9477 38029
41233 49933
41029 24938
27885 20437
43101 21254
17835 41409
4181 17970
23409 32012
27982 11404
44857 43058
9722 17848
32387 8130
37490 14540
30874 45517
38253 11512
26612 25021
24697 12960
896 32871
43799 35198
15369 36654
4708 26612
12015 47682
9722 5599
33659 39394
31993 27885
896 5756
42675 28693
40665 19203
26250 12188
43101 896
26250 12015
9223 15169
47670 3298
15229 48391
25606 38029
49866 45517
896 39142
36451 7534
48768 3154
27982 45517
9477 40474
22621 27982
9977 39540
1251 40013
42675 7653
43291 36526
48754 27786
48754 35598
27675 24938
42303 32387
27982 27936
24763 49933
14520 35598
39851 35721
44510 49101
38883 45234
27982 9477
17970 42803
18393 35807
896 2957
21734 18851
11557 9223
28183 47131
45517 41448
19324 26610
33659 48030
43843 41387
20704 36526
33659 11929
43051 37490
36526 2812
43843 47670
48754 9995
21597 17848
30874 47131
9223 44510
28693 6523
17848 16379
34045 11512
43843 11929
41233 33114
12188 20754
24697 14804
33371 14005
24938 33114
34256 39478
24618 41387
44510 47682
21734 24697
12960 12188
30609 29572
32240 45198
33659 33017
40665 44309
34829 39142
20704 43101
9223 34256
32445 11391
28884 32688
35807 43291
11391 16703
11075 4693
9977 32688
6948 35807
26612 42675
11075 42303
16916 33114
43799 1486
21254 9278
43051 35721
36616 32871
33659 2812
23409 20437
43016 14520
40174 15478
32240 34829
2812 49101
22433 3978
39540 15369
27675 39142
14520 20704
32012 43016
32445 32012
15611 34045
40474 33371
7653 32871
27675 26612
15229 17287
3298 8790
35198 17848
23184 44510
16703 24938
9278 37536
39478 40227
15369 4181
27982 20437
11391 19514
5416 12775
30874 896
5756 4205
25606 43016
4181 20437
41233 21597
32445 32688
38755 14005
25606 32871
19324 24938
24618 4693
2147 35598
9477 2812
1486 19324
21326 23184
12188 5747
44857 1616
32871 49933
23184 7444
48030 4205
28183 43058
42765 35807
5599 7653
14540 32688
12230 26610
47682 27982
5747 9477
14076 25606
32445 26250
11557 19203
32688 28884
24938 27885
32387 25021
35198 16703
9278 13461
22214 1486
41387 19514
26250 32012
26250 14540
21597 4181
6948 382
3386 32240
18851 36526
14540 33429
15369 2712
28693 40665
12188 41448
21734 49866
43291 11075
3298 14540
11557 43058
41029 19514
19514 27675
2712 26610
9977 42765
14076 28183
896 20704
47131 33429
37490 12230
35598 39478
22621 382
41538 42803
7444 40474
12775 14804
18851 49866
33659 896
34256 14804
27675 25021
24763 32387
3154 48030
41409 3298
38253 9278
30874 36616
7653 9722
48768 39394
5756 11557
24618 17835
38883 47682
41233 42303
4708 34829
16916 39851
40227 45198
5747 31993
43101 42675
40665 19324
38883 14076
36526 38029
21326 24618
21326 14076
33429 22433
6523 31479
33659 3298
14804 36526
39851 35807
43843 39015
41029 43291
26250 11404
44247 26250
35198 13461
896 12230
33429 43058
30874 49251
19943 18393
38029 42675
33371 36526
16379 1251
45234 4205
49933 17848
32871 43051
39394 40174
35807 45892
382 1251
43291 42675
14540 26381
2812 35198
39394 48030
49866 45234
3978 5747
2712 24409
45234 39142
39142 7444
21382 5747
42675 17835
32688 20437
11404 44309
19514 19324
39015 48391
34256 28693
48391 43051
42803 36654
26381 896
