6685
24690 30385
3227 8884
9973 30646
30646 13548
36797 37883
13548 30507
39062 36797
36797 34735
32766 4839
15451 14895
47336 36921
40755 28551
17367 40197
20396 3688
31972 44433
4839 32539
8843 47984
48967 20152
38049 43754
10332 44079
12802 145
18381 5595
32760 14071
2277 10096
8121 22881
39818 17367
27069 38049
26619 32333
34048 49526
30047 47682
14895 34048
39248 47969
13660 34988
37358 1305
5595 34726
24861 4500
49599 27069
12320 12157
39062 12312
18782 22955
3105 44286
28928 29675
14425 14071
8884 30507
15451 47610
29013 6816
12329 20396
22955 32253
16437 15550
18381 38032
10140 34735
31302 2504
39054 26222
20103 32253
3846 35852
1978 43754
27359 37130
6247 28376
18725 13660
4839 37087
16437 5598
27061 22512
28928 32766
38049 15628
20895 9973
11935 31972
42859 5598
32309 47969
49599 28928
40533 37883
4839 31972
14425 16133
30507 34751
3105 2939
49890 6867
44433 12157
3518 12329
40037 10332
32253 16133
3688 5983
16787 29675
19746 39054
5983 43024
44286 18703
20044 35852
47610 6867
37883 27069
34953 44079
49526 7441
20152 22955
32760 32333
44433 28551
32309 20044
5598 18703
34988 32309
22881 33450
37358 31506
44310 46110
12329 29013
329 40716
43382 47748
47748 20152
32760 45196
21842 6247
39248 7441
37358 9690
12157 18725
18782 14895
12802 49599
9690 40740
6247 33406
34953 39072
37796 34988
42443 11553
2504 40197
40716 16437
40533 40197
5983 30225
30710 42859
28928 40037
48320 24861
18303 35956
21046 32411
44433 15628
10140 27726
6247 20396
31551 6247
6867 3227
2277 45196
22512 32253
8710 47984
37617 18703
32760 33406
40453 12802
49890 37617
40197 23275
37883 30710
29298 34751
21842 30047
11553 27906
28551 1978
47969 10096
41462 20044
37130 49890
12312 39439
26619 24861
9690 34751
27061 45196
42859 23007
2939 18703
38032 30225
28928 218
32760 3846
12821 33406
40755 47969
4517 47984
8121 5595
49599 13660
49526 47682
37087 35852
28551 14425
39439 12157
5912 45196
30385 29675
8843 12312
8710 47147
40777 44310
31850 5598
44286 31551
47969 7441
37883 30047
35852 47748
37087 5983
10332 24789
39062 14071
20895 46110
43382 31551
27061 44310
6867 22512
29675 31972
32253 26222
10332 40984
34048 37883
22881 5598
44310 5595
13548 28551
32092 22881
47969 16787
20152 15550
42443 22955
32766 14895
32253 47984
14405 28928
30646 3105
29675 44433
28822 49599
40197 17004
28551 12821
18725 31302
40755 3846
4500 15451
24789 14405
1978 37087
3518 34048
40740 40755
43382 20103
40533 18303
6247 37883
43024 35956
7441 3105
30047 12802
40984 28793
12320 27061
9973 3326
14071 1305
10901 20895
12329 16787
39062 2543
29013 28822
48320 18782
15628 13548
32766 31506
18703 15628
30507 16133
5983 7441
32309 47336
40197 5595
18782 8884
30385 27069
23007 10332
38032 43382
26222 218
14425 18782
30047 9690
8843 329
9690 4839
40755 329
18703 32760
16133 32309
31551 15550
37796 37061
17367 8843
32539 38032
36797 12157
47748 20895
34953 37883
28793 44079
15451 18703
3846 5983
35852 30225
40777 21046
30646 31972
3688 32092
12329 12802
12821 35852
5912 31302
20103 42787
29298 26222
39062 44942
10332 40777
45196 8710
49599 1623
37087 3518
22955 40984
11553 18303
31850 6816
5912 40984
12802 22512
5598 18381
26222 30646
4500 20895
32411 40755
15628 47147
12329 28928
3846 32092
37743 32253
31551 40777
20396 4517
5598 24861
47147 15628
27359 14071
11935 36797
28376 11553
28376 18725
3227 28376
44310 26222
8843 28551
33450 6816
4839 30385
38032 47147
30385 8710
44310 10729
12613 30225
10729 43382
37061 16437
218 14071
17004 48320
38032 28376
23275 5912
4517 28928
39062 47336
9904 7441
9904 44286
10901 28928
27069 12312
44433 5983
20103 28928
23275 42787
9973 3105
21842 11935
6816 1978
3227 47984
32092 47748
32092 2939
26619 45196
37130 18703
40755 30710
6247 11935
18782 30507
16133 6867
44310 22955
40755 27061
47610 12613
41462 9690
26619 42443
44079 32760
47336 34953
22881 18381
47682 10729
13660 1623
42787 39062
28793 16787
40453 41689
18381 31850
12312 44942
23275 28551
36921 9121
39248 4500
12821 39439
39439 32411
5912 42443
45196 44942
34751 18782
37130 6816
19176 6816
34726 32760
12320 18303
22881 13660
18303 19746
22512 16437
28928 47147
37358 12312
8121 4839
37617 145
5595 31302
4517 10096
30710 37883
2277 14425
44286 13548
30646 24789
40197 33450
27359 47748
27069 30646
33450 27906
40716 2939
8843 5595
40740 3518
44433 34726
22881 35852
12821 36797
37087 41462
42443 31972
17367 3846
31972 24789
15550 1978
18725 44286
37087 47748
40533 22512
32411 37883
6867 49526
21046 24690
47748 4500
20044 49599
21842 9121
17817 9121
31972 329
20044 5983
37883 2543
32411 41462
22881 40533
14895 20152
41462 3105
32539 32766
13660 3518
1305 40453
11553 18703
5595 27906
22881 9690
15451 8710
7441 33406
32333 30507
26222 3846
14425 30646
10140 14895
29298 15550
49890 42859
18303 10729
40777 1623
145 47336
21842 32766
40755 47336
18303 17367
8121 37796
23275 22955
4517 32539
1623 7441
6816 36797
9121 39054
23275 3846
31850 2277
3688 28822
3688 17004
12320 46110
44286 6816
4387 9904
19176 329
14405 1978
41462 12821
9121 43754
37796 4500
36797 44079
30047 47969
35852 30710
6247 48320
42443 47682
19746 23275
4387 32333
6247 28793
35852 5983
1623 32411
44942 31302
8121 18725
11553 2543
20396 47682
16787 43754
21842 14425
12312 32760
37796 18703
12157 37061
32766 14405
14071 33406
4387 10901
29675 47610
5595 11935
34988 47969
40453 3227
37358 40716
9904 45196
14895 47610
8121 32766
3227 32333
2504 34735
22955 23275
8121 34735
49599 42787
39248 15550
36921 48967
14425 37087
39818 18725
4517 28376
1623 2543
27906 34751
28551 27726
17817 3326
3326 11553
32411 8843
48967 3688
30047 12613
48967 20396
7441 8121
9690 48967
37617 40755
24690 19746
11954 45196
32766 43024
22881 27726
2543 4839
11935 27061
32539 21842
24789 27726
27906 6867
29013 18381
20895 4387
32333 49890
14425 47682
18703 28376
32092 34988
48320 34726
47336 6247
36921 28188
26619 37087
18303 26222
22955 47748
28928 30507
30225 47336
17004 15451
34953 17817
1305 31850
48320 36797
28551 23007
37990 9121
49599 28793
8710 40453
2277 5595
20044 8121
17004 3105
40037 42443
15451 32333
32766 30047
31506 6867
10729 43024
40740 12802
47336 37130
2277 30507
34751 32766
37358 12821
19176 3846
21842 40197
6867 9973
20103 43382
39439 40755
30225 36797
8843 12320
28188 47682
31302 3846
34726 42787
18703 42859
38049 20396
31302 47682
3518 35852
18303 3688
28928 16133
1305 47748
27906 29298
1978 43024
29675 37743
16133 48320
34751 18303
5983 44310
11954 26619
2504 37061
8884 27069
34048 40777
22512 39072
16787 33406
37883 145
11553 10901
329 30710
20152 20044
40453 26619
49599 31850
47969 8843
44079 10332
14425 32539
47147 24690
48320 22955
40037 40453
38049 48320
27061 2504
218 37061
31972 14071
15451 43382
40533 145
37883 37990
39054 12821
2277 49526
12329 34048
39248 37087
34988 10096
34751 2543
49599 37883
22881 32309
47682 44079
36921 32309
21046 39062
35956 6816
37087 5912
3326 10901
29013 48967
12821 44310
32309 16787
48967 47147
8121 11935
4839 20152
34953 47610
12312 37990
37796 10140
30646 24861
40777 8843
15451 20044
34953 47147
37087 30225
30646 11954
9121 42443
10901 2277
11935 37617
13204 30385
2504 15628
40755 218
4500 30710
17367 9121
17367 44942
37130 24789
18725 39439
15550 13548
329 27061
40037 44433
39062 3688
329 41689
40984 6867
44079 2504
40777 31972
41462 4839
36921 24861
8884 20103
17367 15451
1623 5983
31972 37358
22881 40984
16787 27906
1978 2277
1978 32253
47610 40197
37796 44310
14425 47610
20044 12329
11935 13660
47610 39072
15628 2277
5983 19746
37087 48967
7441 29675
31551 4387
3105 32253
30646 28376
17817 13204
28822 44310
19746 13660
33406 40533
14895 40716
9904 1305
6816 10096
44310 35852
20103 6816
18782 39072
28188 43754
13660 29298
44286 10901
21046 40037
6816 31506
39818 47984
40716 10140
40533 44286
12613 23275
39248 34726
37617 42787
329 40453
30646 44079
44286 19746
36921 16787
13204 3105
29298 47336
28188 28551
12312 3846
32411 27069
30646 9121
37130 30646
49526 39072
39072 31972
39818 40197
41462 12320
35852 43024
49890 12821
32411 30646
13660 27726
10729 36921
22955 6867
3846 32309
44079 39062
27359 9904
37087 29298
32766 27726
20044 14425
37130 45196
145 12329
10729 6247
29675 1978
39439 34751
3688 36797
45196 12821
24861 46110
48320 44310
10729 29013
30385 32309
8843 18725
37883 40716
46110 31302
22955 48967
8121 40716
40716 40197
26619 42859
19746 6816
30225 47147
42787 33450
35956 9904
8843 32333
24690 18782
34048 30507
49890 33450
13548 31551
14895 11553
37796 35852
6247 18782
47969 37883
9904 39439
31972 37743
12157 15451
48320 44942
48967 32766
32539 12802
24861 15451
40777 18381
1623 218
37990 35956
11553 19746
47336 14895
37990 13204
10729 39062
39439 10332
32253 40984
41689 14895
39072 32766
23275 4839
9973 31850
34726 43024
44942 8843
26619 28793
40984 32411
14425 48320
43754 15451
13660 30225
28928 34048
4839 22955
28822 16437
4387 41462
22955 30710
10096 15628
17367 1305
31551 26619
30385 12312
40740 44286
47610 9121
6247 28188
4387 37883
16787 3846
28928 37061
24690 16437
10096 8843
2277 41689
37130 30710
47610 43024
40777 145
44433 10901
31850 8121
19176 49890
29013 9690
2504 44286
48320 27069
3326 20895
3688 30507
36921 12802
15628 34953
14425 40453
34953 40533
47748 32760
43382 12802
47984 30646
41689 13548
32760 4387
11954 30385
44433 33406
10140 32092
37617 34735
14425 3846
47610 47682
20044 5912
4387 30225
12157 42787
40740 2504
17004 34735
22955 13204
20044 21842
218 11954
36797 2504
5983 20152
9690 19746
20396 145
18381 3326
23007 24690
20152 35956
29298 16133
37358 22881
3326 32539
145 24690
2543 27359
21842 17367
9904 22881
13548 39439
3227 9121
33450 49526
47748 28376
3846 17817
10729 20103
14405 47984
44942 32253
2277 9973
11935 49599
3846 12802
12312 43382
20152 3105
19746 47610
28188 31850
38032 3518
18703 33406
47610 30507
48967 13548
39054 35956
44310 13204
47610 32333
15550 28188
37990 47610
39248 43024
28793 37061
31972 34726
29298 10096
23275 12821
2277 42859
37130 1623
27359 35956
6867 32092
24789 14071
42787 10140
28551 20895
40777 5598
29013 4387
47984 43024
39062 47147
20103 5912
28376 44433
5912 40716
31972 21046
33406 44310
34726 9690
3518 12320
27061 6867
27069 18303
36921 12613
43024 34988
329 32333
47147 12157
31302 4387
28822 12802
35956 3518
37796 10332
40453 10140
47610 5983
3105 6247
43754 11935
6816 20396
27359 11553
47748 47336
22512 27061
38049 20152
34726 37796
24789 28793
7441 38032
40984 40740
49890 17367
2277 44433
18303 14071
14895 26619
34048 11935
12613 47682
29298 13204
5595 32766
37743 3846
18703 37796
5983 47984
43024 18725
42787 32539
21046 37883
31302 37130
49890 4500
42787 1978
2939 12320
10096 14895
34048 44079
40533 17817
27061 14425
39818 3518
12329 19746
49599 30646
28551 5983
47748 21046
14895 31506
29298 42787
145 11935
34751 37883
15451 30710
26222 27061
10096 40755
36797 40197
5983 2543
37883 26222
29675 13548
36921 4839
12329 5983
12329 27069
20895 32539
29013 18782
39054 32253
43754 44942
47748 37743
22512 5598
11935 47984
11935 28188
34988 145
43754 2939
12329 2504
40533 18703
35956 11954
31302 2543
15628 14425
37883 48320
28822 22955
16437 33406
22881 33406
9690 39054
47336 27906
45196 47147
13548 26222
15550 14405
14405 40777
40037 40984
44433 42787
40984 16787
28551 32539
44079 20152
14405 14895
29298 19746
32253 3227
10901 27061
30385 23275
15628 37358
45196 11954
27359 14405
4387 41689
28188 20152
14895 14425
20103 28793
8843 30507
47969 13204
31302 37358
24861 3326
22512 37358
20895 38049
26222 15451
44942 32333
32539 40037
4839 48320
42859 35956
22881 18782
30710 16437
15451 34735
30385 20044
40453 37617
17004 11935
10332 42859
14405 24861
5983 37358
28551 40755
20396 32539
33450 42787
31850 40197
19746 10140
44286 17004
26619 34953
9973 20103
12821 27359
16133 2277
3688 28928
6816 9121
145 32766
32760 5912
37061 28188
14425 14895
218 32760
32539 3688
20152 12312
37883 10901
37061 34048
5912 14405
12157 37796
24690 42787
6247 12329
19746 39072
35852 24690
23275 30507
49526 16437
30710 3227
44079 44942
41689 36921
33450 11954
4517 47336
30047 28188
41689 33406
22955 37130
31850 12802
30646 12613
27906 3227
41689 40453
20103 28822
218 9973
16437 30646
17367 218
40755 12312
40037 18303
39054 28822
145 14405
12802 15628
22512 47336
24789 31302
3846 29013
37743 12320
12821 40453
29013 44079
8121 29298
49599 36921
31972 28551
13204 6247
26222 13660
31850 36797
13204 1623
34048 12802
22881 20044
37990 34988
37087 32539
22881 3518
49890 3846
17004 39062
23275 8121
31302 36797
9121 44286
37130 9690
20152 5983
34953 17004
36921 7441
31506 2939
13660 43382
47336 6816
18782 10140
3105 13204
36797 39054
32253 14405
5912 29675
10332 17004
40197 24861
34751 14895
6867 37796
39248 44942
22512 218
145 31302
9121 28822
329 145
12320 42443
42859 37883
40755 44286
10096 24789
10901 45196
26619 39072
12312 47969
2504 12329
30225 37087
31551 18782
34751 49599
14425 15550
28376 28793
34751 1623
28822 15628
47147 39818
12320 36797
46110 44079
11553 26222
32760 31302
40453 34048
27061 44942
4839 4500
24789 1978
21842 5595
40037 16437
16133 30646
43754 49526
21842 28188
37130 26222
34735 49526
49526 1305
14071 35956
30646 43382
3227 18303
20895 8884
36797 38032
48967 4387
34726 37087
30385 47969
40740 34751
2504 13548
30646 46110
43382 12329
40533 15628
30225 6867
9973 44310
12821 12613
37087 24690
3518 37087
3227 24690
39054 43382
14895 13204
12312 47984
10096 22955
28551 46110
47984 48967
33450 41689
11553 32411
37883 10332
20396 13548
1623 40533
47682 30646
13548 47610
29675 8884
16787 32411
3326 14895
22955 44079
9121 28188
47984 32760
26619 32760
18303 48320
40037 19746
40740 49526
24861 20152
8710 27061
10729 19746
48967 37743
37130 16787
22512 4839
34048 3326
37617 32760
44433 36921
16133 41689
39054 39818
30385 8121
28376 13204
24690 44079
27069 23007
40453 12613
30225 12312
49526 10729
27726 44079
14405 20152
32766 23275
31506 47969
16437 4517
43024 41689
18725 32092
37796 5595
26619 28376
34988 37743
49526 29298
16787 10096
17817 37883
41689 3846
9904 27061
37883 2504
22512 18381
17367 28188
28376 10332
22955 37990
27359 39248
3846 31302
43024 34048
40533 2504
23275 17817
32766 30385
11935 31302
13660 37743
4500 10140
27906 34988
39054 24789
3518 33450
47147 33406
8843 8884
22512 35956
8121 44942
15550 27069
40755 14895
32411 8710
33450 15451
24789 42787
3846 4500
49526 37743
34751 30047
24861 44079
1978 4517
4500 30385
37617 11954
16133 8843
9121 41689
8121 3326
45196 27061
28188 20103
35956 31506
43024 20152
40716 37883
10096 12613
20044 49890
44310 34988
34726 12329
12613 12312
33450 4500
38032 47336
18703 8121
49526 16133
20895 11954
12312 3326
28928 7441
43754 18703
18703 8843
30507 37743
29013 5912
12157 28928
32253 39439
29013 34988
34048 16437
42443 49599
34735 36921
44286 18381
30225 37061
6867 10096
49599 28376
37061 26222
37743 44286
3688 37358
38049 34751
8710 15628
10332 19176
40716 4517
41689 26619
20103 32766
20044 3518
2543 1305
6816 20895
42787 4500
32539 22512
40777 47336
3688 44310
2504 44079
32411 40197
22881 42443
5595 9121
5912 12821
29675 5598
37061 14071
36921 32253
37130 32760
39248 32333
16133 15550
39062 22955
37130 29675
20895 30385
329 34988
4387 5912
27069 40197
30646 21842
27906 20396
10332 28188
329 30646
30507 14405
46110 30385
39062 3846
40716 14405
8710 37796
5912 18303
31506 34953
8843 44310
12329 24861
42787 12320
37358 18703
20103 39248
3688 42859
10332 11935
23007 12613
40197 34048
45196 42859
2277 6867
1305 36797
24789 26619
13660 39054
43024 13660
47336 12320
12329 40453
47682 5983
40533 5983
47969 44433
10096 3846
34048 46110
44286 47984
34726 27359
43754 30646
42787 34048
20103 40740
34988 10901
40453 42859
31302 49599
4387 15628
42787 43382
44079 13660
27906 24861
33450 32539
20396 23007
18725 28551
13204 32253
44433 26222
10096 26222
20103 37617
12821 32253
2504 8710
43754 3105
28822 6816
12821 27906
21842 37883
42787 34953
32766 34751
40984 37743
8843 11553
3326 18703
8710 7441
8121 1623
14405 30225
4500 13660
14425 29675
33406 40740
47336 41689
34726 27069
14425 30225
11954 2543
18381 12320
16787 12320
39818 9904
40984 43382
7441 4387
44942 34953
31506 2504
39248 37990
28551 13204
31302 6816
42859 26619
20044 18303
15451 26222
42859 39072
29013 37130
9973 5598
42859 45196
44286 47147
39062 30710
145 14895
26222 145
3105 4839
12312 41462
18381 37990
12613 20396
3326 3105
47748 42859
20044 47147
29013 33406
19176 44433
28188 38049
40716 5983
38049 18303
40984 2543
6816 39054
29675 47336
28376 17004
23275 16437
9121 29298
18703 27726
30507 3326
2939 6867
3326 29013
44079 218
22881 47610
2939 41689
47682 9904
20895 9904
4387 8884
16437 5912
39054 13548
42787 23007
27726 8843
3518 329
145 27069
19746 27061
20895 31972
40037 3105
45196 44433
47748 29298
33450 30385
6247 16437
29675 11935
3227 27061
38032 2939
46110 28376
29675 12329
29675 3227
15550 9690
38049 30385
44079 26222
3326 34726
2504 38032
42443 28376
9973 20044
29298 28793
12821 39248
46110 37130
47748 16437
40716 27359
32309 32253
40777 15451
8121 31972
31850 41689
33406 20103
10096 42443
2939 12312
28928 5595
19746 31850
5598 3846
10140 47984
32411 2277
10140 7441
20895 12821
40755 12802
18303 12320
4839 20044
31551 49599
22955 4517
41462 47748
8710 17817
36797 3688
48320 37358
46110 38049
42859 39054
39054 44079
34953 10332
42859 15628
28188 44286
13204 32539
38032 40453
40740 31972
14425 43024
17004 6816
5912 19176
14071 3518
32309 40984
42787 40197
31551 37883
41462 31506
28188 28376
44286 41689
6247 32309
42787 15451
11935 12320
10140 145
44310 30047
7441 14071
21046 20396
2504 21046
14425 38049
19176 39062
19746 40453
30225 46110
5912 33450
32253 28188
8843 22955
44942 39062
29013 11954
31551 36797
3846 27061
3688 3227
8710 28793
19746 5598
47336 33450
32766 218
31972 3688
22881 12821
1623 26619
8710 30047
16133 20895
3326 12802
43382 34726
5595 15550
8843 145
3688 41689
21046 24789
34988 14425
28376 9690
218 28376
38032 18303
6247 47682
13204 24789
9690 16437
28928 14425
47748 9904
12613 42443
47336 42859
34735 22955
31551 44286
13548 6816
32092 44942
6816 34953
22881 40453
37061 3688
39439 18725
37358 10096
17817 5912
46110 18725
4517 3518
23275 3326
9690 35852
37358 7441
37358 47682
47610 14425
145 1305
24690 218
31972 9904
44079 3105
3105 32760
5983 32253
37130 28793
40755 32253
9973 8121
10332 32333
11553 15628
43024 22881
30507 37617
7441 20044
15451 6816
34751 1978
33450 36921
39439 48320
2939 40197
5598 4839
30225 39072
12802 10901
6247 26619
28376 32411
12802 3846
33450 32309
28551 24789
8710 17004
12329 40740
3227 18725
44433 19746
20895 40453
28822 31302
27906 28188
48320 1978
39072 12613
27906 45196
8121 40755
48967 21046
23007 3326
2939 35956
30225 22955
30646 30507
47969 39439
32253 17004
10140 39248
22955 20895
44079 3846
17817 34953
16787 32539
34726 13204
5912 218
28793 12329
12320 5595
32539 18303
20895 30047
6816 5598
16787 44433
47969 4500
10096 19746
13548 37617
218 3326
15451 37130
24789 27069
14071 8710
23275 34726
34048 47984
37087 46110
9973 22955
26619 28188
13660 40984
26222 19176
23275 3518
13204 3688
14071 20044
9121 19746
6867 24789
34048 27906
1623 2504
3518 32092
218 9904
28822 5598
28551 3518
40777 34726
42859 37358
12312 34726
18381 329
34751 39072
20103 21842
2939 30507
30225 15451
2939 12157
43382 39062
15550 3105
1305 20396
13660 8843
46110 24690
3105 3227
24789 30507
218 37358
12312 34735
30225 40197
5598 2543
40197 40453
37990 6816
6816 47969
20152 21842
29013 48320
5595 23007
12157 21046
37130 40755
37990 32333
20044 37796
38049 37617
28188 21046
44079 14405
39818 18303
6867 35852
2277 2939
33406 32539
30507 32760
6867 37617
3846 39062
44079 18703
37130 40716
47748 28188
3518 26619
37358 35852
6816 28376
10140 31850
34751 24690
16133 17817
12312 6867
17817 37130
32766 29298
12312 20396
12821 47748
43382 5983
39818 14895
37883 17817
3518 21842
1305 41689
6867 44433
18725 10140
44079 49599
30710 40740
31850 13204
15451 18725
18725 22512
32092 12802
14071 37617
27906 22512
32253 8710
28551 6867
28928 12312
40533 40755
20152 2504
27359 31972
42859 39439
32411 40740
14895 44942
32539 42443
27359 39062
28376 28188
49526 12329
3326 40197
5912 3326
34751 12320
2543 34988
33450 10901
43754 44079
19746 24789
40533 28928
14071 8121
44310 41689
30646 6247
40533 31850
12320 28793
38049 10096
6816 37061
44433 28376
34953 3326
31302 24789
27061 36921
18725 12320
5598 40037
47748 1978
47748 11954
23007 2277
36921 22955
37883 47748
39439 41462
37130 44286
49599 37990
4517 47748
47610 39818
23007 34735
49526 19746
5595 47984
37990 21046
3105 20044
18703 26619
22512 22881
13660 12613
12802 23007
18703 15451
28822 9973
6867 29675
35956 47147
16437 34751
11935 20895
47682 28376
10140 12312
12157 38049
47682 24690
27069 35852
40984 44286
37990 12312
39818 44942
3518 34751
40197 30646
27726 9690
34988 10140
12320 24861
28822 4500
31972 39062
37990 16437
9690 28551
34953 30507
5983 34735
47984 28551
35852 12329
45196 28551
2939 22512
28188 145
47984 10901
21842 20895
39062 218
38032 28928
37883 14895
31506 23275
12157 32333
13660 39439
47336 19746
4500 32309
10332 17367
32411 26222
11553 48967
47748 47147
39072 42443
35852 46110
12329 32411
145 41462
16133 11935
6867 17817
41462 14405
19176 38049
18303 15451
40984 10729
10332 15550
30047 27359
39072 1978
47682 44942
43382 15550
10332 48967
10096 47147
45196 49599
40755 8710
40716 8121
42859 37087
3326 21046
2543 31302
13204 38032
32766 24789
47969 42443
36921 9690
37358 11935
45196 31972
27906 12320
41462 37743
42787 7441
6867 12312
22512 8884
1305 6867
32333 12157
29675 145
20396 15628
10901 47969
47969 12329
10096 20044
17817 4387
2543 14405
48320 30646
22955 20396
9690 37358
9904 32760
28188 10096
31302 1305
47969 39062
37358 27061
27061 13548
33450 43382
18703 6816
2543 14071
48967 23275
8884 41462
4387 24789
3688 39439
30507 18725
22881 39818
12821 32539
24789 5598
40533 17004
145 9904
35956 27061
40453 8710
31850 16787
47969 28551
22881 12157
40533 3846
34988 32760
1623 9121
329 30507
10332 10096
14405 9904
20396 11954
34988 28793
13660 42859
34988 13204
42443 37883
15451 47336
49890 37130
14071 28188
3227 21842
23275 37743
14071 49890
37358 17367
24861 12312
4839 41689
39072 40984
22512 10729
18703 3105
20152 14895
18725 14895
35852 41462
39062 40755
15550 27726
7441 36921
36921 12329
40755 12613
49599 30225
20044 32253
6816 2504
44286 20396
28928 37743
20396 22881
28188 36921
12613 47748
40984 4387
37883 218
47336 3846
3326 23007
40197 44286
12329 3518
26619 27726
34953 20103
20895 1978
37358 32539
26619 5983
6247 44079
14071 29013
2277 10332
12329 145
47969 29013
14071 16133
44942 46110
31551 5912
23275 38032
41689 40777
30047 33406
47610 10140
33450 39818
30710 7441
30710 9904
40037 44079
28928 17004
6867 5598
21842 42859
29298 10729
5912 47748
12613 34726
31551 12613
18703 23275
41462 39054
6816 39439
5983 18703
3518 47984
20103 23275
10729 30225
27726 3105
10729 29298
31551 10096
10729 17367
33406 48320
37130 46110
37130 41689
17004 32092
27061 18782
40037 9904
4387 20895
24789 32539
37990 40453
42443 21842
16437 1978
40197 30507
24690 36797
34988 30047
20396 27069
14405 32333
31506 32411
2939 31506
18725 41462
40037 12329
36797 22955
28822 39072
3105 35956
6867 48967
47610 27061
36797 20103
24690 10901
17004 22881
32539 4517
47984 8884
40533 28188
9121 17817
40197 18725
40197 10729
29675 40453
2277 40740
145 3227
19746 4387
19746 15628
19746 12329
5983 40197
47984 12613
20152 6867
14425 12613
40453 37130
37061 44433
32253 26619
34953 6867
37990 18303
32309 47610
1978 39062
218 40533
26619 34726
40777 30507
329 40197
11954 14895
18782 41689
42443 34751
22881 20396
41462 10729
49890 41689
32760 18782
18725 32253
3227 12613
11954 46110
8843 31506
26222 18303
49890 7441
8884 46110
5983 34048
1305 9904
3518 28188
18303 4839
26222 43754
6867 8121
17367 3227
37358 28793
43754 47969
13204 30047
21046 10729
47147 30710
47610 39439
31302 49890
40716 41689
145 37617
34988 12320
40755 16437
2939 18782
16437 40740
42859 8884
20895 44942
49599 33450
32411 48967
37087 44310
4517 39439
45196 1305
1623 31551
4500 37743
6247 49890
31302 43382
30225 30047
15628 27726
15550 10729
32092 20895
10729 47969
19176 4517
17817 9690
19746 34988
8121 35852
1305 3105
22881 6816
43024 32760
17817 48320
47748 47682
21046 30385
31302 47336
47969 9690
7441 2504
37061 29298
37061 23007
22955 39072
31551 48320
3105 4500
41462 38049
16787 12821
35852 28928
218 9690
31972 29675
2939 32309
29298 20103
37990 8884
40777 43754
8710 3105
30507 4839
31506 9973
13204 30507
10096 5595
37087 329
16437 41462
34735 47984
19746 218
39818 31506
18782 34735
6247 2504
37743 9973
24789 28188
14895 3846
27061 7441
15451 34048
3846 23275
26222 30507
34726 19746
44942 5598
47969 20044
10332 1305
40453 39818
19746 36797
40984 13660
27061 3326
10332 5595
40984 39072
48967 47984
11954 39439
2939 28551
23275 32309
21842 34988
35852 9904
27726 33450
40984 9121
5983 5595
49599 12613
12320 19176
32766 39062
39062 8710
27359 20044
21842 19746
40716 4500
26619 36921
16437 27906
10140 29298
28928 48967
9904 3688
31302 329
11954 39072
34988 12613
10901 17817
32092 8121
11935 5595
40197 26222
32253 2939
34735 14425
47336 15451
18703 26222
49890 8884
21842 37990
39072 47147
44433 4500
33406 32411
34988 30385
7441 14405
12329 39818
5912 44310
39054 40716
2504 4517
15451 37061
44942 49599
37087 34048
5595 218
42787 3105
10140 10096
4500 4839
39072 8843
20152 28928
43024 37087
4500 39439
17004 8884
7441 10729
27069 39818
6816 6867
3688 2939
30047 40453
5595 19176
33406 37617
3846 9690
32253 33450
16133 40197
16133 20396
6867 37087
5598 14895
6247 4839
12312 24861
16437 40777
33406 35956
41689 30385
42859 37796
145 218
30225 6247
1978 28188
47969 46110
28188 9690
47969 17367
11954 42787
14895 28188
17817 10140
3105 1623
32092 40777
1623 29298
5912 23007
12613 13204
44433 44310
12802 13660
5983 27726
32411 18381
4500 14425
40716 4387
31972 44286
12821 28376
23007 19176
12312 22512
37883 47969
30385 42443
11935 16133
37743 9904
10901 23007
21842 44079
22955 28551
41689 20895
32333 12613
31972 40037
40716 39818
47984 32333
14405 6867
3227 10901
32411 14895
42859 27061
12802 40453
47748 9973
43024 14071
30225 39062
10729 15451
47610 47984
37883 5983
18381 12157
36921 26222
32333 44942
27726 12329
32766 40197
28376 4839
218 43754
31506 18381
12320 40197
15451 49599
13660 19746
39248 28793
329 38049
41462 43382
37130 44433
12802 36797
31551 28822
23275 9904
23275 34751
28822 40533
14405 22512
47969 47748
34726 2504
43024 37883
27906 38049
41689 28822
218 6816
18381 47969
3326 9690
30047 22881
10096 32760
44079 27359
42787 40984
15628 37617
15451 40453
32411 14425
23007 39054
26619 32411
22512 4500
8710 28551
20044 40716
41689 23275
39072 42787
37087 47147
10729 37743
40777 47610
46110 4517
47336 44079
42859 15550
5912 27359
9121 14425
47984 34735
4500 27061
2939 27069
218 30047
18782 32411
9121 37990
38049 16437
15451 14405
10901 29675
23007 2939
32411 20103
21842 47969
9904 12157
22955 21046
26619 19176
29013 13204
20103 13204
14895 10096
2504 47682
28793 40453
22955 19746
22881 32253
47969 43382
4500 10332
11553 20396
218 40453
11553 31850
5595 20152
32760 3688
15628 5595
24789 5595
32539 31551
27359 30646
16787 17817
20103 48320
27069 20044
32411 30710
34735 37130
40755 43382
23275 32539
9904 42787
6247 36797
12320 15451
40777 32411
43024 32539
31302 18303
49890 2939
218 49890
37796 23275
31302 3105
3846 40453
26222 12157
37087 37061
47147 31972
49526 5595
37087 34988
43754 49890
18782 218
27069 3326
37087 22955
20152 28551
39072 15451
9904 37796
34751 22881
12613 43024
15550 28928
49890 44433
27061 10096
43024 36921
24861 37743
3846 12312
47984 20152
31972 12613
37061 31506
17817 14405
37130 20396
3688 35852
4387 1623
29298 10332
31506 27061
5983 29675
27069 26222
218 30225
40037 27726
27726 47336
7441 40755
145 23275
3326 46110
34726 41689
11935 10332
3105 12802
19176 10901
12320 47336
32760 14405
36921 27906
48967 12802
32760 49890
18725 12157
44433 5595
6816 21842
26619 2939
49890 29675
44433 40533
37743 15628
8121 1305
9904 31850
9121 5598
24861 32766
13204 40197
12802 47984
20895 27726
22955 10332
42859 19746
12320 29298
31551 30225
32766 47682
32253 48320
11553 49526
8121 33450
3518 4517
37130 27359
32766 18725
14425 19176
40197 28551
9121 3846
17367 34726
21842 30385
12329 7441
26222 21046
41689 9121
37796 24690
19176 40984
29675 14425
37743 37130
15550 14425
5983 31850
31551 42787
24690 8843
9121 8710
35852 11553
37990 42859
28551 2277
46110 29298
34751 8121
28822 28793
14425 47984
32539 12312
18782 31506
12613 38049
11935 13548
29675 47984
4500 3688
15550 21842
28822 40777
44286 18303
16787 40533
37796 27726
42859 14895
37061 40197
32092 30710
3846 1978
4500 17004
34953 47984
16133 30385
4500 34735
218 28793
40197 4387
6247 44286
30710 6247
27061 36797
8710 47336
2939 16787
22512 24861
40453 17817
3105 12320
145 38032
38032 36921
40716 21046
9904 329
47748 7441
31972 20396
8843 42443
49526 28793
32309 12802
20044 12802
31506 32766
41689 40984
37130 39054
13204 17367
37743 31850
2504 34048
30507 42787
2504 14071
218 1978
33450 20152
42787 33406
12320 32253
37796 45196
9121 11954
1978 30507
49890 18303
28793 10901
9690 13548
14071 17367
32539 29675
49890 5595
12821 34988
15451 27359
46110 218
3688 39818
29675 47682
27359 27069
39439 47147
27906 32092
49599 12329
8843 44433
40755 40037
11935 18725
47969 21046
41689 28376
9121 33450
42859 1978
1305 12157
37990 19176
10096 16787
30646 14895
34735 19746
30710 3326
3326 1978
39062 37061
17817 11954
39062 37883
39248 37130
39054 27906
14425 46110
40716 15628
37990 10096
41462 35852
3105 14425
44286 6247
37617 41462
24690 31551
3688 1305
2939 10332
28793 3518
37883 27359
8843 14405
27061 20396
12312 145
13548 47984
27726 28551
5983 40453
37883 15550
14895 41689
21842 39054
12157 47336
44310 40533
28793 14895
40453 30710
28822 19746
20396 40197
40533 21842
47610 29675
41462 4500
1978 15451
13204 17817
27061 6816
28793 37990
22881 4839
14425 49599
32760 35852
32333 37358
46110 32092
24690 34988
32092 12821
14425 17004
9904 31506
36921 42859
43382 41689
26619 41689
28793 40533
10901 2504
32539 32333
14405 29675
2543 40533
28822 48967
31302 48967
40740 6247
16787 9121
48967 36797
33450 27726
32766 17817
8710 37743
37358 38032
3846 10729
40777 27906
28188 39054
30225 15628
43382 32253
45196 39072
38049 46110
44286 11935
18782 8843
19746 37883
10901 4500
31551 17004
39248 31551
44079 32333
42787 22881
26222 47748
218 10140
20895 49890
14895 2939
28188 8710
3518 28822
20895 12157
20396 15451
32092 7441
24861 20044
44286 42859
49890 27726
3227 44310
20152 9904
12329 29298
4500 49890
28376 5598
31972 15628
47610 32092
2504 3846
2277 10140
48320 9904
30047 15451
20103 30047
38032 39072
30646 12312
7441 37130
43754 3518
21842 47748
35852 31302
8710 22512
32309 35956
218 1623
37061 23275
10729 48320
48967 48320
44286 27726
20044 12157
3518 41689
16437 20895
23275 37061
46110 35956
41689 26222
2277 34751
35956 30225
40453 37743
49526 30507
28188 10901
15550 47610
40533 23007
5912 32092
12821 14425
12320 30646
28551 18782
10901 15451
18381 15451
5595 39818
22881 17004
49890 37087
43754 12329
31551 18381
34726 5598
38049 40755
8710 22955
40716 2543
3227 39054
18782 18303
20103 16437
12802 7441
32766 10901
26619 43382
218 19176
36797 24861
18703 40755
37743 27061
27906 39072
32333 16133
18725 39818
43382 35852
6816 47147
46110 44433
6247 32092
40197 12329
42859 40755
47336 31302
37061 18782
29298 21842
12821 10140
33406 28376
40197 11553
33450 47748
46110 12821
32092 12613
47336 37358
33450 12802
1978 40453
44942 3326
8710 23007
22955 40755
15451 21046
2277 1305
47969 6816
5595 4517
41689 4500
42859 38049
13204 27906
38032 19746
22955 14405
6247 39818
34726 49890
28793 32309
11954 2939
29298 27726
40453 37796
41689 17817
47682 14425
37796 14405
48967 3846
27359 17004
37883 5912
3326 28822
5912 38049
24861 42859
5912 12312
44079 47984
36921 4387
36921 33406
13660 37358
20152 39062
12821 18782
32333 40755
20152 27359
32539 48967
20895 47984
14405 5912
32309 32411
46110 329
40716 39248
2504 10096
22955 29675
39248 27726
15451 12312
13548 16133
43754 5595
40037 28793
10901 31302
37130 47682
10729 46110
6247 32539
10901 31972
39248 27359
12312 42443
20396 37087
40197 16133
18782 13548
15628 10140
18381 4500
19746 20044
44310 4517
28188 11954
15628 19176
32760 29298
15550 39818
42443 32309
39062 30507
5912 12320
26619 20895
37796 19176
9904 40453
27359 12329
37743 11553
24690 6816
33450 16787
26222 47610
1623 31972
3688 14071
12312 18782
3846 13660
18381 9121
27061 34953
49599 10332
21046 6867
41462 2504
37358 39439
23275 40777
41462 30710
32766 32092
218 3846
27359 6247
22512 26619
39062 14405
26619 9973
39439 16787
47682 47147
36797 30507
30385 9690
43754 13204
35852 40197
17817 329
18782 33450
37358 23275
30710 3518
6816 13548
31302 29013
5912 19746
47748 32766
48320 22512
41689 12320
15550 40984
40755 18703
2543 27906
47147 14405
16437 10729
47147 37617
27069 40533
2277 23007
11935 10140
20152 36797
20103 12157
46110 48320
20895 26222
20152 13660
22881 34735
16133 12157
12802 4517
20152 14425
3227 218
11935 30047
38049 2543
11935 27359
11553 23007
35852 16437
40197 15550
5595 10901
20103 8710
18381 18703
28551 31850
49599 22512
17004 2277
40755 32411
43024 36797
29298 1978
23007 7441
9973 30385
47610 11935
20103 30646
8843 43754
26222 20103
11935 27726
145 29675
11553 37087
329 5598
5983 31551
45196 15628
39072 16133
145 12157
30225 39439
47748 28793
30507 33450
44079 3688
37061 10140
13204 32092
22955 39439
8884 44079
18703 40984
14895 43024
18303 10901
23007 3105
30225 29013
6247 22955
12821 49526
17367 24789
2277 27069
35852 37743
40755 32309
10096 20396
10140 39062
2939 5983
39054 48967
44079 36921
4500 24861
34048 8884
34735 6247
44310 48320
17817 37617
18782 3846
19746 35852
36921 13204
15550 31506
35852 40533
42859 6247
3227 17004
31972 18703
43382 37087
17367 32539
8884 47336
5595 42859
40755 12157
3518 5983
3688 10096
17004 9904
20895 14071
18303 12312
31551 9121
38049 17367
27359 28376
40716 49890
6247 30507
18782 47336
27726 16437
24690 23275
24690 12329
35956 20396
3227 8121
15451 22512
47610 3518
49599 27359
39439 7441
32092 15550
40197 47984
27061 16133
27726 8884
21046 27061
32411 17817
36921 47610
6867 27726
43754 32253
16437 28793
18381 34953
24690 40197
47336 9121
44310 30225
17817 15628
38032 15628
31551 19176
12157 42859
27069 20103
9904 18782
8843 34726
16437 8121
28188 15451
37883 32253
3518 27906
27906 8884
3105 42859
34048 4387
18381 15628
37130 10901
30047 37130
34988 29013
5912 31972
14071 30710
47969 32539
9121 31551
44433 10140
16787 47984
19746 32766
13660 37883
37743 8884
32092 37087
37883 14071
3227 27726
39818 19176
28822 39248
15550 37743
5983 12821
17004 6247
34726 47984
42443 10729
15628 20044
13548 17817
5598 35956
14405 12329
9973 40197
5598 30646
13548 40453
47748 27359
18303 22512
47748 37130
46110 24861
24861 31551
38032 30507
17367 8884
44079 35852
18303 6816
23275 11935
28551 29675
21842 20044
10729 2543
41689 30710
20396 31302
17817 31302
29013 18703
23007 19746
31551 40037
30225 3105
12821 5983
23007 12802
21842 30646
10096 19176
26222 49526
24690 329
37358 5912
14895 32766
6247 28551
10901 37061
23007 11935
18725 20044
19176 33406
15628 11553
11935 18381
14071 26619
49526 31506
39062 14425
329 20895
7441 1305
37617 15550
6867 32309
10332 40716
3518 34988
18782 39054
30507 30646
14405 30047
40984 32253
16133 37743
38032 28188
5912 5598
12157 12802
47748 31506
28188 20396
38049 3846
9973 31551
16133 4387
34751 40037
32253 5595
12320 23007
40197 2504
3227 1623
2939 5595
34988 44310
3518 6867
33406 28188
41689 9904
10901 2543
47984 10332
3518 32411
37990 40716
9973 16437
27061 26222
43382 28188
35956 12329
2543 27069
24690 44942
28793 2277
14071 20396
35852 13660
20152 12320
21842 16133
4387 34988
16133 49526
20895 27359
28928 15550
30710 43754
39072 47610
24690 20396
32411 14405
39054 11935
44079 6247
3846 18725
20044 44079
43754 12613
35956 4517
22512 40755
12312 32333
27726 5598
37061 13548
44310 8710
34988 28188
47610 17817
4500 30646
39439 34735
34735 4839
6816 14895
4517 32766
10096 20103
6816 39248
37883 13660
39054 4500
30225 43382
13660 45196
12613 41689
14895 10729
44286 36921
2939 47147
13548 3105
24861 47969
44079 17367
48320 39054
20895 2543
37990 1305
38032 47969
43024 8710
20044 27061
28376 1305
24789 40740
10332 9973
26222 28822
32766 16133
5595 4387
12329 43024
29675 35852
34735 48320
28188 32309
39054 20895
22512 12613
24789 21046
12320 35852
13548 20895
48967 27359
31850 37130
16437 32411
24861 15628
43382 47984
47682 5598
30385 9904
11553 34726
18782 38049
34953 14425
44433 9973
17367 13548
28793 5983
34048 9690
1978 38032
20895 27906
28822 9121
9904 38049
40984 22955
43382 21842
28551 34988
32766 2277
47984 23275
12312 29298
22955 34735
17004 37743
39248 8884
43754 44433
34751 5598
5598 8710
29013 32411
24690 15451
13204 26619
39439 40777
34726 3518
32309 30646
30507 44286
12613 34953
20396 31972
47147 40984
4839 12613
44286 16133
41689 39248
38049 4387
44942 24861
3518 5598
10332 20152
14895 10901
16437 6867
31972 8884
15550 40777
10140 47682
17367 28551
30047 38049
31850 16437
16437 17817
8884 7441
33450 28928
39439 3846
5983 32766
3326 43024
47610 34751
3688 34988
19746 40037
33406 4839
27069 34048
1623 47336
38032 34751
19176 12320
12821 2277
34735 44310
3105 9690
38032 5912
14895 3105
17367 44079
34988 37358
12320 16787
28551 17817
16787 34726
18725 12613
37796 27061
44286 4839
44310 47748
44942 11954
27061 10332
42859 28793
32760 36797
21046 31506
28928 8884
19176 9690
11954 47682
45196 37883
14405 39062
34751 218
28188 17004
12821 37130
8121 32253
43024 11954
38049 1623
22955 2939
46110 34735
16437 32760
4839 21842
34953 49599
30507 29013
33450 48967
49890 45196
8843 24861
40533 22955
26222 47336
37617 13660
18703 40777
12329 42859
4500 32333
26619 46110
40740 44310
14895 39062
145 5598
14071 44942
18381 28793
29675 17004
37617 5912
49526 23007
9904 40755
10729 16133
34726 28822
43024 4517
24861 9121
21046 34048
32333 34953
15628 3846
9690 8884
12613 8710
39818 32253
1305 47984
4500 48967
14405 24690
32333 28188
43024 44079
3846 145
8710 15550
16787 218
3326 17367
15550 39054
43382 42443
34726 10901
34953 48320
1978 145
28793 32766
18303 22955
30047 3518
43024 3105
40453 44433
41462 37130
12320 11954
42787 31551
49890 42787
30710 39072
31506 2543
31850 27061
22955 24690
2939 31972
5595 37796
44942 7441
18782 10332
31302 49526
37130 11954
47984 34726
32539 28793
43382 32411
30225 8884
31302 35956
17367 39072
30710 10901
36921 9973
27726 20044
18782 5598
11553 37130
1978 9690
20396 36797
15628 47748
10140 6247
7441 39054
34988 13660
40197 145
4500 40740
18725 23275
39439 18782
31850 44310
39054 9121
30225 26222
13660 18703
8710 36921
32760 27726
16133 36921
44942 17817
39248 40453
42787 9904
34735 9690
40755 23007
29298 22512
22881 46110
27061 32539
47147 38049
5983 20103
9690 40755
13548 18725
20895 329
39062 16787
18725 12312
40740 23007
34953 12329
10332 23275
39818 37358
3326 37358
47147 18703
43024 24690
31551 24789
33406 41689
40197 12320
14405 47748
4839 1978
37617 1978
28376 49890
6867 16437
42787 39439
10332 9121
34726 41462
24690 21046
21046 3227
17004 31506
9973 22881
6867 40533
47969 14071
37990 20396
20396 1623
32333 18303
13548 28793
49599 37796
8884 27726
27726 32539
38032 49526
14071 28793
40755 38049
16787 2939
39248 38032
13548 12613
37130 10729
12157 40197
3688 10729
17367 37130
23275 48967
47984 3326
10901 4839
37796 145
1305 8710
18703 31972
34988 46110
22955 47682
6247 10901
7441 39248
47610 329
4500 18703
4839 2939
37990 45196
31506 4839
44079 2939
5598 39054
42859 13548
38032 12312
34048 23275
37617 8884
34048 48320
24690 2543
145 16437
6867 44942
29298 32309
8710 42443
20895 39248
29675 37617
3688 23275
5912 26222
9973 41462
34735 12802
27906 16133
40740 37796
6816 9904
31506 37743
11935 28822
40740 40716
11954 10096
3688 20396
34735 31506
5598 145
31302 44079
10096 218
14895 14071
12821 20103
26222 44079
36921 19176
40777 44079
38032 14895
4839 34953
22881 30710
43754 34735
34953 22512
28551 11954
12802 32333
26222 49890
34988 49526
6816 14425
31551 31302
29013 37743
13204 44942
40197 41689
6867 7441
37990 48320
43382 15628
1978 26619
3518 46110
30385 39062
37796 6867
20044 19746
39054 4387
39054 3326
13204 43754
37087 22881
34988 10332
37743 8843
38032 5983
32309 18725
11935 23275
46110 27069
6867 1623
4387 40453
37990 44942
19746 12157
14071 23275
20895 8121
16437 31551
42859 7441
23007 48320
1978 12312
329 1623
8121 10096
1623 45196
41462 40755
39818 28793
10332 31850
47969 45196
10332 24690
40777 40533
5598 20044
39248 49890
15451 11553
46110 31850
32411 9904
37796 4839
24861 2504
41689 24861
5598 12802
15451 2504
16787 30385
12802 20103
40716 27726
12802 37617
33450 4517
30710 28188
40453 20895
49890 28188
10096 21842
12821 31506
28793 9121
15451 17817
3688 39062
37087 27906
12821 19746
10332 17817
37990 34953
2504 22512
29675 6816
48967 329
19176 40453
37796 2504
15451 21842
18782 16437
1305 12821
32539 5595
40984 14425
47682 37130
40716 7441
39818 8884
42859 3518
37061 37087
6816 33406
10096 2939
34735 35852
9121 24861
47682 47984
37796 43754
40755 9904
27359 3688
47682 30225
15628 15451
33406 10729
43754 37617
34953 16437
34735 37061
28793 29013
27726 21046
34953 39054
12329 47336
11935 8884
5595 28376
18725 21842
42787 37061
39439 22512
3688 40533
40197 37796
2543 37061
3688 27359
37617 22955
23007 49599
34953 10096
3846 34735
40716 3518
12329 37617
2277 33450
12329 21046
37617 28928
48967 40755
4839 31850
4517 32760
13548 3227
13548 37061
1978 40740
30646 14425
2939 24789
36921 47147
11954 20152
12320 30710
8121 41462
39062 32333
46110 21842
18381 10729
3326 35956
3227 42443
48967 8121
20103 329
47682 42787
7441 10096
329 8843
10096 8884
4839 22881
19176 37061
21842 12157
3105 12157
42787 44079
7441 3688
15628 34726
39439 16133
22512 13548
30385 31551
44286 4387
33406 11935
47682 6816
43382 37883
6816 1305
22955 48320
31551 14071
37743 39818
39439 38032
29675 19176
3105 218
1623 32766
14895 40740
32760 28822
18703 43024
12802 24861
10096 40984
40533 18381
8843 10140
16787 39054
10140 8121
19746 22881
8843 39062
48967 31506
47748 41462
40777 4500
38032 20396
26222 30047
41689 31850
47682 28928
39072 49890
44079 31850
40037 47748
44310 3227
29013 10096
21842 32539
4500 43382
22881 27069
22881 2939
24861 30385
23275 30225
45196 22881
4839 32092
39072 14405
43754 16437
10901 1305
5912 20044
28551 30710
12157 4517
49890 32253
22955 5598
37087 8710
40777 32092
47147 28928
43024 17367
34953 1623
16437 34953
47147 48320
47748 34726
15451 40984
31551 22512
31551 20895
20152 27726
16437 42787
39439 14895
13660 21842
39054 43754
40740 47682
38049 42859
9690 30385
17367 9690
34953 18381
20396 44942
28822 43024
44433 31302
28551 39072
32253 18303
4500 9904
6247 8710
22512 37743
28928 33450
17004 37796
2939 19746
43024 44286
16133 27069
7441 34048
24690 12157
18381 40197
48320 15628
44942 4387
8121 20103
15628 22881
10332 27726
8884 16787
4387 28188
46110 18703
31302 2277
22955 31972
35852 30646
329 6247
49599 16437
37087 40755
40755 3326
17817 13660
23275 37883
29013 12613
10096 14425
31850 18725
15451 28376
4387 47336
39818 39072
8884 39062
27061 40740
17367 24690
33406 3518
145 28793
38049 2504
40777 41462
13204 14405
24789 43024
39248 12329
21842 18782
30507 40037
3105 17817
37990 34048
21046 31302
5598 39439
28551 3227
10332 32760
9690 47147
43754 43382
4387 38032
47147 10729
21842 49890
13204 10729
26222 48320
22881 27061
12157 34735
1978 44433
47147 37796
2504 44310
12802 29013
5595 35956
31302 32333
39818 18381
34726 44433
39072 9690
28928 2543
10901 37358
26619 17367
40740 20396
30225 18703
37990 47336
6247 7441
39439 44286
14405 39439
27726 19746
47748 8843
44310 42787
32766 10729
40453 46110
37743 27906
32333 22881
6247 31302
30710 11935
28551 40453
4500 1978
36921 15628
15451 30646
6247 4517
32253 31972
10096 24690
32253 28928
35956 28376
23007 27906
34726 20895
37883 9121
39439 8710
9973 5912
45196 4517
32333 1623
12802 14895
47984 42787
37358 37883
18725 46110
3688 23007
10332 39818
39818 7441
1978 2504
30710 40755
34988 9121
43382 32309
40453 47969
30710 30225
29675 34048
19746 40777
145 37743
42787 21046
30047 34953
2543 39439
36797 7441
39818 43382
41689 31506
34726 37130
27359 49526
37130 26619
24861 47147
39054 39439
16133 12320
3227 37130
32309 49599
18303 27061
3846 26619
19746 47147
37358 145
41689 22955
24861 40755
32766 32309
46110 28551
36921 30225
20152 4387
3688 11935
2543 47147
16437 32253
31850 42859
30710 13548
12329 42443
36921 15451
218 22955
28822 13548
18725 36921
12329 9121
17817 49599
40740 32411
21842 18703
1978 47682
24861 43382
4387 329
30710 22512
40716 8843
31972 20044
47610 5595
145 27359
6867 47336
39248 37883
3846 44286
18703 1623
30047 43024
19176 34048
18782 32760
13660 10901
19746 42787
14071 26222
43024 38049
32253 14071
45196 14071
11935 44286
5598 47969
10901 44079
45196 18703
19746 31972
17367 2277
3518 49890
8121 44286
14895 9973
40716 34988
40533 47336
33406 8121
11935 42787
31850 37743
37617 3518
34953 10729
43382 7441
1305 39062
30646 32539
2504 14405
3326 7441
13204 47682
14425 12312
21046 6247
14425 10096
12613 5983
19176 30646
34735 28551
2504 42859
34048 3688
11553 44079
44942 19176
30710 4517
28822 17367
34735 32766
31972 10140
9121 40740
39054 6247
47682 19746
17367 43382
20396 1978
24861 24789
3227 16787
39062 2504
49890 40453
24789 18782
28376 12329
2939 30225
32092 9973
40755 44079
40716 47984
12821 2543
42787 8710
47984 40777
41689 14405
34726 32766
41462 42787
329 8710
47147 17817
21046 49526
37990 47748
37061 9690
30710 44079
20396 29298
29675 40037
20044 37883
17004 39054
44310 37743
20152 27906
12320 44310
30646 35956
16787 6247
40716 29675
5595 1978
40740 11954
34726 14425
3688 37061
37883 39054
9973 40716
5983 13204
29675 37130
15550 5595
15550 13660
30710 12320
37883 28551
22512 17004
29013 12320
27069 26619
6816 7441
30507 37796
39054 6816
2277 20396
38049 12802
35852 34953
10332 19746
26619 19746
20895 1623
49890 34048
20152 24861
28188 5595
10140 38032
42443 39818
34048 37061
42859 12312
21842 5598
44310 47969
40716 8884
44079 38049
39072 40533
24690 37087
32092 5983
2504 9973
3326 1305
31506 39062
38032 28551
1978 40037
32092 13204
14071 12312
27069 15628
8710 5912
31850 43382
44942 40716
6247 1305
49890 31506
40453 31551
42787 43024
2277 18381
20895 2939
43754 26619
11935 19746
30646 6816
37130 44079
35852 19176
48320 18303
18725 40037
37743 20103
2277 4839
10140 14405
3227 13660
27061 32092
18303 14895
8843 32760
40533 43382
32333 27061
40777 3518
24789 48967
34751 27726
37617 44079
28928 329
1623 12329
28928 12821
12821 47147
5983 39818
23007 8710
41689 35956
28551 31972
5983 34751
20152 27069
18725 39072
3105 14895
42443 40453
22881 23007
44942 29298
17817 8710
4500 37087
14425 41462
36797 30385
4839 5983
44079 10096
12802 9690
17817 47984
30507 4517
20044 47682
10332 37358
43382 4387
34048 7441
8710 31850
18782 42787
4839 24690
38032 9121
8121 2277
41462 28822
31551 20103
43754 8843
4839 18725
7441 28822
39062 28551
47336 43024
4839 12312
49526 11935
5595 20103
40740 40984
29675 4839
3227 32253
34048 13204
4500 48320
27726 34751
12613 7441
38032 13548
20895 32309
26619 40716
47748 16787
31506 10729
5595 39439
18303 49599
34048 41689
17004 12613
33450 47147
30047 43382
48320 34048
40984 39062
12320 32092
13548 11935
2939 39439
11553 47610
9121 32411
47682 9973
24789 24690
2504 12157
37061 40755
4839 39062
3227 11935
13548 39072
48967 17817
41689 47969
45196 37130
36797 36921
28822 3688
47336 38032
39072 39818
18303 3227
4839 1305
37743 329
10901 14895
31551 32309
34048 36797
4839 30646
32333 30385
3326 17004
39818 5912
1978 31506
47969 37743
5595 18381
30710 31302
20895 40533
37883 16437
6867 19746
43382 24861
14895 3227
32539 20895
28793 3105
4500 44310
8710 30507
34988 40533
14895 20103
329 2939
40984 11553
35956 37990
45196 32411
10096 36797
14895 5598
36797 145
10096 3105
40453 2543
16437 1623
8121 32092
37358 10729
7441 5912
27906 17004
34953 48967
17367 10901
38049 31551
37087 47984
22955 34953
15550 24690
22955 18703
31551 13548
40740 14071
17367 12821
18381 35956
3846 42443
13660 329
35956 27069
37796 23007
32253 34751
1623 48967
2277 4517
1978 32766
27359 2939
8843 28376
49526 28822
37061 21046
28376 37796
14425 24789
17004 16787
36921 34988
145 27906
47610 34048
36921 31972
31506 3326
14895 37743
18703 1305
47610 34988
49599 10140
1978 22881
36921 27726
6867 32766
47969 3518
40716 26619
24690 33406
3227 18703
39054 27069
24861 49890
37061 35956
35956 5912
2543 28928
5983 18381
40533 12802
13660 33450
4387 36797
27726 22881
34751 47682
15550 43382
14425 37743
30507 3846
22512 31302
28793 40037
38032 41462
23007 2543
22881 37087
37061 145
2939 21842
4517 43754
29298 8121
41462 36797
329 3326
11935 26619
49526 24690
2277 145
34988 32766
47969 27069
12613 9973
14895 2504
26222 32333
28376 3227
27069 218
13548 8884
14405 18725
17004 39818
39248 8710
17004 26619
27906 32309
36921 49890
11553 43754
20895 18725
27726 17004
39818 12329
37358 24861
14425 10140
19746 28928
32092 37883
34988 2504
13660 44079
47336 32092
3326 24861
36797 13660
31850 34988
27359 32760
37990 28188
18381 15550
12320 41689
4387 37061
18303 4387
43024 32411
17004 37358
18381 13204
15451 27726
40453 47984
11553 10140
33406 12613
47336 34735
40755 4517
44433 3105
48967 30710
17817 43024
15628 15550
18303 37087
22955 22512
2277 19746
18303 28188
24690 31972
15628 28551
14071 40037
27359 48320
14425 3105
15550 28822
40984 34735
5595 17004
37130 12329
37087 39062
30385 34751
1978 3688
43382 49890
21842 2504
34735 14895
34751 32333
4839 14895
37743 47969
24690 12312
3688 43382
41689 32766
16787 47336
31506 29013
44286 3105
2939 20152
15550 8710
47984 42859
37990 10729
40197 32309
3326 13660
15451 42443
4517 39248
18703 19746
18303 5598
39072 7441
6247 37796
40533 40777
2939 47610
2543 34726
6867 26222
15451 30507
49890 11935
11553 5983
8710 24861
19176 24861
34751 3326
5595 14425
218 34048
3105 30710
40453 4839
21046 2504
6816 8710
40716 17004
21842 3518
37087 3105
40984 31302
24861 34048
20152 5595
34953 43382
11954 37358
23007 32333
11954 19176
21842 32309
14425 6816
37990 30047
22955 21842
8710 29013
47682 43382
11954 4387
16437 1305
6867 14895
19176 4500
34735 40533
40037 31850
12802 32760
7441 6867
30646 8843
10096 6247
31850 44286
2543 3846
34726 22955
15451 218
30047 41462
2277 3105
1623 28551
43024 47969
34953 6816
15550 13204
36797 14895
2277 28188
13548 9121
30646 20895
39072 28376
32539 1623
44942 40197
1623 19176
34048 31850
3326 9973
329 29298
5598 28551
34988 8843
32539 44942
4500 19746
12320 38049
24690 10096
47969 18725
40533 3518
31972 4839
15628 18703
37130 47748
30507 48967
37990 24789
10096 12312
34751 3688
3227 40197
44310 14895
329 32309
15451 27061
44942 28188
47969 17004
4839 43754
43382 40716
40984 47969
32309 34048
33450 17367
34751 39439
8843 36921
11935 17004
17004 20103
14071 11954
34953 32253
3518 3105
47147 5983
6867 46110
1305 21842
40984 43024
17367 29013
12613 18725
6247 6867
31972 37087
1978 37883
14895 12802
27726 18782
15628 33406
6816 29675
32766 24690
5912 41689
47748 38032
47147 20044
10096 18782
45196 20895
39054 8884
20103 1305
2939 44942
28793 37883
11935 26222
28928 12329
47984 13548
36797 1978
32411 27359
17817 44433
31972 31551
11935 30646
4517 22512
28188 18703
44079 10140
46110 1305
48967 30047
3227 31551
3518 37796
44286 5983
48320 30507
48967 29013
30710 22881
43024 1623
24789 30225
9121 34751
5912 27726
40716 3105
5595 16787
40984 38049
28188 29675
14405 2939
31972 36797
12157 37130
19176 47748
33450 4839
19746 8884
1305 10096
46110 42787
40037 2277
1623 3518
11954 11935
43754 40037
1623 19746
6816 32539
11954 19746
37883 44079
44286 5598
12613 1623
45196 32539
48967 37990
20103 11954
27061 39062
31551 37743
12320 5598
10901 43382
32309 23275
32766 16787
44433 34735
27726 29675
5598 11954
4839 40984
14071 42443
18303 23275
8121 22955
33450 23275
47147 27906
6247 9904
44286 3518
39439 49526
18725 44942
11935 15550
9121 37743
23007 40740
42443 18782
37087 31850
30646 18782
47748 9121
28188 3688
39062 32309
10901 44942
47748 8710
48967 29298
15451 39054
31972 17004
13660 43024
44942 37130
24690 26222
14425 36921
33406 21046
42443 44433
48320 10729
24789 17367
42787 24861
20895 38032
41689 30507
2504 31302
36921 23275
31972 40453
43024 9973
44310 37617
2504 27069
30385 48320
12821 30047
44286 39439
47336 44942
32411 29013
43382 30047
31972 47147
18381 10140
39818 1623
40453 34735
12821 20895
15628 5983
27359 42443
46110 31972
23275 40533
5912 1623
32766 22881
47969 27906
8884 4387
35956 24789
12821 19176
44079 11553
16437 13548
29675 31506
14425 7441
44433 30710
218 17367
26222 24690
2543 9690
40984 10140
42443 1978
30710 39439
39054 40197
1305 27061
27359 44079
29013 37087
12802 1305
44942 39072
34048 37130
16133 32333
48967 40037
39072 36797
39062 31972
39062 44433
34726 2939
13204 14071
47147 22881
8710 16437
12312 37130
8884 11935
13204 34726
12329 4839
15628 43754
18303 40037
14895 34988
37990 49890
19746 40197
32411 8121
4517 2277
44433 17367
16437 39248
40197 27069
47748 39439
8843 39054
145 31551
5912 47336
41689 12613
1978 30646
19176 17367
44942 43024
3227 13204
32766 14071
12613 37796
4500 26619
46110 40533
34048 12329
3326 15628
39248 30646
47748 27726
47984 37743
28793 8884
40777 34988
18703 2277
20152 28376
4839 16437
12320 26222
44079 14071
4839 32253
32092 3846
12320 10332
11553 47682
8884 39054
19176 8710
40453 47748
29675 11553
27906 26222
3518 37130
12613 4517
12802 4500
22881 37743
18725 4517
43024 33450
2543 16787
28793 13548
9973 2939
16437 40984
39439 47336
218 4500
8884 4839
40037 35956
3227 40037
37883 15451
2504 3105
18381 17817
30047 1305
27726 11954
43382 4839
3846 37796
16133 15628
4517 15628
19176 12821
38032 17367
5912 42787
31972 5595
40453 23007
18303 37990
37358 37990
48320 47748
1978 40197
12802 40197
27906 9973
12329 34988
31850 47984
3326 28188
47610 18703
8710 18303
39072 27069
329 9904
3227 43024
20044 29675
42859 9121
32766 34048
8121 11954
34988 24690
45196 18782
29675 12312
12329 22881
49526 40533
32333 3846
17367 46110
14425 17817
26619 21842
37743 35852
12312 44079
30507 15628
13548 1623
29298 2504
32309 24861
38032 34988
4517 10332
35956 34726
32539 43382
24789 30710
13204 31506
3105 2277
45196 6247
44942 49526
20895 30710
39072 11553
27359 15451
39248 41462
16437 329
9690 37743
145 3688
40197 47147
3326 36797
47984 29013
44310 12312
27906 3326
42787 26619
47682 41689
28188 34953
20103 17004
8121 8884
22512 34726
3518 40740
12157 15550
31506 18303
34988 27069
30225 23007
31972 14405
4517 2939
16787 10901
27069 4387
31972 47336
47147 7441
39072 37130
21046 2939
12802 40037
15628 2543
30047 20895
8843 35956
37796 47748
27069 40453
42787 32309
18381 5598
8121 26222
49526 32766
6816 27069
26619 2277
32760 31551
3326 6247
45196 27726
10140 40197
28822 4839
11954 16437
33450 37990
33450 13204
37617 21046
40716 43382
18303 44310
3105 23275
32766 11553
32309 329
12821 46110
47969 30047
32539 2543
31551 43754
37358 42859
9690 27906
4839 41462
10140 34726
26222 15628
1623 33450
15550 43024
19746 37990
10901 39072
2543 29298
10332 40740
17004 13204
1623 37061
10901 2939
39439 43754
29298 1623
34048 145
12329 49599
12329 27359
12320 14071
42787 47610
8710 12329
33450 12613
48320 27726
44310 40740
17367 32092
19746 4839
1305 39248
2277 20152
43754 47610
16787 21046
27069 31972
1305 18303
34735 16787
44310 18703
32309 46110
11553 32539
47984 2504
49599 4387
26619 40984
20895 4500
14895 4387
3518 17817
37358 16437
18703 18782
38049 35852
15550 3518
17817 3518
15451 47984
32092 49890
42443 41689
27061 19176
26222 24789
23275 47610
45196 47984
40453 23275
28822 2939
3688 10901
40037 40755
18381 27726
4387 40755
34988 41689
44079 40716
34735 218
7441 28928
47682 39062
27069 44433
32760 32766
34953 24789
22512 16787
17367 20895
34735 40777
28793 12802
40037 14425
40777 49599
38049 13204
7441 22955
14071 18725
13660 44310
14405 14425
15550 41689
38049 30507
6867 30710
20152 29013
12613 32539
4500 22512
17817 13548
12329 2939
20152 10901
32411 24690
21842 34726
218 37130
22955 41689
28793 32253
30047 34048
18703 46110
3105 40740
47336 3688
40037 28822
41689 40533
20895 16787
38049 32253
46110 18782
45196 40984
39818 10901
14071 19746
22512 47147
39248 2939
30385 32760
22881 39072
16133 29298
31506 31302
6816 11954
47336 5983
24861 3105
40716 6247
41689 34735
31850 44942
34726 44942
20044 10729
5983 37087
39062 8843
37990 5983
12320 34751
16133 18381
39054 30385
9973 18725
48320 32766
34048 11954
34726 218
46110 12613
48967 32253
11935 14425
47984 12802
34735 3105
10901 39054
6816 145
27906 35852
32411 5912
43754 11954
31972 31506
29675 11954
37061 26619
10140 40533
2939 13660
24861 23275
20103 3326
31972 15550
40740 29013
12613 31850
21046 15451
3227 12320
28793 27359
27906 3105
4517 49890
32766 18782
2939 28822
8884 47147
37358 9973
14405 14071
27069 32253
31302 28793
47984 12821
49526 32760
41462 27359
5912 40755
8884 13660
22512 32766
40037 4500
32766 32333
6247 18703
24861 14895
34048 18725
4387 10096
10332 9690
27726 6247
34953 30646
11954 34751
6247 40533
21842 4387
9690 20103
44310 23275
8843 10096
49526 30385
37358 26222
10096 37061
44433 10096
10729 11954
15628 44310
21046 32309
24690 20152
49890 37061
10729 12312
18703 32539
49526 49599
22955 32760
39439 15550
6867 31506
13548 17004
9121 20044
3326 24789
23007 4500
18703 23007
44433 3326
40533 31302
16787 37883
27906 48320
47984 27726
34735 23275
22881 38049
39062 6247
39248 2504
5912 18381
27061 47147
2939 34988
3518 30385
1623 48320
9690 218
9690 32539
15628 47610
38032 45196
37617 18381
20396 40453
17367 30225
21842 16787
39072 29298
37358 9121
39439 3105
24861 37130
40716 34048
29298 47682
11553 21842
6867 4839
10140 18303
218 23007
44079 48320
8710 8843
27069 40984
16787 8884
32253 12613
10332 24861
14895 39439
40197 5912
29013 12821
37743 16133
43024 34953
14071 32539
42787 41462
30385 14425
10140 33406
41689 17367
12802 14071
28793 8121
3518 24861
30225 7441
16437 21046
24789 3846
12821 42443
32760 37617
5595 31850
37130 15550
12320 31506
44286 2504
12329 24690
42859 6816
28822 40740
49599 32411
32766 47147
17367 21842
49890 46110
9904 1978
16437 18381
39054 32766
49526 21046
47147 49599
28793 4387
42859 32539
35956 32309
14425 42787
37743 28793
37061 48967
38049 27359
49890 329
47682 24861
14425 4387
34953 29013
30225 12329
13660 38049
31850 22881
11954 8121
12312 40453
48967 16437
37061 34726
47147 30385
26222 46110
28551 16437
47969 43024
30225 16133
17004 11954
41689 37796
4517 3846
27061 40037
4517 44286
145 40716
22955 37087
37617 39072
37743 40984
6867 47984
47969 37990
12320 33406
43024 3518
9690 10729
22512 23007
43754 37358
38032 329
21046 39248
17004 24789
24789 3688
30710 48967
5912 16437
1978 27726
40453 38049
44433 3227
12613 21046
34735 24861
5912 12157
27359 37883
27906 29675
15628 41689
12613 32760
18381 37883
14425 34751
42787 30047
14405 13204
14071 13204
7441 37883
20044 20103
12821 5595
49890 24861
39248 8843
37358 5598
43024 6247
3105 39062
44079 21046
39054 4839
4500 10096
17367 47682
40453 18725
32253 38049
8884 2277
15451 4387
12802 37130
22881 10729
47748 30646
39248 40777
3326 32333
1305 34048
19176 2543
30710 9690
27726 17367
26619 38049
16787 28793
28793 34735
30710 39248
47682 3846
37130 329
3326 13204
32333 31850
10729 13660
27069 17367
3105 5598
31551 31506
34726 329
16133 6816
39072 34048
37087 3227
12613 34048
15451 9973
47147 13660
40716 28376
47969 44286
329 22955
47682 48320
41462 10332
40984 40533
34735 48967
11553 45196
37617 34048
32253 30047
27359 37061
19176 3105
32253 44286
33406 24861
29013 40716
16133 16437
8843 34988
20152 40533
39054 37990
47610 42859
30047 47748
1305 4839
12320 17817
31972 37990
12613 40533
13548 42443
2939 1978
9973 11935
39439 31551
37743 7441
2543 39818
18782 12802
11935 37883
8843 30047
42443 34726
32539 6816
39818 36921
40984 10096
39072 39439
44079 13204
48967 22881
40777 3326
40984 40777
37796 28822
20103 41462
23007 33450
30385 30225
1978 17367
44079 22955
7441 27906
18303 10332
34735 1978
18703 30710
31506 36921
12312 18725
8121 13204
28376 15628
40984 28188
30646 10096
37087 16437
14405 32411
4500 12312
8710 20044
18381 38049
24861 30710
14895 33450
32253 30385
3846 33406
30385 30047
17817 4839
18303 11935
23275 47336
8710 6816
44286 14895
12157 10332
12329 37796
42443 8884
4839 12157
9690 36797
23007 18782
18381 2504
20044 38032
45196 20044
26222 9121
23007 12312
24690 2504
37990 32411
10901 40984
8884 35956
20103 47682
10096 18703
38032 3846
11954 10729
42859 12157
2277 30385
31506 8884
36921 4500
48320 37617
3688 47748
32411 18303
28376 40740
39439 47984
3846 14895
8843 37617
5912 40453
32309 30385
4839 34735
43024 18381
44310 12613
8121 14895
45196 9973
34726 28188
38049 38032
46110 14405
14895 34751
14895 44433
44942 13548
22512 47969
47336 11954
26222 43024
29013 32539
9121 13548
40755 32760
20895 17817
20103 8121
24690 29013
31850 8884
45196 3105
47610 16437
22881 32766
145 2543
35956 16787
24861 37358
2939 43382
12157 23007
1978 29013
17817 39062
33406 10096
12312 3227
6816 12329
32539 26222
23275 41462
27061 21046
6867 6247
4500 47748
12613 40755
15628 32760
33406 24789
7441 40984
44310 35956
14071 2939
6816 12157
28376 27061
8884 3846
28822 30507
12802 16437
4517 6247
23007 1623
31850 10096
3846 37130
31506 40533
16787 11935
7441 21842
23007 29675
40984 8843
32309 11954
43754 20152
47748 11553
8121 26619
33406 40755
20895 47969
3846 31506
13548 18381
13660 27061
30385 28822
17817 34726
6867 39818
8121 39062
27061 47748
40777 37617
5983 46110
16437 37990
45196 18725
22955 37883
22955 30225
44310 31850
3227 44942
47610 21046
9973 12613
30047 45196
30385 23007
27359 20152
27906 20152
17817 30047
26222 30385
49890 10729
12613 23007
30225 32092
3518 40984
32253 13660
30646 30047
24690 41689
30710 2939
28376 47682
38049 9973
31850 49890
19746 32092
19746 19176
28376 17817
329 4500
10096 32539
34988 27906
39072 32760
39072 15628
37358 37061
14071 40197
12320 23275
37883 39439
16133 5983
3105 37883
26619 16787
6867 8710
44079 11954
7441 20152
37883 28793
13548 32333
19176 16133
35956 30385
37796 42787
13548 40777
49599 8121
12613 24789
16133 27726
30385 24690
49890 218
11935 27906
30047 47610
24789 47682
29675 9121
3326 10332
40777 10140
27726 5912
39062 17817
3326 31506
39054 37617
22955 36797
42443 37990
3846 23007
3105 27359
38049 24789
18381 26619
40453 19176
32766 1305
32092 26222
3227 32092
4517 43024
14895 18782
12157 41689
30507 10729
5983 44433
27906 8121
8710 36797
39072 22881
49599 23275
37617 3326
3846 47147
37743 37796
24690 37883
29675 218
31972 27906
40197 4839
13548 4387
32253 34988
37990 11935
40533 34953
10729 10332
20152 2543
48967 11553
39439 12821
21842 31551
27061 27906
30507 31850
37743 20152
23275 20152
14425 39439
13660 49526
16787 49890
40037 37061
14071 42787
16437 31302
22881 2504
34048 37087
16787 40777
30646 12802
4839 3227
218 4517
37883 40453
34726 8121
40037 29675
30507 20103
10729 47610
4517 42859
31972 14895
2504 10140
17817 30385
35956 12157
34751 20103
7441 26222
12613 5595
18725 28188
17817 44310
24690 34751
39062 11954
14071 30047
22512 33406
5912 10901
10729 48967
23007 36797
30385 46110
27069 18782
11553 40716
1978 36797
4517 36797
40197 37130
20396 12821
16133 3105
43024 40197
18703 20895
4839 13548
19176 20895
4839 33406
6247 47336
47682 37743
22512 47748
3688 22512
16437 22955
27069 33450
37796 20895
17004 30047
6816 29298
29298 24690
22512 30047
27726 43382
31551 26222
26222 22881
40777 4387
5595 40984
14071 39439
21046 5595
37087 12312
48320 36921
31972 27069
48320 2543
12157 12613
26222 37883
11935 24789
33406 26222
13660 34048
48320 11935
11954 28928
10140 18782
5912 48967
28928 32760
16133 9904
37061 21842
9121 30646
6867 10901
37617 31972
12613 49526
27061 38049
2543 34735
27906 1978
33406 34048
22955 38032
26222 14405
31302 44433
28928 22881
5598 48320
41462 29675
28188 40984
23007 3846
47610 3326
11954 9904
2504 17817
47984 47969
8843 31302
49599 14425
12312 4387
3688 44286
28928 12613
9690 145
46110 49599
49599 39818
34726 27726
30385 3688
218 16787
12312 8884
12312 40777
19176 19746
20044 27069
30646 12157
12821 49599
34953 39439
40716 47748
145 29013
17004 5912
39072 14895
31850 38049
8121 30646
34048 31506
21046 29013
37358 40037
44310 20396
10332 43382
41689 8710
40716 41462
37617 30047
42787 29298
45196 36797
32411 38032
11553 22512
3326 2504
44942 47984
6816 12613
14425 13660
18381 17367
14405 47336
30710 34988
10096 4387
49599 40037
44286 39818
47682 39248
44079 32309
5595 18703
8884 22512
48967 20895
15451 2277
7441 1978
37743 8121
34988 17367
20044 48967
47610 37358
22955 5912
3846 40533
24690 44433
31506 3846
19746 37061
7441 40533
41689 17004
29298 4500
5912 3105
2939 30385
47969 10901
12320 32411
44079 1305
1978 12157
30710 28551
23275 14425
39818 32333
29675 42787
3326 44079
17817 21842
28822 23275
10729 28376
20103 48967
37883 39062
24789 10901
40716 15550
39248 17004
35852 18381
16437 21842
20895 9121
32539 5983
40197 31302
47984 6816
3227 14405
39054 23007
15628 13204
34953 40037
145 28928
44942 27061
4839 2504
14895 30385
28928 6867
12157 34726
42859 22512
37617 6867
3326 20152
8121 5598
8884 27061
30646 13660
6867 21842
3518 43754
13204 47748
42443 28928
7441 27061
31302 3518
32411 8884
36797 33450
15628 3227
43754 10332
8710 38032
12312 20895
9121 43382
32333 32309
20396 44286
28376 30047
31302 36921
12613 31506
44942 31972
5912 39072
12613 40777
4517 32309
32411 32333
40037 30710
40984 18381
30385 13660
31302 30646
38049 47610
3326 18381
36921 28822
20895 13660
48967 21842
11553 14071
2504 36921
29675 31551
31551 37087
30047 11935
40777 18782
29675 40984
4517 45196
24690 37743
1305 23275
28928 10729
39054 10729
49599 14071
37617 8121
26222 12320
47147 18303
34988 20044
30507 36921
11553 30385
40777 21842
145 12320
3688 12821
47682 15628
44942 44286
14425 31972
31972 1623
12157 30507
11553 12802
14071 329
13204 18303
8843 30385
34726 12312
10901 6867
31506 37130
27906 37358
44310 32092
13204 31972
14895 18381
11954 6867
24861 5598
38032 18725
9690 5912
9904 218
4500 40716
40197 20895
42787 12821
47336 20103
30507 26222
34751 9121
41689 27906
13204 37883
20895 37883
26619 8884
28551 32092
2277 16133
37743 40037
16133 46110
4839 38032
48967 6867
24861 17004
13660 46110
2939 16133
17004 15628
35852 29675
27359 28822
6247 24690
40740 27906
13660 2277
31551 31972
28188 42859
329 11553
3326 31302
47969 30385
2277 30646
40740 15451
39248 5912
37617 29298
40453 44079
8121 34726
36797 43754
13548 37743
5983 30385
13548 38049
30507 12802
37061 36797
18381 40533
8121 28793
6247 40984
20895 10332
39439 34726
20396 14895
31551 43382
13660 39072
44942 9973
5598 2277
12329 27726
32760 9973
1305 24861
26222 10140
47748 3227
12157 18782
3846 40777
32253 8843
11553 13204
18703 16787
11954 22955
28376 31551
8121 47336
19746 34048
41689 38032
8884 1305
31506 11935
32092 2543
37743 10140
10140 32309
37796 41462
32539 39054
42443 3105
44079 47147
43382 5595
11553 8884
44942 33450
35956 42859
1978 24789
40755 34048
49526 47748
1305 48320
12157 27069
42443 17004
3105 10096
3105 5983
28376 37130
5912 44433
41462 37883
28793 18703
16133 44310
11954 36797
8710 18703
20895 2504
49599 12157
145 5595
9904 22955
27906 16437
31506 5595
49526 15628
27359 46110
14425 32760
44286 37061
40037 14895
3688 5595
27069 18381
20895 41462
23275 12157
39248 39818
44433 35956
47610 29013
20152 4517
30225 18381
42787 49526
2504 11954
37617 20152
14425 40984
9904 24690
3688 18782
44310 34048
42443 30507
40755 43024
41689 12157
10901 49599
48320 26222
35852 6867
10332 28551
37796 2277
39054 21842
11553 40740
11935 32760
31506 39818
38032 1978
31302 4839
1623 30710
11954 9690
44942 40740
31850 4839
8710 39248
12312 31850
44286 37796
40716 36921
49890 38049
48320 20044
21046 28928
27726 3688
41689 9973
10901 33406
39062 48320
36921 2277
36797 27906
18303 47336
17004 10332
16787 3688
17817 12329
10332 11954
12320 2277
18782 32309
37990 37743
15451 20103
46110 10729
13660 8884
5595 34953
32309 27359
2277 329
3227 26619
22881 27359
31302 41462
10901 39248
31850 3846
11553 41689
32309 31551
12312 44433
28822 29298
12613 2543
44942 2504
20396 35852
47682 32766
19176 26619
32309 28551
28376 22512
12613 43382
15451 47748
48967 15628
13548 10332
5983 1978
14895 30047
15451 9904
44942 10729
32253 12802
27726 13548
4500 12329
28928 27906
12312 19746
3688 13660
16133 18725
24789 16133
18782 17367
26222 8121
31850 24789
30646 14071
32253 42859
38032 22512
49890 37883
12320 13204
30710 34048
26619 18703
8710 10140
48320 18381
2277 18782
29013 32253
32760 23275
12157 30385
22955 27906
39072 23007
12157 37883
14405 32760
9690 21046
14071 48967
43754 20396
16787 17004
3227 2543
19746 20152
4839 18703
32760 42787
34735 1305
10332 41689
145 34953
27726 47969
31551 36921
29675 10901
20396 47984
3688 36921
34988 11935
49526 42443
4839 47969
28551 4387
3326 43382
13660 15550
27069 6867
9973 11553
39439 42443
9973 43382
34726 46110
4517 47969
43754 5598
4517 18381
34988 18782
47748 46110
23007 6816
14405 145
47610 41462
23007 22512
39818 17004
8710 10332
12613 14425
28822 19176
27726 6867
34953 36921
37087 40533
41462 3326
20103 6247
12320 38032
27906 27069
20103 30710
32253 41689
31850 20396
47748 35956
15550 45196
47336 14405
20895 24690
38032 3326
33406 32092
47969 24789
21046 14895
32539 30047
32539 12329
2277 14071
37883 32760
27069 37990
145 18725
14425 36797
34726 23275
11954 7441
12821 30225
12320 31551
5912 27906
47336 16133
39439 39072
7441 47969
42443 47336
47984 40037
18725 19176
9973 17004
4500 40777
218 32766
35956 44433
12329 10332
42443 28822
15550 31551
46110 20044
18303 20152
15550 27359
34751 22512
1623 12802
21842 7441
8884 13204
27069 47336
1305 44286
9121 329
39054 13660
11935 34735
43382 40740
24789 4517
12157 37087
22512 15628
31302 12802
40984 6816
39248 37796
12802 48320
32092 28188
27906 34735
42859 34751
47682 32333
10729 45196
32309 17004
37743 41689
30385 4517
37883 12157
38049 35956
11935 9121
12821 44079
30710 5598
37617 10901
18703 12802
32539 13660
7441 24789
26619 31506
8121 34953
2939 27359
16787 39248
33450 47682
30225 35956
1623 17004
40037 42787
39818 2277
44433 40453
14405 36797
47682 47969
15628 21046
39818 47147
15628 37130
48320 9690
18782 35852
3846 40197
21842 40716
40755 29675
22881 22512
19746 12320
40755 24690
4387 30385
20895 30225
28551 218
45196 47682
4500 39072
40755 14405
35956 32253
3518 8121
44286 9690
3688 24789
32309 30225
28376 8121
32309 36797
30047 44286
329 3688
41462 33406
28376 40984
3227 28188
42859 12802
27069 8884
46110 11954
18782 39248
12802 35956
32253 28822
32539 13548
18303 32411
40777 34048
42443 19746
14405 47147
44942 39248
17004 27359
3326 47147
42787 34988
40755 19176
47336 37990
3846 12320
11553 20895
32309 44433
1305 4387
32539 27069
28822 32766
5983 15451
27069 13548
4517 24690
39062 18782
30646 10729
16787 12613
37358 32766
6247 14071
47682 12329
47748 23275
1978 34988
28188 23275
14405 44433
11935 47610
20152 8884
37883 43382
145 20044
20103 14425
31551 14425
8843 32092
28793 30646
20396 37130
36921 3846
24690 32539
8884 39439
33450 48320
16133 145
18381 39818
16133 44286
37087 23275
40533 42787
37087 1305
2939 4387
32092 47610
4839 6247
5983 14425
18303 24690
14425 40716
3227 6867
49599 34048
8121 17004
40453 22955
28928 16437
18782 27906
18782 30047
30047 40777
33406 24690
3227 18782
44433 9121
30710 6867
18725 4839
29298 33406
37990 11954
37358 34988
19746 3105
34735 2277
44433 47984
7441 31972
33450 10140
2504 43024
38049 8710
40777 23007
33406 145
34988 6247
4839 36797
40037 3688
145 34735
329 47748
20895 44310
18703 34048
12157 29013
12802 3688
35956 12312
10729 39818
47969 3846
1978 30385
49890 20396
23007 16133
13204 27726
42859 12821
34048 18381
30385 1978
12802 34953
24690 35956
12821 18381
47610 36921
24789 20103
35852 37796
45196 26222
23275 2543
47147 3105
18303 47748
5595 38032
34726 21046
38049 31850
34751 40716
20895 18381
9904 41689
1623 32333
8121 40740
36921 18303
14405 9690
39062 12157
35956 33406
23275 37990
26222 34751
24789 12157
2543 34751
8710 15451
47969 34988
10332 43754
8121 20152
12821 34048
15451 6867
28376 8710
3227 29298
5983 22512
1305 32333
21046 18782
12320 48967
30225 11553
32309 40037
16787 14425
29675 39248
18303 41689
39439 6816
48967 30507
30507 31551
1978 9904
15451 3105
21046 14071
12320 24789
18782 24789
36797 47984
20396 16133
30047 21842
40533 42859
12802 37796
13548 34953
7441 12157
14071 37883
32253 46110
3326 16133
18782 4500
21842 8710
34953 44433
16437 29675
20396 2277
41462 41689
34726 3688
8121 47147
47147 1623
36921 37130
22881 3326
29298 11935
39818 28928
22512 3688
13204 16437
40777 34735
40777 20044
19176 6247
9973 30710
37130 17817
14425 9121
28822 37617
31850 24861
33406 12802
40453 2277
11935 21046
44286 24690
43754 3688
4839 44079
26222 32760
35852 35956
39439 1623
27069 18725
16437 6247
28822 145
9690 12802
31506 5912
3846 48967
14895 39072
32092 40984
37130 30047
17367 39818
3688 31302
36797 11935
37617 14071
37990 14405
35956 14425
17817 8843
28551 32309
40755 20103
40777 35852
32253 3105
28793 10332
22955 6247
11954 37087
37358 14071
16787 29013
37358 11553
20044 17004
15451 31551
13548 49526
37061 18381
5983 40755
32333 11954
12157 29675
19176 41462
36921 27359
12157 16437
34988 44286
47969 37358
5983 28928
29013 29298
8710 33450
9690 34726
47748 45196
13204 9690
2277 5598
13548 32309
28188 30710
40197 32333
9973 6816
1305 15550
32309 47984
12802 20044
27906 17817
35956 43024
41462 15550
27906 30710
3227 11553
37743 29013
3688 28188
5912 37990
218 46110
20152 31302
29298 31506
16133 39248
13660 8710
24690 4517
40984 45196
9973 30225
40197 32253
22881 7441
33406 30225
28928 39072
44310 4387
23275 43382
43382 10332
43754 44310
14405 10140
12329 28551
47748 18725
8843 32253
6816 32333
16437 32092
5912 27069
7441 37358
7441 39062
10140 37743
15451 4839
9973 12157
36797 28793
40984 39054
27061 31972
5983 34988
32253 39248
27359 218
47969 37617
14071 43754
18703 29013
3688 40777
42443 32539
47682 40984
26222 20895
1978 11954
28551 47682
41462 32333
40716 47336
9973 24861
40453 17004
9904 12613
49599 14895
29298 18303
34048 24861
14425 31850
32411 9973
26222 40984
33406 20396
28376 47336
47748 47984
22881 11553
49526 13660
32333 44433
20103 30385
47682 18725
12312 4517
8843 3846
45196 23275
39062 40197
2939 37130
21046 40197
19746 40755
28793 6247
23275 19176
3518 31506
1305 30507
32766 3518
9904 47682
36921 44286
32411 4517
34751 4387
34726 45196
1978 23007
44942 21046
30646 21046
1305 5598
31302 43754
18381 2277
2504 30385
23007 3518
17004 35852
6247 17367
41462 21046
45196 43382
24789 43754
47969 3688
15550 11553
35852 28793
40453 32253
32766 22955
20895 23007
15550 44079
43754 4517
32092 48967
6247 22512
27906 44433
47336 12821
4500 39054
32539 18782
16437 4839
6867 10729
5912 43754
11553 28822
40740 37883
2939 31302
1978 13204
34988 218
29298 40453
19746 2543
30710 9121
40453 49599
10901 30507
20103 4387
10096 28793
40453 20396
47748 40740
30646 8884
2277 34726
40755 2504
29298 37061
42787 35956
37743 30225
21842 3105
47984 23007
19746 1978
40197 45196
28188 9904
1978 44286
41462 42859
3326 48967
11553 29013
34735 47336
20895 26619
2543 17004
8843 37990
6816 20044
49890 27061
37061 22512
15451 34953
5595 41689
3105 9973
44310 39062
28551 40777
19176 28928
47336 18703
30710 8710
18381 10096
26222 37796
28188 37743
40716 19746
37796 49890
11553 7441
20895 16437
27906 8843
37796 30385
6247 40740
34735 13660
32309 1623
36797 32092
31302 6247
39062 29298
36797 44286
12821 14071
8884 36797
1305 9121
2277 27906
43382 13204
13548 2939
29013 18303
11935 44942
28822 27726
15550 30047
28188 2543
2504 20044
22955 2543
3518 44433
36921 11553
18782 9690
27069 41462
28928 29013
37087 20895
2277 41462
36921 29298
3326 12821
17817 47682
12312 47748
37130 38049
3518 14425
32766 28928
31506 30646
32766 21046
35852 16787
20044 31850
44942 31551
31506 47610
10140 42787
42787 14071
41689 49599
18381 34751
31506 43382
28822 34726
28822 17817
21842 24789
32092 19746
20044 37087
47748 27906
37796 40533
22955 34048
26222 3105
12329 41689
28376 12802
32411 19746
14895 29298
21842 4517
41462 11935
40453 43024
37061 33450
30047 39248
10901 40716
32766 12312
20152 37796
32539 28376
8121 10332
2543 16133
16133 3518
15628 43024
21046 36921
39062 15451
38049 24861
12821 44433
8843 47336
40197 37990
32760 4500
34726 35956
23275 32760
24690 11553
32092 37358
20396 37990
42443 13660
18303 47969
34735 44433
10901 5595
49599 20152
44286 18725
18703 18725
15628 38032
31850 47969
329 22881
27061 41462
9904 12320
43024 9690
24690 47984
37883 49526
4839 34751
1623 6816
15550 37883
12802 9904
40755 32333
24690 34953
145 12802
28822 40984
11935 49890
38032 6247
11954 30507
18782 30225
30710 13204
40984 42859
39818 13204
12312 29675
11553 39248
3846 47984
39054 28188
37061 27726
31506 27359
14071 37990
34048 16133
34735 11553
11935 28793
32092 13660
43024 8843
329 34726
44942 30385
11954 44942
10096 39248
40037 17004
39054 43024
43382 28822
27359 40037
47682 44433
44942 30225
3518 15451
41689 44942
37743 29675
19746 4500
8843 47748
9121 35852
41462 30646
47984 40716
40716 16787
30507 5595
8121 15451
15550 23275
39818 1978
23007 33406
14405 45196
10729 35852
28822 8710
27906 10140
27359 12802
31506 13204
31302 41689
42787 49890
9121 28928
18782 37061
39072 12157
5598 33406
40755 40197
48320 39818
45196 12157
40037 18782
39062 29675
32092 21842
12613 3227
16787 16133
40533 24861
37990 21842
44079 27061
18381 32092
6867 34048
43754 37990
10729 34735
12329 35852
30507 23007
41462 39818
17817 18725
14071 32766
11954 6816
5595 5912
17367 28928
23007 12821
48320 31302
32760 26619
40716 28822
30385 27726
18303 22881
34988 14895
35956 26222
40777 49890
2504 49890
18381 47610
46110 43024
2543 5595
46110 11553
36921 30710
31850 23007
16787 47969
39062 44286
2939 38032
37796 18381
32092 12157
4839 27069
12802 44942
12613 10729
30225 12821
15550 42443
47147 27359
44310 3105
34726 28928
5912 17367
10096 32309
37990 32766
39818 5983
14895 48967
32309 29675
28551 2543
39072 8121
8121 19176
28793 47147
32309 28188
40755 10140
2277 48967
18303 27906
37061 47610
4839 20396
33450 14425
27061 39248
47610 3227
1623 4839
32766 5983
30225 47748
30385 15550
32760 32539
13548 32760
