2997
35994 41145
23947 31951
11683 47074
44941 7450
8583 49442
16572 2980
38371 35994
44267 15975
25545 1219
7450 48735
44826 9873
37642 47934
33199 2190
15338 35050
37974 15359
49278 17830
8583 41012
38371 22791
47074 19578
25545 12497
13446 9873
39442 37642
33199 19022
35450 15338
26220 1049
35716 36370
10775 1219
15440 17371
30447 28669
34865 34452
8583 8903
41531 37974
15338 44826
5103 21538
39264 21027
3453 33011
15079 36370
49711 41012
39264 42008
30657 48735
17063 11764
49278 30447
44941 15359
41012 41145
27392 35050
15446 29578
45698 2464
37974 15440
42390 33011
17830 19578
19022 2586
36699 23947
11683 40967
17371 41531
41531 22932
39264 37642
26220 47081
41145 44941
42390 13446
17235 36885
39442 48735
1995 40967
15446 39551
46720 17063
17235 28669
35591 1995
3453 15440
45698 15359
36617 26351
27392 31951
47074 29578
46184 39442
47767 47081
19022 8903
42912 6348
31951 29578
34452 10675
44941 20839
43498 41531
36617 16572
34236 28669
17235 34452
17063 22791
8583 29804
8583 46184
47081 31453
35716 21027
39551 23947
6348 28669
44941 25420
35450 36699
35994 21027
2579 12497
29578 37575
42912 2190
45774 10675
17371 12497
19578 23669
41145 26351
49933 21704
45698 21538
8903 22932
24707 36885
39551 37974
47627 1049
43498 6348
37974 24707
9873 42912
21027 43498
8903 12497
15359 13446
26220 11683
17830 45774
15446 46720
43498 37974
5149 2464
49278 1049
8583 23669
17235 10675
17830 10675
46184 17830
17830 42008
41012 45774
34452 35591
4522 10775
23947 40967
39551 15079
9873 19000
31453 16572
17063 1049
34452 44593
21538 10775
8583 43498
7450 24707
5103 23947
41012 3848
1049 41012
23669 35716
47074 35994
2586 36617
49278 28669
36370 37579
39442 36699
15440 49711
17235 21027
48780 15446
26351 4522
17063 15975
44499 37642
35050 15975
41012 44941
11683 11764
2464 34236
46720 39264
19000 44593
15446 32049
37642 33851
38371 10675
8903 47627
33851 1049
37575 38371
30447 3848
33199 39551
42390 41012
31951 36699
33851 48735
20839 17235
21704 47934
48735 49278
26351 35994
22932 31453
25545 42912
47767 35050
15359 1995
28669 39551
15359 35994
32049 31453
5149 42390
6348 3453
8583 19022
47767 33199
49711 1049
47627 39264
43498 25545
34452 26351
39442 37974
49278 36175
35994 1219
11764 1219
5103 41012
21027 34236
20839 49442
47767 11683
4522 31951
8583 33199
44826 29578
49933 2586
2980 6348
36885 25420
37575 40967
17371 47081
47934 15440
22791 25420
14140 39551
1049 16572
26220 5103
17063 35050
25420 31951
15446 5149
22791 36885
42390 48780
19578 30447
42008 23947
25420 29578
41531 4522
15079 7450
49933 42912
27392 39264
36617 1049
33199 17371
44941 26351
37575 39442
35994 44267
17371 43498
44826 8583
40967 28669
49933 41012
15079 33199
32049 12497
15338 9873
42912 31453
27392 30657
15446 41145
29447 27392
1995 19578
30447 14140
26351 29804
19000 41012
7450 15446
3453 47934
42912 31951
30447 36617
36370 23669
3848 10775
48735 36370
37579 35450
11764 20839
20839 23947
24707 49711
4522 5103
46184 8583
35994 43498
19000 47081
49711 46184
15446 26351
33199 25545
37579 5149
17063 17371
34452 36370
35591 37642
35050 40967
37579 35716
46720 22791
34865 2464
15440 47767
35450 29804
17235 47934
10675 5103
37575 14140
38371 39442
46184 33199
47081 27392
2586 36699
26351 21027
35994 36699
36370 25420
13446 2190
36617 46184
29447 45698
44941 12497
21027 15338
36370 39442
46184 42390
48735 37579
11764 16572
28669 6348
17371 15359
43498 36370
46720 35450
13446 36699
14140 29804
28669 3848
47627 44826
15975 35450
17830 36617
35591 25545
17063 7450
39551 13446
33199 36617
10675 37719
29578 14140
37642 30657
2190 48780
15440 26220
44941 49711
48735 8903
5103 11764
1219 25545
7878 2980
34865 33011
19578 47081
30447 15359
7450 19000
9873 35450
25545 47081
15440 23947
1049 15446
8583 31951
3848 39442
11683 44499
17063 26220
44826 15079
35050 28669
2464 24707
2190 21704
49278 49711
17063 25545
34452 32049
44499 28669
5103 35994
15079 35994
32049 5103
28669 29804
3453 49442
35716 37719
45774 39551
31951 21704
36885 49933
47934 10675
41012 44826
17371 32049
39264 46184
20839 3453
3453 3848
35591 37719
23669 23947
11683 47627
16572 2190
33851 12497
33011 8583
47081 16572
24707 15975
32049 49442
48780 29578
16572 35450
34236 35591
14140 47074
20839 42912
33011 9873
5103 37642
33011 1049
42390 35716
19578 36617
42008 8903
32049 47934
37719 2586
17830 47074
48780 44267
41012 15079
2190 41145
35450 22932
16572 15338
16572 45698
31453 15079
44941 37575
15359 33199
47767 8583
25420 39442
37974 2980
44267 35450
17063 30657
39551 45698
37719 46184
8903 43498
26220 41531
19000 22791
29447 47627
33851 46184
34452 15975
17063 7878
23947 22791
10775 11683
10675 5149
8583 21704
29804 38371
32049 36885
42008 21704
47934 2579
44826 19578
39264 22791
1049 35994
48735 47081
8583 35050
42390 43498
7450 17830
47081 44267
7878 22791
35450 8583
8583 37575
5149 22932
29578 21704
17830 7878
6348 21027
21704 1995
35450 9873
4522 19022
25545 40967
22791 21538
42390 39442
24707 7878
19000 33199
45698 22932
7878 31453
40967 41531
48735 25545
33011 1219
32049 3848
40967 17235
4522 15359
47934 10775
32049 17063
25420 24707
44499 48735
35591 5103
49933 47627
15079 45774
13446 29447
19578 23947
36175 36699
25545 37719
41531 41145
37642 2190
12497 19000
41531 38371
49278 35450
21704 32049
2586 37719
43498 19000
3848 35050
49442 21538
17830 47934
12497 22791
2586 12497
40967 2579
3453 12497
36699 37575
27392 39442
34236 2464
29447 36617
1219 11764
2980 17235
19578 2464
36699 31951
36885 42912
2579 25545
34452 30447
17235 47081
21538 19000
15338 49442
28669 35591
5103 49442
25420 47627
2586 29447
27392 19578
2190 32049
25420 35450
15359 44267
37575 31951
2586 10675
29578 2190
2579 7450
1995 35591
36370 44826
21538 5149
24707 47767
19000 13446
40967 3453
22791 11764
37575 28669
26220 44826
11683 39551
36370 35050
9873 29804
22791 46184
1995 44593
38371 32049
21027 5103
15440 34452
15338 35716
5103 15446
1995 11764
15440 44267
34452 4522
2980 15446
24707 48735
44593 47081
49278 37719
22791 25545
24707 14140
35050 47767
1219 25420
25545 49278
48780 41012
24707 39442
3848 41531
40967 45698
29578 29804
41012 1995
19000 33851
16572 47767
37719 40967
2579 42008
47934 26220
32049 23669
3848 7450
42008 49442
44826 19000
26351 31453
7878 30657
1995 15440
39264 2190
1219 29578
49278 19000
43498 29804
44941 39442
24707 37719
37719 21027
17371 39442
39264 35994
2586 47934
41145 37579
36885 36617
37719 17830
40967 12497
1219 19022
27392 37719
41531 39264
37575 32049
19000 37642
41531 30447
29447 17235
37642 36370
42390 5149
44267 44499
27392 11683
4522 7450
32049 36617
13446 11764
36617 33851
15079 14140
37974 22932
36617 44826
42008 46184
45698 19578
1219 31453
47074 49278
44267 45774
4522 35450
46184 5103
37719 17371
42008 37575
5103 26351
15446 15359
44593 45698
21704 45774
8583 2579
15446 22932
14140 8903
9873 37719
29447 17063
11764 2190
46184 15975
49933 2980
47627 39551
43498 14140
26351 14140
42008 8583
44826 42008
6348 15446
19000 35050
30447 30657
45774 40967
31951 39551
45774 1219
1995 33199
35450 36370
44593 15338
19000 44826
49442 27392
4522 49711
43498 33851
34865 1995
33851 26220
33011 49442
5149 17371
34236 22932
44593 41145
48780 2579
3453 15338
35994 32049
37719 26351
23669 44941
29578 47074
2980 15338
5149 16572
36885 37575
30447 12497
47627 35050
30447 20839
10675 3453
21027 1219
15446 46184
30447 10775
3848 15440
26220 29447
36885 5149
46720 44267
46184 7450
2464 15975
41145 17371
49278 45698
43498 39551
3453 25545
15440 46720
3848 28669
15338 7878
13446 45774
1219 17063
49933 49711
5103 26220
1995 33011
36699 29447
22791 19000
45774 20839
30447 47934
15079 47627
2190 44941
6348 41012
43498 11764
15338 47627
22932 26351
36175 5103
36885 21704
19022 47074
36885 15975
2464 36699
20839 29804
49933 1049
39442 3453
44941 5149
41145 37575
46184 41012
17235 44499
14140 44267
17830 34236
26220 36370
43498 46720
33851 35716
2464 29804
7878 35994
5149 15446
36885 31453
40967 8583
36885 23669
15446 5103
3848 3453
21027 34452
39442 13446
37579 37575
36699 49933
8583 36885
47767 41012
21027 35050
25420 5149
2579 15338
2579 21027
15440 10775
42912 2464
3848 2579
39551 48735
21704 25545
14140 35450
13446 35450
36175 4522
25420 15975
4522 11683
31951 10675
39551 35050
44826 17371
1219 49278
11683 26351
47627 41012
29578 19022
35591 36370
37642 21538
7878 35716
47074 27392
36699 41145
31951 22932
15975 19022
37575 3848
8583 25420
33011 31453
35716 42912
45774 42390
10775 30447
17235 36699
36699 15975
17371 20839
35716 15079
21027 44593
7450 17063
46184 35050
29447 46720
2464 14140
42390 28669
40967 44267
37642 32049
2980 40967
30447 47081
49442 46184
26220 33851
37974 4522
23669 26220
41531 19578
41012 37575
8583 11764
5103 17235
29804 21027
35050 27392
12497 41145
37579 5103
5103 15359
21538 4522
20839 32049
10675 19000
8583 36175
35591 45698
35716 14140
34452 2586
12497 1995
16572 34452
33199 36370
32049 10675
29804 35994
26351 45774
22932 37974
47627 45774
9873 30447
5103 45774
29447 42008
34452 7878
15975 44593
2190 2579
17830 31951
37642 34236
26351 12497
45698 21027
37642 8903
2190 26351
49933 38371
27392 10775
1219 10675
20839 45774
2980 2464
42390 24707
23947 25545
15359 17830
17371 22932
38371 1049
19578 26220
19000 7878
41012 45698
22791 39264
14140 10675
47934 48735
28669 1049
36699 3848
16572 37719
35994 15359
33851 49442
34236 36885
32049 37719
35450 26220
42912 37719
37974 36175
26220 25545
25545 27392
23669 35591
11764 44941
8583 10675
40967 1995
37719 8583
44267 49711
8583 12497
33199 11764
48735 35050
19578 44593
21538 27392
35450 41531
8583 35450
2464 41012
15359 43498
37974 1049
36885 20839
35716 36699
31951 37974
41012 42912
10675 35450
17063 29578
34865 10675
21538 21027
37974 9873
16572 1995
15440 1049
32049 37579
3848 36699
17235 11764
7450 7878
34865 32049
42008 15440
20839 39551
11683 37719
12497 17235
36699 37642
47934 23669
25420 29804
49933 33199
3848 34236
17063 13446
47074 34865
47074 5103
44941 46184
2464 15079
7878 33011
22791 10775
41145 22932
2586 19578
41531 25545
39442 30657
21704 15440
21538 44593
19022 29578
17063 44499
26220 28669
8583 29447
41012 15975
25545 47934
47934 9873
15359 49442
37642 37575
32049 28669
30657 28669
35716 45698
5149 36885
3848 9873
33851 44593
8583 49933
13446 44826
38371 23669
49442 42912
11764 49278
6348 2980
5149 49933
35450 47767
2980 5149
8903 15338
2980 17063
36885 2980
31453 39551
48780 45774
38371 2190
25420 7450
47767 26351
49711 32049
23669 10775
44267 30657
42008 42390
33199 7450
29804 37974
47627 49711
46184 35450
47081 8903
44593 41012
39551 7450
2586 42390
33851 41012
10675 41012
48780 31453
30657 44267
3848 19000
1219 37579
37719 33851
6348 12497
22932 44267
20839 11764
41012 35716
35994 5149
19022 4522
44593 35450
44826 5149
36885 3453
37642 41012
36699 48780
37642 49442
45698 10775
37579 36885
26351 1219
24707 1219
3848 15338
15975 38371
2586 49278
26220 44267
17235 47074
36370 1995
48735 37575
37575 41531
33011 37719
40967 1049
23947 25420
44941 23669
25545 3453
47074 37579
16572 7450
2586 37579
2586 5149
43498 29578
28669 41531
39264 49442
15079 15359
31453 44499
48735 15440
35450 44826
40967 5103
2464 25545
44593 33199
1219 44499
39264 35716
2464 2980
28669 42912
2586 1995
24707 32049
28669 34452
34236 27392
20839 43498
8903 31951
19578 46184
2586 48780
44499 2980
47074 24707
22932 41145
12497 42008
39551 24707
13446 19578
37974 19578
33011 11764
2980 31453
48780 33011
37719 2190
31951 10775
24707 35994
49711 15975
21704 17371
8903 45774
2980 45774
29578 36617
15446 36370
39264 48780
37719 37974
33199 43498
42390 36885
35591 15440
35994 14140
22791 21704
2190 36175
36885 4522
41012 5103
5149 46720
49278 44941
23669 19022
14140 36885
34236 36370
47934 7878
19022 30657
16572 43498
46184 1995
25420 26351
1049 30447
45698 25545
47081 1049
47074 32049
45698 47627
49278 36370
17235 29578
17830 7450
36617 3453
2980 37579
37719 33199
5103 29578
22932 17235
9873 49711
8903 24707
24707 2586
25545 29447
44593 28669
37579 35591
39264 29447
19022 7450
36370 34236
17235 1049
2190 21027
17063 5149
37579 35994
49711 36370
32049 2579
36699 2464
30447 42912
48780 3453
44499 44826
10775 1049
24707 42912
1995 35050
25420 49711
39551 1219
10775 49933
25420 34865
42008 32049
21027 25420
42008 26351
6348 47627
6348 22791
22932 42008
11683 46720
22791 22932
47074 1049
7450 29804
1219 8583
23669 35450
30657 21027
17830 40967
44499 17235
47767 30447
11764 37575
41531 49278
42390 37974
36617 37719
37642 2464
12497 48735
7450 1995
9873 15338
7878 46184
25545 44826
2190 22932
2579 2980
20839 39442
19022 22791
2190 13446
28669 38371
29447 22791
1995 21027
48780 4522
21538 30447
31453 37575
42390 19000
41531 29447
23947 19022
34452 1995
13446 49278
2586 47081
25545 48780
49711 33851
10675 27392
28669 44941
17235 31453
37642 35050
37579 44593
37719 1049
44499 7878
29447 33199
25545 20839
19000 20839
47074 1995
45774 17063
49442 2980
37642 5103
25545 1049
3848 36370
22791 2579
39264 10675
39551 44826
47934 35450
44826 7450
48735 22932
37579 27392
17063 14140
27392 15359
37719 22791
34865 44593
2579 21704
29578 1049
31453 2190
24707 3848
11683 46184
48780 29804
2980 16572
7878 34452
44499 11683
36175 15440
44941 43498
15975 45774
14140 21538
39264 19000
13446 29804
29804 22932
25545 36617
10775 2586
33011 4522
1049 39442
10675 33851
21027 44826
37579 42390
39551 44593
3453 17063
46720 15359
44826 46720
1219 7450
47081 44826
38371 2980
5149 35716
33199 19578
42008 5149
17063 47627
19022 17235
34865 29447
35591 8903
19022 26220
13446 49442
20839 35591
47767 39264
15440 29447
15446 34452
15079 33011
35050 39442
17371 42008
35994 29447
33851 2464
7878 44593
30447 34236
15975 10675
36699 23669
19022 37974
17371 17235
4522 34452
17063 37642
41012 30657
21704 33199
1049 24707
19000 10675
33851 34236
2190 1995
42390 2980
46720 43498
22791 1219
47767 36617
49278 23669
49278 44267
44267 11764
26351 23947
44593 37642
38371 49711
36175 6348
48780 35591
47627 38371
15440 17063
25545 39442
7450 37579
35591 23947
2586 33199
41531 49933
35591 33199
37974 47627
36885 45774
42912 17371
41145 22791
22932 4522
7450 21538
1995 29447
19022 48780
26220 45774
48780 33199
44593 21538
20839 6348
37579 2190
49933 44941
21538 13446
46720 32049
2190 35450
15446 21027
33011 17063
36175 31453
39442 37579
49278 42390
15338 19000
8903 2586
35450 2190
35591 2190
39264 42912
37575 47934
32049 10775
42912 15975
23669 14140
8903 11683
35716 21704
39551 39442
36617 15359
42912 15359
47627 35450
17063 19578
49711 35716
31951 2464
15975 25545
31951 49442
35716 22932
27392 39551
5103 15975
1995 37642
15079 41531
44499 35050
23669 47934
47767 2464
3848 29578
4522 3453
15359 30657
9873 36885
42390 26220
49278 34452
36699 4522
8903 36699
49711 40967
49933 33851
17371 34236
47934 2586
10675 2586
15359 17235
49442 2586
15359 12497
36370 33851
34865 35450
32049 37575
39442 34865
35591 39442
34865 46184
47074 47081
46720 30657
1219 44593
13446 10775
36885 35994
6348 43498
20839 31951
22932 12497
37579 15338
33851 41145
19578 16572
2190 15338
31951 29804
40967 8903
44499 17371
37642 44826
36885 29447
11683 10675
43498 17235
17830 41145
36885 22791
16572 26351
41012 10675
15338 33011
11683 17830
44267 34452
23947 36885
47081 43498
35050 19000
2980 23669
47627 46184
33851 39264
28669 49933
29447 35050
4522 48735
15440 37579
38371 34865
1219 2586
15338 37575
44267 9873
34865 12497
3453 47627
9873 11683
21538 6348
33011 5149
31453 10675
2980 44826
8903 21704
23669 8583
7878 29578
46184 22932
41012 43498
29578 34452
49711 1219
17063 2579
17830 30447
29578 21027
23947 47767
1049 29804
39551 35994
33199 41531
4522 35050
31453 49278
24707 47627
49711 11683
1049 28669
49711 5149
28669 48780
15975 36617
49711 36885
35716 34236
43498 37719
44593 25545
46720 47081
34452 41145
26220 31453
8583 45698
46720 41145
21027 10675
45774 37719
34236 37974
25420 22932
42912 19000
35994 19022
37719 14140
46184 40967
33199 41012
6348 1219
31951 47767
25545 15440
20839 25420
8903 15446
4522 27392
21704 26351
35716 10775
22932 35591
40967 16572
21027 15975
46184 7878
1995 36175
29447 19578
33011 12497
27392 16572
37719 15079
41145 17235
28669 33011
34236 21704
16572 35716
45774 2464
47081 11764
33199 35050
35450 2980
47767 47627
48780 36885
48780 37579
14140 10775
41012 21704
42008 19578
9873 21027
47081 32049
15975 2579
44593 26351
44499 1049
10775 13446
35994 31951
39264 36617
25545 38371
1049 5103
44593 29578
42008 41531
41012 8903
11683 47081
36370 17235
1049 38371
17830 27392
36699 49442
48735 47934
47934 47074
34865 37575
14140 47627
16572 31951
14140 36699
21538 9873
34452 7450
41012 46720
36175 8583
31453 29578
4522 16572
3453 19578
1995 36617
34236 47627
41012 40967
17371 39551
44499 44267
35450 11683
30657 29804
11764 28669
37719 4522
46720 16572
1219 38371
14140 19578
48735 47767
10775 23947
43498 49711
33851 11683
15079 49278
13446 15975
24707 26220
5149 37974
47767 21027
47627 30447
12497 30447
1049 10775
36370 6348
41145 10775
19578 13446
47627 9873
12497 17371
8903 17830
47934 36699
19578 1995
34236 26351
41012 30447
6348 25420
44267 22791
33199 15338
38371 31951
15079 49711
47767 5103
35591 9873
48780 5149
34236 49278
7878 8903
17063 23669
8903 9873
7450 2586
12497 33851
41531 19022
15975 46184
46184 48735
1995 48780
7878 17830
7450 35716
35450 49278
36617 35994
49933 37579
1049 39551
23669 41012
7450 38371
49442 23947
2579 19000
22791 20839
2190 37642
24707 23669
44267 37579
37642 35716
11683 27392
19000 21027
30657 45774
31951 44499
35450 10675
10675 30447
44593 12497
3453 13446
22932 49442
10675 22932
7450 44499
19578 37642
34865 1219
7450 45698
34452 13446
40967 21704
23669 29447
25420 45774
7450 30447
3848 34865
15079 37579
11764 47627
6348 21704
22932 41531
36885 48780
31453 37974
22791 44499
9873 5149
33851 42390
2586 3848
49933 21538
49442 19000
13446 15440
17371 36699
35994 17235
42390 47767
17371 47074
40967 15359
44267 48780
40967 15079
25420 36617
15446 10775
22791 44593
47074 41145
39551 46720
44267 35994
39264 37579
45774 2980
21538 34452
1219 34865
31951 3453
35716 2579
22791 3848
10675 35050
49933 47074
10775 2464
1049 31951
17830 26351
3848 49442
42008 39551
36370 10775
25420 2464
13446 17235
35994 15440
2190 11764
4522 33851
17371 31453
19578 49711
2980 35050
33011 47081
30657 23947
21027 45698
15338 31951
47074 21704
39442 19000
34236 20839
44826 30447
15446 6348
19000 8583
4522 36885
15338 36370
43498 47627
7450 46720
38371 8583
48735 6348
9873 47081
5149 47934
29804 15359
1995 41531
32049 44593
6348 34236
26351 32049
8903 31453
29804 35050
17371 44593
5103 44267
30657 49933
44267 7450
15446 35994
46184 23669
11683 31951
26351 29578
33011 49278
35591 44593
41012 21027
44826 36617
44941 44267
37575 8903
49933 4522
29804 16572
36175 2464
36885 8583
21538 47081
44941 15975
35050 47081
6348 45698
37575 42912
19000 49933
29578 38371
21704 33011
36699 5149
33851 2190
44499 3453
11764 32049
26351 43498
35994 19000
7878 22932
36885 29578
41531 26351
49442 37575
15975 34865
25420 10775
15975 17371
1995 49278
36617 44267
44499 38371
30657 6348
34236 48735
19000 42008
34452 37974
31951 44826
39442 44499
37974 15446
31951 15440
29804 47767
15079 48780
33851 25545
39442 19578
44593 39551
19022 2190
30447 4522
42390 2579
1049 46720
46184 39264
17235 37642
34236 34865
47767 44593
35050 13446
44941 47934
36885 2190
1219 35450
15079 19022
5149 3453
39551 21027
35994 49278
3453 19022
47081 44941
24707 11764
37579 6348
33199 29804
44267 25545
48780 1049
25545 23669
1049 8903
19578 33011
25420 44593
11683 1995
33199 36699
2464 45774
17235 47627
44826 1995
2464 17235
36885 23947
39551 33011
38371 33011
31453 43498
25420 33011
46720 48735
49278 42912
47627 36885
10675 46184
3848 17235
31453 13446
2579 39442
48780 36617
16572 3453
47934 21027
1219 45698
16572 37579
29578 22932
29804 3848
19000 15975
16572 34865
17830 34865
11683 47767
37974 44593
42390 49442
30447 36699
39264 29578
11764 39442
29578 44267
42390 2586
48735 10675
35591 43498
32049 29578
42390 30447
15446 39442
47074 9873
29804 41145
39264 45774
31951 25420
5149 11764
39551 5103
36370 47934
19578 28669
19022 46184
34452 42390
20839 4522
35450 15440
37974 11683
44499 31951
42008 45774
35591 39551
44941 47074
48780 45698
16572 36885
44941 35450
39264 25420
47627 49278
19000 28669
25420 1049
38371 39551
47074 5149
49278 35994
42912 1995
33011 37575
39442 44267
7450 25420
5103 1049
17371 37575
15079 5103
14140 37579
38371 37642
2586 8583
13446 3453
15359 6348
2190 41012
7878 21027
28669 22932
15338 23947
2464 3848
24707 37642
34236 5149
45698 49711
37579 7450
19000 27392
21538 29804
43498 42008
2586 37575
31453 26220
29804 15975
35050 47074
49278 2464
5103 36617
17830 3453
20839 21538
10775 17371
19022 47081
15359 44593
41145 44826
47627 37974
14140 42912
7450 40967
28669 47081
47074 21027
19000 29447
33199 33851
41531 33851
49442 1219
41145 33851
41531 16572
13446 24707
36617 44593
27392 17063
44499 43498
35994 42912
41145 5103
15440 2464
44499 24707
1049 15975
17830 39551
22791 23669
30657 41145
25420 19000
2980 33851
30447 34452
3453 37719
49278 33011
35994 13446
44267 17371
49711 35450
35591 31453
33199 39264
21538 42390
29578 19578
33011 45774
3848 8903
44499 15079
47074 44826
21704 37974
29804 2579
10675 34236
2464 1995
15079 6348
2980 26220
41145 39264
33199 19000
37719 34236
31951 15079
14140 2980
49278 48735
36617 48735
27392 43498
15975 35591
28669 13446
49278 44593
1219 30657
33851 4522
37579 19578
25420 48735
6348 22932
49278 2579
48735 2579
15338 2190
19022 37719
17063 22932
39442 15079
47081 40967
47767 34865
39264 22932
35591 21538
5149 37575
39551 29804
45698 37575
49442 5103
44593 2586
22932 5149
26351 35591
11764 48735
34865 15338
23947 21027
31453 12497
31453 35716
44593 3453
1219 37575
31453 15975
15359 36370
14140 22791
48780 39442
17063 48780
44593 48780
42912 45774
25420 15446
29804 37579
30657 8903
10775 44499
35450 8903
2579 45698
19578 6348
32049 1995
23947 39442
35050 15338
27392 17830
49442 4522
15446 19022
46184 49442
49933 17830
2190 46720
46184 49278
49933 15446
24707 3453
15079 47074
37642 49711
25545 36175
44941 17235
8903 5103
2579 44826
15079 34865
35450 49933
15975 23947
4522 44826
15975 47074
19000 34236
2980 3848
7878 25545
24707 35716
47074 25545
39551 29447
2980 46184
34865 16572
42008 3848
33851 7450
42390 17063
48735 16572
46720 29447
37642 41145
1995 49442
45698 39264
33851 38371
41145 23669
49442 35591
37642 38371
17371 47934
4522 38371
26351 44826
20839 19022
44826 15975
41145 3848
26351 15446
34452 34236
11683 13446
2586 34452
47934 44499
22932 46184
2464 29447
42390 37579
10775 19578
17063 5103
36370 41012
42390 41531
37579 30657
47627 36175
47074 48735
11683 41145
49711 39442
49442 22932
15975 2980
47767 17830
30447 11683
37642 48735
45698 1219
11764 21538
46184 25420
1995 22932
17830 33199
35716 28669
34236 19022
49711 37974
37719 15975
6348 2190
34236 44267
28669 25420
36699 17830
2190 3453
33011 41012
7878 47767
23947 34865
5103 25420
14140 38371
33011 11683
46184 2190
2579 17371
48735 32049
49278 44499
25420 12497
29447 36175
26351 3453
35050 49711
7878 47074
34236 16572
37974 5149
2464 28669
40967 39264
14140 49442
49278 7878
6348 5103
5103 21027
36617 33199
37579 29578
41145 21704
41012 9873
19000 42912
26351 1995
48780 2586
7450 37974
35050 2464
5103 29804
15446 44826
3848 41012
41012 46184
17371 35994
31951 36370
25420 44826
6348 31453
2980 41012
43498 26220
44941 2464
2190 42912
25420 17063
2980 38371
1995 34236
20839 2586
44826 4522
37575 20839
47074 22932
42008 20839
42912 25420
37642 3848
36699 41531
33011 2190
47627 5149
39264 44267
34236 47074
29447 5103
34452 45774
34452 3848
36699 24707
37579 47074
46184 37642
35994 9873
29804 34236
3453 36699
41012 1049
39264 4522
42390 11764
35716 26351
25545 47767
45698 44941
26351 15079
9873 1219
19022 48735
41145 28669
35591 2464
38371 17371
21027 37575
15338 17063
12497 31951
29578 35716
35994 19578
7450 39442
1049 4522
3848 31951
47074 19022
19022 44499
22932 15079
48735 10775
4522 26220
21538 41531
36175 39442
35591 23669
47934 24707
44941 2190
17830 47081
3453 33851
32049 14140
32049 44941
2980 47934
44826 47627
22932 16572
45698 15446
11683 35716
26351 25420
41145 29804
44941 10775
44267 37719
44593 16572
47767 33851
49442 21704
15446 20839
45698 24707
2579 30447
47627 42390
37579 39264
33011 23947
15359 2980
35050 25420
23947 48780
44826 1219
35050 21027
3848 49278
39442 8903
15079 17830
49278 8583
2464 48780
33199 11683
2190 7878
44593 1995
44941 36175
47934 35050
11764 47934
3848 35591
21538 7450
14140 2190
2190 49933
37575 25420
32049 25420
23947 38371
1049 34865
37579 37719
25545 28669
36175 40967
39442 15975
8583 16572
29804 49711
47767 1995
10675 24707
44593 14140
48780 5103
38371 41012
31453 10775
19578 20839
15440 37642
44593 44826
36885 40967
39264 19578
22932 43498
45774 11764
29578 15975
17371 24707
47767 25420
44593 7450
26351 29447
40967 35994
47081 10675
28669 15440
3453 34236
35050 14140
47074 11764
15359 39264
42008 2190
36885 2579
37719 33011
17830 35450
37719 47767
39442 37575
2464 16572
41531 22791
35050 35450
25545 31951
43498 35994
44826 32049
34452 39442
43498 35591
5149 29447
37575 13446
36885 25545
2980 37642
17235 31951
38371 15975
31453 5149
39264 23669
7878 20839
8583 22932
9873 41012
26220 31951
33199 35450
37575 49933
17371 25545
39551 45774
9873 35050
30447 5103
26220 49933
45698 41012
36699 31453
5149 23669
32049 6348
26351 19000
29447 22932
28669 44593
2464 10675
2586 47767
2464 7450
33011 38371
17063 39442
31453 40967
5149 19000
48735 29804
17063 36175
15975 47081
5103 14140
15446 13446
35994 36885
45698 45774
3453 1219
47627 37642
3848 2586
39551 1049
33199 15975
29578 33199
12497 33199
1995 46184
47627 35591
36175 41531
37579 2464
15079 10675
4522 49278
3453 17830
35994 7878
30447 25545
42008 2980
13446 36370
44941 35994
37974 37575
46184 41531
37719 36175
19022 28669
33851 44826
46184 15440
23669 36699
27392 42008
4522 13446
38371 22932
10775 3453
11683 42008
16572 7878
34865 35050
46720 19578
48735 26220
11683 48780
25545 42390
42008 31453
44941 2579
21538 1995
24707 12497
6348 45774
8903 35716
9873 49933
16572 44267
35994 7450
15446 44499
13446 25545
28669 21704
49711 44499
31951 15338
19578 44267
34452 2579
24707 8583
13446 48735
1995 37719
37974 39442
37575 47081
34865 44267
25420 40967
33199 35716
7878 36370
36617 38371
32049 46184
41531 29804
27392 35591
16572 19578
43498 31453
14140 36617
7450 1049
14140 15446
2579 44267
40967 44826
36699 8903
22791 1049
15440 41012
31453 47767
46184 26220
16572 15359
19022 25420
1219 41531
15338 26220
47934 2190
29578 12497
36699 2586
44499 22791
38371 37575
37642 10675
37575 48735
15079 31951
46720 1995
6348 1995
41531 15338
35716 40967
45698 2980
7450 15338
23669 36885
38371 25545
42390 47934
48735 47074
2579 37974
19000 48735
31951 8903
20839 27392
17235 41145
32049 1049
21538 45774
11683 30447
11683 23669
26220 16572
17063 33851
17830 33011
19578 44499
6348 10675
47081 3453
36699 26351
7878 10675
49933 15338
41531 37719
5103 22791
26351 49278
5149 36175
33199 37974
35050 26220
49711 9873
31951 33851
31453 37642
36617 49711
9873 34236
41531 46184
15338 36175
47767 21538
37642 28669
31453 37579
45774 3453
2980 2579
10675 49711
42912 2586
25545 4522
42008 11683
35716 26220
31951 8583
42390 19022
36175 35450
2464 1219
3848 37719
44826 49711
49442 31453
32049 7450
49278 41012
42390 42008
36175 42912
15338 30447
2579 47081
4522 25420
29804 34452
47074 2190
37642 17063
27392 44826
36370 28669
38371 47627
21704 47074
17063 35994
11764 44593
3453 35050
42912 48780
11764 43498
43498 1219
49442 34236
11683 6348
10675 12497
9873 22791
7878 10775
1995 21704
47074 36617
44826 27392
25545 25420
44941 36370
34865 4522
47074 37974
2579 19578
46184 36885
19022 42912
29578 48780
36699 39264
15359 21027
19578 2579
41012 21538
19578 33199
42390 25420
13446 37974
34865 36370
49442 12497
23947 42912
45774 15440
21538 47934
1219 33011
25420 42008
6348 37575
19022 11764
33851 46720
20839 49278
1995 15338
47074 1219
21704 17063
46720 44499
41145 1219
47074 4522
39264 33851
33851 11764
19000 5103
1049 36885
41145 35050
26351 10775
2190 24707
2190 39551
29804 36885
2980 36370
8583 15446
44593 46184
35716 38371
34865 19578
46184 36617
45774 36885
37974 35994
17235 44593
33011 6348
27392 21538
31453 46184
49711 11764
17371 15975
15079 5149
47627 15440
23669 24707
17830 37575
41012 3453
31951 48735
1049 25545
44499 2586
33851 17063
32049 29447
49933 36617
11683 8583
37719 16572
49933 39551
22932 19022
25420 28669
17371 45698
34865 33851
35050 15079
34452 15440
46720 47627
19022 10775
48780 47767
36370 10675
13446 2586
1219 48780
47074 26220
8903 47934
34865 2190
30657 22932
8583 37579
37974 26351
24707 49442
31951 37642
46720 3848
36175 15975
1219 46720
37642 49278
34865 17235
21027 49933
3848 21027
15359 23947
33851 34452
36617 2586
30657 40967
24707 41531
45698 5149
3848 47081
26351 49933
37719 23947
36699 15359
7878 21538
42390 44941
7450 15079
14140 46184
19000 6348
29804 2980
20839 28669
3453 28669
43498 17830
2980 10775
3453 37575
11764 24707
3848 7878
31951 30657
45698 33199
21027 2980
3453 29447
3848 42390
35450 37579
5149 17830
7878 9873
37579 17235
21704 39551
34452 2190
43498 23669
20839 46720
2579 13446
38371 44593
5149 3848
15359 34236
5103 28669
30657 11764
35450 31951
43498 47074
37575 36617
39264 11683
49933 2464
26220 19000
7450 29447
3848 11683
16572 44593
45774 35591
7450 37642
44941 36617
33199 37719
47767 15440
4522 25545
46184 34236
42390 15079
35050 36370
23669 40967
2579 15975
10675 41531
15338 39551
2579 49442
34236 11683
39551 3453
15359 19000
29447 28669
30657 48780
2190 36885
39551 35450
16572 48735
39264 7878
12497 28669
11683 41012
13446 39442
37642 5149
47081 29804
25545 49933
25545 5103
8903 25545
15440 3848
39442 38371
34452 10775
48780 30447
21704 44499
44267 22932
42008 17371
1219 15359
19000 49442
34452 12497
28669 47074
48735 5103
31951 7450
25420 15338
2464 35994
7878 37579
42390 41145
5149 47767
35994 37974
36370 30447
25420 36175
35050 49278
35994 2579
47074 44593
36885 37974
1219 40967
44267 27392
41145 17063
14140 33851
7450 43498
1049 37719
34236 36699
22932 24707
30447 35450
37642 14140
26220 21538
23947 8903
33199 46184
39442 31951
35450 36885
9873 15359
1219 33199
2980 35994
38371 20839
15359 47767
49933 20839
29447 15359
29578 41145
42008 19022
32049 41145
36370 8583
1049 42390
33199 34452
15338 17235
35591 12497
6348 29804
45774 28669
8903 6348
17830 38371
36175 2980
17830 44593
23669 15440
19022 44593
2586 19022
27392 47074
35716 16572
28669 36617
8583 35591
48780 17063
41145 1049
37579 15440
35591 28669
21538 47627
15338 25545
40967 26220
19000 5149
19578 36175
40967 45774
23947 10675
29578 15079
1049 3848
29578 2586
39442 21027
26220 26351
15359 38371
22932 36617
49711 34236
38371 33851
44267 29578
2579 25420
29578 25545
43498 45698
6348 1049
29447 26351
47074 46184
34236 25420
9873 24707
1049 5149
21538 47767
14140 37575
43498 44826
38371 15079
36175 28669
44499 45774
26220 24707
15079 29804
19022 39551
2464 42390
5149 21027
33011 3453
15440 47934
45698 4522
47627 29447
47767 44941
17371 47767
24707 21538
7878 15446
35050 38371
15446 2579
37575 19578
39551 15359
25545 33851
10675 21027
36699 6348
41145 45774
15446 19000
8903 15440
37575 47627
47767 42390
12497 49278
4522 1049
48780 15975
35994 3848
8583 47767
25420 11764
41012 15440
33011 23669
2464 5149
16572 48780
35591 34452
33011 16572
17235 17830
20839 35716
2190 37719
15359 26351
49933 42390
22932 8903
45698 31951
37575 43498
30657 39264
29578 43498
5149 15440
32049 19578
1995 39264
22932 2190
44593 34452
10675 33011
20839 36699
15975 46720
5103 7450
30447 40967
44826 34865
10775 39551
42912 47767
4522 31453
44499 17063
35716 31453
29447 21027
1995 31951
14140 23669
39442 39264
11764 35591
3453 23947
47767 32049
2464 8583
31453 11764
35050 36617
35450 29578
14140 47767
17063 25420
31951 23669
37974 44826
47934 36175
13446 21027
32049 33851
29804 17830
43498 49933
29578 10675
48780 21704
15440 49933
26351 47627
39551 37575
42390 46720
21704 25420
29578 1995
44499 44941
17063 37719
13446 35050
22791 7878
16572 36699
2579 36370
23947 44499
47081 49442
37642 11683
27392 22932
3453 47074
37575 44826
37579 34236
49711 5103
46720 10675
22932 35716
3848 6348
47081 35716
16572 30447
11683 14140
49278 7450
30657 31453
30447 16572
15359 41145
19022 24707
1995 8903
14140 6348
41531 37575
47627 36699
49442 19022
32049 49711
10775 45698
3453 1049
44499 17830
41145 15440
40967 47081
37974 23947
37642 21027
21704 6348
30657 22791
23947 6348
42008 39264
39442 49442
1995 47767
5149 45774
21027 37719
8583 34865
35450 36617
25420 37642
49711 42912
3453 15079
44826 44941
37579 3453
44826 41531
19000 45774
35591 49711
49278 46184
47627 36370
34236 37579
29578 39264
37642 12497
15338 5103
45774 7450
42008 48735
15079 35716
29447 21538
42390 21704
31453 36617
21704 19578
35716 13446
33199 48780
17235 29804
1995 25420
36370 20839
28669 48735
21027 31453
15446 42390
17371 4522
17830 3848
15079 15440
29578 49933
7878 44499
4522 3848
38371 15338
41145 36885
34865 49933
27392 25545
44499 1219
22791 36617
46184 44267
44593 37974
2464 33011
19022 36885
5103 1219
7878 43498
37974 47934
48780 3848
44267 31453
12497 47081
41531 42912
48735 17063
36617 44941
45698 15975
33851 39442
27392 2579
43498 34865
15440 1219
15440 15338
44826 29447
37974 31453
46720 47074
36175 48780
26351 15975
46720 35716
1995 25545
5103 22932
23947 33851
22932 38371
41531 2579
29804 17371
2464 43498
28669 7878
28669 37579
47934 22932
2190 36617
23947 36370
37719 26220
49711 17830
22791 7450
34865 1049
23947 36617
39551 30447
27392 49711
36885 15359
35716 8903
15446 16572
47627 1219
7878 49442
41531 36370
39442 40967
42008 46720
29447 23669
23669 42912
20839 33011
46184 37575
23669 33851
33011 14140
40967 13446
39551 34236
2190 15975
9873 41145
48780 44941
33851 6348
40967 10675
7450 5103
42008 35050
3848 5149
23669 37719
36699 13446
46720 47767
21027 28669
26220 3453
40967 49711
11764 7450
26351 48780
11764 38371
2190 48735
26351 37974
2464 26220
25420 47081
21027 3848
2464 39264
29804 5103
7878 37575
15079 7878
34236 37575
40967 35716
45774 36370
35450 47074
19022 47767
35591 15446
11683 29447
3848 24707
42912 5149
2464 8903
17371 15446
44499 44593
16572 44941
22791 36370
33199 44267
38371 33199
48780 41531
47627 37579
37642 23947
36699 45774
2464 25420
35591 35716
44499 21027
44826 11683
19022 38371
39264 37575
36175 26220
26220 17235
6348 40967
37575 46720
10675 14140
49933 36885
33199 6348
11683 49278
23669 44826
23669 42008
44593 40967
7878 37974
17830 37974
34236 4522
49278 38371
35591 14140
33851 37575
39551 19000
49711 3453
26351 36370
15440 47627
1049 7878
15359 19022
22932 22791
44941 42008
34452 11683
33851 21704
45698 36370
29578 25420
35716 49442
41531 41012
37642 29447
44267 42008
36617 25545
23669 11764
40967 22932
38371 44499
13446 17371
41531 27392
27392 37579
46720 7450
17830 2190
39551 26220
2980 47627
24707 21704
36175 35591
29447 45774
38371 42912
12497 45774
26220 2190
31951 1219
17830 49711
35050 37579
43498 13446
19000 1219
31453 22932
16572 41012
38371 25420
21704 42390
11683 21027
10775 33851
5149 7878
5103 41145
17371 2980
47627 47074
3453 37642
41012 11683
19000 19578
15975 22791
2980 46720
47627 37575
34236 44941
19578 1219
23669 15446
19022 30447
19022 44826
