4995
4953 10057
19141 23224
24162 30013
8064 7389
42510 41701
10629 19901
16936 34225
41713 27125
43013 49729
45743 5268
43013 41701
14712 39802
6801 34225
45743 27125
5268 3545
4953 41713
9637 7560
7389 173
10370 48686
31275 27225
2070 27546
27841 18681
40231 5499
33027 40231
6801 10629
8064 42731
27546 23811
14935 43689
46666 40765
12151 49713
19901 173
27046 40231
16073 16936
173 18286
27841 11156
49729 44109
39802 2192
173 43689
7560 19440
11961 34225
4953 41701
11961 27568
10629 41792
37779 4711
18286 14926
1314 19440
2285 46666
41713 4711
11156 27225
11978 24162
19000 27125
30013 7389
49729 6719
9637 38876
49729 27568
39802 4958
4711 27225
19901 11156
44245 18286
2285 23682
37705 39802
6801 46601
4953 49713
18286 44245
2285 2070
39802 16073
37779 3545
19901 23811
37705 34421
4711 42510
43317 12151
173 27125
10629 24162
34421 49729
1314 39246
3725 49713
14712 41701
2602 27125
1888 46666
20311 10370
48686 38876
31275 6801
4711 7560
14926 49713
19901 4958
19535 39802
46666 14712
41701 14935
33027 19326
7104 2602
45743 7389
19168 27546
34421 14935
2192 27568
10057 46601
44245 19901
38876 1888
29139 44245
27841 42731
1314 48105
9637 5499
43368 24162
41756 19326
27568 44245
40231 16936
38165 7560
44245 14926
39802 3545
46666 43368
25865 9637
27697 43013
18286 3545
1314 11978
43317 19000
39802 18681
6719 42510
44245 2070
29431 18880
23682 48686
27125 18681
29431 34421
30013 27125
27697 16936
46601 11156
19440 20311
7104 19168
38165 9637
19535 1888
29139 39802
10370 27125
49713 23811
44109 35887
41891 42510
43689 2602
4953 25865
18681 2070
31275 19535
18681 46666
27225 19326
11961 41713
4711 43689
43368 37705
11978 23682
19901 40747
7104 23811
16073 41713
38876 8064
3725 18681
16073 19168
14935 41304
15992 19168
27568 2602
6986 27225
7389 37133
35887 43368
1314 5268
173 48105
16936 4953
16073 39802
34421 37133
27125 38165
6719 42731
19000 27697
19000 3725
11961 40765
19326 173
43689 19141
41792 19168
19168 39802
3725 19440
43368 19168
12151 34421
30013 19901
4958 39802
49713 41713
34225 8064
11156 6986
33027 10057
42731 173
16936 27697
35887 9637
39802 43317
42510 3545
9288 14926
14926 37779
19535 4953
37779 41701
34421 5268
18880 41304
14712 23811
2285 5268
6801 7560
35887 40747
18681 40747
49713 35887
23682 9637
35887 37133
7560 23224
18681 20311
43013 19440
38165 19141
27546 27125
39802 29431
14926 2070
4711 3725
27568 14712
35887 6719
37133 38165
39802 27046
7389 11156
38876 40765
46666 48686
38876 43317
33027 25865
11961 3725
34421 2070
38876 173
31275 19141
37705 41891
49729 16073
18681 31275
5268 48686
19326 27546
6801 173
37133 14935
11156 27546
2602 18681
31275 14935
27125 37705
25865 44245
33027 23224
46601 10629
42731 43317
7104 6986
40231 45743
43013 37779
43317 7389
23811 43689
42731 27225
14712 18880
16073 9637
37705 27697
23224 49729
6986 39246
29431 4711
41891 6719
43317 1314
30013 43317
40747 43689
37779 35887
20311 43317
29139 6986
38876 11961
39802 19141
39246 4953
45743 10370
43013 25865
11961 173
16936 4711
27546 10370
1314 49713
35887 12151
6986 18286
14926 41891
7560 37779
43689 27046
11961 3545
48686 173
14926 43689
19141 5499
46666 49729
41701 7104
40765 27568
46601 9637
16073 14712
37705 49713
19535 41713
42731 15992
46601 19901
2192 16073
18286 7389
4958 31275
40231 43689
5268 19168
43317 23811
48105 24162
23224 18880
20311 1314
4953 4958
4953 41756
43317 173
2602 40747
7560 6719
15992 14935
39246 1314
14935 24162
2192 43689
49713 19440
11156 2192
34421 4953
39802 18286
4711 5268
1314 25865
3545 1888
24162 173
39802 5499
18286 27125
48686 19141
18286 30013
37705 10057
19168 45743
20311 29139
5268 15992
5268 6801
6719 41756
2602 48686
27697 46666
40765 39246
11978 34225
18286 10629
30013 9288
31275 10629
173 19535
27125 173
33027 27568
173 31275
27841 11961
14935 20311
41713 16073
23811 18880
1314 2070
8064 44109
2602 46666
16073 5499
29139 23682
27125 23682
27697 40747
49729 11156
43013 44245
2070 19440
1314 41891
37779 37705
2192 41713
46601 34225
4953 27046
8064 41792
16073 38165
7389 19440
33027 4711
44245 29139
18880 44245
41792 39246
44109 48686
16936 20311
30013 43689
7560 27568
9288 10629
9288 23682
4953 1314
7104 23224
31275 11156
2285 4953
19901 14712
41756 38165
30013 41304
6986 43368
19535 16073
38876 48686
2192 12151
37705 2192
16073 43013
48686 4958
7560 23682
41792 3545
27125 31275
40765 43689
23811 2602
41304 12151
16073 46666
43689 35887
5268 1314
27546 34225
11961 43368
7389 16936
10629 1314
37133 48105
41792 6801
19326 37133
29431 44109
43317 39802
19326 6801
37133 18681
43689 5499
43368 27568
10629 16936
19141 38876
6986 18880
18681 27697
14712 2192
2192 41304
43317 10057
7104 43368
33027 3545
35887 41701
38876 23224
173 6719
6801 41304
34421 27841
173 38165
19168 27046
43013 23224
44245 37779
41891 2192
19440 4711
34225 9288
39246 27225
41304 33027
27125 35887
41713 42731
16936 43689
42510 16936
9288 40231
38876 5268
46601 23224
4958 5499
19326 49729
173 7389
2285 3725
7389 37705
38876 42510
3725 48686
48105 27046
12151 11961
45743 4711
3725 29431
18286 20311
6719 10057
45743 24162
14712 9637
42731 39246
6719 37133
23224 35887
2192 27841
6986 8064
40765 8064
10629 31275
27697 23224
39246 5499
44109 46601
33027 16073
7389 2070
42510 49713
29139 38876
4958 30013
41701 42510
34225 1314
12151 2192
40747 43013
19326 35887
5499 24162
19000 18286
6719 14935
27546 35887
4711 34421
14926 27546
38876 34225
4958 4711
48686 29139
43013 14935
27568 44109
7104 40747
27225 7389
23682 31275
3545 15992
18286 15992
27568 41304
10057 41891
4711 46601
18880 35887
14935 41756
24162 27546
40231 6719
44109 15992
8064 37779
27125 41756
12151 4958
27546 40747
41304 11156
43368 14926
19000 1888
18286 43013
44245 12151
2192 41792
40747 48105
41701 41713
41792 37705
20311 44245
43368 44245
23682 19000
2602 40765
39802 40765
14926 34421
4958 43013
35887 37779
38876 11156
37133 38876
4711 19901
44245 30013
25865 14935
5268 43689
24162 37133
16073 45743
5268 11156
7560 18880
19440 5499
19535 44245
40765 1314
15992 12151
10370 10629
9288 34421
19168 3725
34421 14712
10057 42731
42510 7389
27546 2192
49729 11961
173 49713
5499 19141
42731 12151
7560 19168
3545 37133
15992 19000
29431 23224
9288 41792
14926 27125
4958 49729
37779 37133
11156 37779
19168 23224
48105 43689
10057 39802
19440 3545
29431 37779
43689 49713
14926 10629
37779 29431
35887 18880
29431 15992
14926 16073
18681 41701
37133 43013
19000 173
11156 14926
41756 3545
27697 19535
3725 39802
6719 45743
49713 42510
10057 4711
7104 9637
8064 2070
23224 37133
42731 29431
37779 34225
25865 46601
46666 10057
25865 2602
2070 48686
27841 4711
19440 37779
10370 7389
41792 5499
10629 43317
12151 40765
41756 31275
34225 19535
2602 49729
27841 38876
11156 14935
46666 27046
16073 33027
7104 42510
14712 10629
40765 19168
41792 14935
38165 14935
38165 3725
40231 27697
7560 43317
18286 19535
40747 39246
33027 18681
19168 173
16936 2070
7560 44245
19326 4711
39246 16936
41792 10057
34421 43013
19141 44109
34421 19535
37705 35887
33027 45743
43368 41304
10370 39246
7104 38876
18880 19141
7560 39246
8064 1888
27546 1314
27225 46601
23811 46666
27697 25865
27125 30013
29431 4953
6719 46601
43317 11156
27225 42731
43689 31275
44245 14712
4953 23811
46666 19440
27125 20311
2285 19141
25865 2285
2192 43317
38876 10629
48686 1314
9288 37133
19535 2192
42731 4953
39246 6801
42731 27125
8064 20311
40747 5268
25865 2070
37705 7389
5499 2192
18681 42731
4711 34225
44109 43317
48105 3545
9288 19326
30013 45743
43689 9288
10057 49713
39802 6801
27125 46666
18681 41304
34225 23811
2285 12151
48105 9288
37133 3725
44245 27225
31275 19440
41713 9637
14935 30013
2602 6986
23224 45743
27125 11978
3545 8064
38876 39802
29139 16073
27046 4953
40231 42510
23682 4711
6801 27046
12151 4711
27568 39802
19535 37133
2285 43689
4958 34225
19000 49713
42510 1888
19000 49729
34421 27546
27225 42510
6719 19901
16936 18681
23682 34225
40231 24162
27225 45743
11156 3545
7560 2285
6719 20311
23224 19326
19168 42510
48686 37779
30013 19440
39246 40747
37705 2285
1888 27841
19168 27568
11978 9288
11961 43689
27697 27568
4953 33027
14712 41304
39802 41713
19168 40747
40231 29431
2070 37705
20311 39802
27697 27225
19901 27125
38876 27841
7389 24162
44245 11978
19440 35887
173 2285
6801 46666
27697 15992
20311 40231
18286 27546
10629 34421
18681 1888
49713 44245
34225 2070
15992 37133
19326 38165
14935 14926
37133 45743
4958 19535
14935 42510
10057 6986
27046 27841
11156 27046
11978 25865
37705 34225
45743 9637
43368 43013
27697 27046
33027 19901
19141 40765
29431 6719
27225 40231
11156 3725
41713 2285
9288 48686
3725 48105
15992 45743
46666 20311
24162 46601
38876 4711
27125 27046
16936 23682
6801 49713
37133 35887
29431 41891
2070 3545
14712 11978
4953 19168
35887 44109
10629 173
16073 12151
27225 40765
14926 48105
11961 49713
40765 18681
19901 6719
27841 24162
49729 30013
7560 7104
11961 9637
18286 14712
5268 18286
38165 10057
18681 27125
34225 6801
39802 48686
40231 37705
29139 12151
43013 7389
4958 14935
12151 19901
15992 41792
42510 43689
7389 14935
7560 31275
27841 25865
19141 46666
41891 12151
19901 41792
40765 2192
19535 41701
19000 23224
40231 46666
5268 27841
33027 27841
7560 14926
6719 2070
2192 40231
20311 173
40231 37779
2070 45743
14712 43317
2192 10057
48686 31275
37133 3545
40231 12151
7560 43013
40765 10629
27225 18286
19440 5268
10629 30013
25865 27225
29431 42510
45743 4953
41701 46601
23682 11156
27546 39246
8064 10370
27546 5499
19326 42731
37705 43689
2602 9288
6986 2285
18286 29139
27697 43689
27841 10057
43689 27546
40765 44245
2070 18880
42510 8064
39802 4953
44109 18880
16073 7104
41792 18880
41891 2070
49713 10629
39802 19168
43013 4711
27046 10629
35887 1888
40765 24162
27546 46601
4711 19535
31275 41792
45743 27046
19901 48686
27046 2070
44245 39246
14926 6986
6801 14712
34225 39802
8064 6986
9288 33027
45743 18880
10057 43689
4958 19326
27697 46601
44245 6719
29139 43368
48686 12151
37779 23682
42731 38165
27568 34225
46601 27225
7389 18286
10057 49729
49729 29431
7560 40765
30013 2285
43317 14926
39802 1314
11961 16936
37779 11978
44245 6986
6986 7560
19141 49729
19000 3545
3545 6986
10057 1888
15992 3725
18681 44245
20311 34421
2192 39802
27697 19000
6801 9637
43368 2602
5499 48105
46601 173
14935 23811
14926 33027
7389 40747
43368 23811
27568 14935
31275 7104
19168 44245
27125 9637
9637 15992
41792 2285
27568 37705
27225 29431
40765 40747
27125 4953
1888 5499
11978 37133
10629 29431
23811 11156
7104 40765
4953 16936
2192 27225
14935 3725
11978 6986
14935 27125
5499 49713
6801 6986
44245 7104
6719 27697
4953 37705
48686 40747
16073 27841
42731 42510
4711 19326
1888 10370
41713 7104
39802 14712
2602 41792
20311 19440
7560 27046
44109 6986
19168 2285
41304 42510
4711 173
6801 40765
27546 43013
4958 49713
18681 40231
5499 41304
37779 7560
1314 41304
16936 14935
37779 39802
9288 44245
34421 15992
37133 27697
27568 12151
34225 10370
48105 19440
2602 1888
10629 46601
49729 20311
18286 5499
19141 42510
2602 18286
29139 27225
39246 18286
14935 1888
19901 43689
30013 37779
45743 6801
10629 20311
40765 41756
6719 4711
19000 5499
19000 42510
43317 23682
35887 14935
23224 44245
10370 18286
27125 5268
27841 19141
27697 29431
1314 38876
10370 38876
7389 5499
43689 19000
6719 6986
2285 29139
14926 40765
23224 41792
41891 19141
12151 18286
25865 4953
19440 2602
27046 40765
5499 40747
19326 29139
18880 3545
37133 19440
2070 19141
38876 23682
27568 24162
24162 7104
20311 6801
38876 9637
46666 3545
49729 43317
11156 46666
3545 9288
4958 27568
44245 15992
11156 49713
10370 42510
12151 18880
37133 18880
23811 39802
11978 42510
19440 41713
34421 8064
5499 11156
12151 29139
34225 38876
173 34225
7104 41701
24162 41891
4958 37133
23811 6986
5499 23224
14935 4958
11961 33027
41713 41304
5499 11961
37705 10370
7560 40747
41713 40765
33027 41713
41891 10370
43317 27225
14926 9637
27546 1888
37779 19168
37779 39246
14712 46666
6801 19168
15992 43689
11156 23682
19901 19535
27046 3545
10057 43368
43317 49713
11156 19440
1314 10057
18681 7389
37779 5499
173 4953
29431 2070
43013 2602
46601 41756
173 44245
7389 18681
42510 18286
11978 23811
19141 41304
1314 46666
33027 43013
34225 1888
24162 39802
44109 24162
4953 39246
39246 19168
49713 4711
11156 43317
49729 2285
2070 41792
5268 6986
35887 23811
40747 16073
5268 37133
14712 31275
37705 31275
39802 10057
173 6986
18880 27841
10629 7389
3725 2285
9637 23224
34421 9288
9288 5499
41701 44109
23224 42510
41713 18286
18880 29139
45743 7560
41304 40747
19000 4958
4711 37705
10370 4953
49713 41304
2070 2285
4953 12151
5268 40231
48686 6719
23224 6986
38165 23811
48105 6801
10370 38165
19901 38165
34421 41304
7560 27697
16073 38876
49729 39246
19000 48105
41756 27697
4958 34421
45743 19168
43317 38876
11961 10629
43689 25865
19000 35887
9637 9288
2602 3725
14926 18880
19141 6986
29431 2602
42510 9288
43317 41701
9288 11961
40231 23811
43368 19141
29139 14935
37133 46666
38165 4711
43368 33027
41304 40765
173 5268
48686 44109
49713 46666
27225 48105
48686 18681
19440 6986
41701 30013
14935 10057
45743 173
34421 43317
39802 19326
6986 14935
34225 42510
15992 6986
41792 1314
11978 41713
23682 1314
48105 19326
11978 5268
12151 1314
19440 45743
41792 19901
27046 10370
39802 11978
49729 38165
7389 7560
30013 173
18681 38165
5499 10629
41891 30013
38876 14712
5499 23682
49729 46601
41792 43013
14712 27046
44245 19535
19326 7389
45743 43689
18880 19535
14926 41713
9637 20311
34421 11156
41792 7389
39802 9637
43013 49713
43013 15992
14935 29139
1314 2602
6719 11978
41713 39802
41713 11961
19168 27697
10370 6986
43013 2285
11978 48105
29431 34225
39802 37779
23224 41756
44245 23682
27841 16936
23224 18286
19535 40231
24162 4953
39246 10057
19901 42510
18880 27125
39246 42510
18286 42731
37705 15992
40747 19440
38876 10370
27225 12151
19440 39802
40747 41701
2192 35887
23811 42731
41792 27046
23682 40765
29139 49729
7104 35887
19000 14926
27546 45743
41792 24162
23224 14926
15992 34421
37705 5499
5499 38165
40231 6986
4958 4953
3545 34421
7560 19901
10629 2192
10370 11961
7104 6801
11961 10370
16936 48686
39246 37779
42510 27046
35887 42510
4958 40747
19535 18286
7104 5499
37779 12151
19535 7104
27225 18681
15992 46666
19440 1888
14935 35887
43689 3545
37705 20311
46601 6801
10629 37133
27046 14712
10057 33027
19168 7389
27568 2192
37133 41701
39802 3725
48105 34225
1888 4953
10370 33027
1888 35887
14926 29139
49713 29139
41713 2192
40231 2285
4953 41304
43317 19326
19168 48105
11156 18880
37705 48686
30013 9637
41304 9288
41701 38165
5499 14926
5499 37779
29139 9637
41304 27841
27697 49713
2070 10629
2192 19440
6719 44109
10370 40231
43368 10057
40231 38165
42731 19141
40747 49713
34225 49729
10057 27546
9288 27225
7560 20311
4958 6719
43317 41713
2070 18286
40747 49729
6801 11978
27546 4711
10057 9637
2070 34225
2070 4953
19901 49729
2285 41792
18286 38876
18681 9288
29139 35887
39246 29431
4958 2602
41756 19440
19440 19000
11961 40747
1888 14712
19535 1314
45743 14712
7389 16073
16073 11978
16073 2602
3725 37779
23224 29139
10370 16936
29431 40747
25865 49713
38876 2602
34421 46601
27546 10057
10629 14935
19141 6801
10057 48105
41891 11978
19141 19000
12151 49729
16936 25865
39246 27125
31275 7560
41304 43013
43013 41304
42731 24162
40765 19535
46666 34225
14926 19535
19168 39246
16073 42510
42510 9637
7104 27697
42731 43013
2602 37779
18286 6719
7104 19535
10370 49729
27225 35887
19000 12151
43368 3725
41891 7560
18880 42510
41756 37133
19141 2602
10057 40747
43317 6986
10629 14926
40747 3545
24162 19535
19535 20311
14935 27225
2285 20311
1314 43013
20311 27125
16936 37705
2285 5499
3545 41713
1314 30013
27125 43317
23682 14926
2192 11978
27546 46666
7560 9288
25865 15992
48105 40747
33027 49729
48686 11156
3725 27546
37779 11961
45743 41792
38876 12151
23224 23811
37705 38165
14712 48105
27841 9637
34421 41792
43368 3545
49729 24162
18681 43368
14926 20311
40747 37705
5268 7560
37779 173
7104 10057
10370 41713
37705 16936
40747 18286
3545 19000
18286 19141
41756 5268
42731 2192
27125 2192
34421 39246
19440 18681
43013 27546
40747 20311
48105 49729
2192 29431
43317 19440
37133 29139
6801 27841
4953 40765
37133 39802
31275 9288
45743 43013
38165 41891
14712 34225
45743 44245
11156 41304
37779 49729
19440 6719
5499 37705
19326 14712
23811 9288
3545 29431
1888 40231
49729 19168
10629 43013
14712 38165
24162 29431
3545 48686
45743 46601
10629 48686
34421 41713
6986 41713
37133 20311
40231 34225
1888 7560
39246 38165
43368 20311
25865 4711
173 49729
34421 19440
46601 41713
40231 11156
33027 35887
27697 40765
6986 42731
40765 46601
29431 6986
46666 3725
29431 4958
19901 44109
19535 27697
43689 19535
27568 27125
11156 43689
29139 19535
6801 19000
7104 41756
12151 37705
7560 10629
10370 41792
48105 43368
38165 25865
46666 6719
9288 41701
27697 2070
29139 40231
16073 41304
18286 23811
39246 41304
29431 18681
14712 18681
8064 37705
29431 39246
6801 34421
7560 6986
43368 41713
11156 43013
10629 9637
30013 43013
19535 9637
20311 10629
41792 15992
38876 7104
49713 23224
43317 6801
8064 41891
38165 24162
23682 5268
4958 6986
42510 12151
39246 7104
19000 23811
34421 23224
41304 44245
1314 34225
18880 23811
12151 40231
37705 23224
19141 27568
19901 16073
37133 18286
3545 49713
27125 23811
16073 2070
44109 11156
40765 38876
27568 19440
27046 43689
42731 27841
40747 34225
27225 19141
27046 12151
41756 41713
27546 3725
19440 38165
27697 35887
27125 33027
16073 7560
48105 7389
48686 2602
27568 9288
19440 44109
43317 4958
19440 49729
43689 40765
41891 11156
14935 38165
11961 37133
27225 10057
34225 19326
40747 18880
34225 40747
24162 15992
9637 30013
38876 2070
16073 10057
16073 20311
173 46601
4711 11978
24162 2285
40231 19168
19901 35887
33027 6719
27125 19168
39802 6719
4953 14712
37705 5268
49729 23811
6719 41792
40231 31275
27046 24162
12151 44245
39802 48105
41304 24162
18286 46666
41304 38165
49713 25865
3725 6986
11156 23224
2192 8064
38876 34421
2192 45743
1314 33027
27046 14935
41792 9637
35887 14926
44245 34421
49729 35887
7104 48105
37705 19000
34225 6986
34421 29431
24162 11978
48105 11978
9637 8064
43689 27225
48105 29431
49713 2285
40231 27546
39246 33027
7104 14926
2602 20311
31275 40747
19901 23682
11156 173
10370 4711
23224 27225
19440 34225
16936 24162
33027 10370
33027 43368
33027 19141
23811 27697
41756 1314
10629 12151
41304 37705
16936 1314
10629 5499
19141 5268
23224 8064
39246 43368
11978 29431
18286 4953
1888 20311
19901 27225
41756 4958
15992 11978
15992 27568
25865 6719
19901 7104
7560 27125
18880 49729
18681 43013
25865 10370
39802 7389
27841 18286
4958 3545
19326 18681
18681 2602
27568 42731
1314 43368
18880 16936
48105 46601
9637 35887
19141 4953
40231 10370
19326 25865
29139 24162
44245 38165
27697 23811
41701 10629
34225 173
35887 7560
10370 3545
45743 2192
11961 40231
9637 4711
12151 14712
10629 1888
46666 46601
19535 12151
39246 16073
10370 27225
14926 3545
11156 48686
19440 30013
44245 1314
27841 44109
12151 29431
19141 42731
3725 23811
10057 37705
6801 18286
6986 27697
18681 6719
43368 49713
12151 27125
42731 19535
19440 27125
11978 27046
19168 2192
48105 19901
1314 20311
1888 7389
19326 11978
30013 14712
40747 19535
48105 27697
3725 10370
29431 1314
43368 6986
11978 19141
49713 3725
40231 23682
49713 6719
37133 31275
30013 40747
44245 3545
1888 2285
1314 42510
35887 49713
27125 27225
19141 43317
6986 9637
2070 6719
23682 42510
48686 23811
41891 40747
42731 5268
16936 9637
23224 23682
23682 2602
27046 29139
3545 23682
24162 5268
29431 11961
9637 25865
27046 18286
1888 39802
4953 5268
30013 42510
34225 4958
23811 23224
31275 173
48105 44109
19440 14935
7560 18681
19440 29431
11156 37133
24162 27697
20311 48105
44245 11961
19141 14926
33027 2602
49729 19326
48105 27546
6986 10057
38876 19326
18681 23224
27841 3725
46601 41792
41756 11978
14712 14926
6719 24162
10629 41701
19535 11961
37133 7389
19000 19141
35887 24162
3725 19000
23811 48105
19326 3725
48105 35887
46666 5499
6986 11978
2070 27046
27046 37705
18286 49729
10629 41756
27568 23811
44109 4953
16936 39802
48686 2285
11156 42510
14712 27225
18880 39802
43013 5499
23682 41891
8064 41713
43013 10370
40747 12151
16936 30013
7389 41713
38165 34421
42731 18681
43013 19000
27046 27697
37133 19141
27697 11961
4958 27841
23811 34225
37779 19901
23682 29431
2602 37705
6719 23682
9637 45743
6986 46601
41713 29139
40747 23811
15992 11961
43013 2070
27697 20311
14935 31275
5499 43368
42510 18880
49729 14712
33027 7560
11961 18286
23811 41756
6719 19440
11978 43689
7389 33027
44109 41756
34421 1888
41792 40747
14712 19168
18681 11156
23682 173
27046 41701
11961 2602
5499 41891
19168 3545
43013 18880
2070 6986
4958 15992
1314 23682
27568 19901
41713 41792
18880 5499
27225 27546
38165 23224
46666 43689
45743 30013
41701 9637
18880 1314
23811 29431
43689 2070
38876 41891
40765 19326
23811 25865
37133 27125
43317 18681
38876 35887
30013 16936
14926 4953
34421 31275
40747 6719
43013 1314
3725 23224
10057 30013
1314 18286
9288 20311
19901 14926
19440 9288
5499 8064
9288 9637
6986 10370
8064 27046
19440 27568
35887 37705
8064 40747
34421 2285
25865 24162
37779 27125
16073 27546
9637 43013
40747 44109
9637 18681
10057 41713
44109 27125
39246 1888
24162 3545
40747 40231
24162 3725
43013 19168
10629 4711
27125 44109
30013 6986
41713 16936
44109 37133
49729 27046
44109 41701
4953 9288
4953 1888
41792 30013
4711 27046
42731 27697
23224 48105
49729 6801
2285 31275
173 15992
2602 7389
7104 44245
39246 2192
2285 2192
44109 31275
2192 27046
41792 44109
9637 40231
20311 19000
29139 14926
23682 29139
2602 2070
10629 43368
10370 19141
4958 48105
30013 27697
16073 29431
33027 44245
12151 15992
24162 18880
27841 7560
27546 19535
173 19168
2192 14712
31275 33027
37133 4953
23682 30013
38876 18880
34421 16073
27225 43368
27697 9288
38876 37779
14926 45743
18880 23224
44245 41713
14926 11978
11156 43368
49729 14935
27046 16936
25865 41304
14712 173
19141 41713
27568 41713
2285 48686
29431 38876
44245 27697
44245 42510
43013 29431
41756 10629
19535 19326
4711 41304
29139 37133
41792 37133
7389 4958
5499 27546
39802 19535
49713 39246
49729 11978
37779 27546
48686 2192
18880 19901
19440 23811
45743 40231
42731 38876
16073 1314
12151 41792
33027 11156
3545 35887
40231 48686
39246 48686
27125 19141
43368 34225
19000 41701
14935 41713
19901 16936
11978 41701
44245 44109
9288 41756
19000 9288
14935 29431
41891 4953
11156 19901
12151 43368
42731 41701
19168 37779
48686 23682
10057 35887
19141 1314
8064 10629
30013 5268
11961 25865
4953 11156
29139 41792
14935 44109
16936 43013
49729 10057
23811 37133
11961 29139
38165 34225
24162 41756
39246 23682
14712 23682
41891 34225
44109 49729
29139 46666
14935 34421
7104 7560
37705 42510
23811 42510
24162 10370
42510 29431
35887 46601
41891 37705
27046 38876
6719 46666
5499 23811
15992 11156
173 40765
14926 18286
39802 43013
5268 35887
30013 23224
37705 29139
11978 9637
3725 14712
2602 41891
43013 5268
2070 40747
1314 27841
1888 43689
14712 25865
46601 7560
39246 9637
41756 2070
37705 4953
38876 7389
8064 30013
3725 25865
48105 37779
19535 23682
24162 31275
40231 14926
18681 40765
48105 15992
19440 2070
23224 27546
29139 27546
29139 1314
45743 42731
4711 18286
23224 6801
49713 16073
46666 19326
27841 10370
35887 39246
23811 7389
19141 12151
44245 7560
41304 1314
8064 173
23682 27568
49713 30013
48105 44245
7389 1314
10629 41891
37133 11961
8064 4958
2192 3725
4711 27568
34421 4958
2285 11961
15992 35887
173 33027
5499 41701
9288 30013
39802 10370
29139 41304
33027 14935
19168 27225
48686 41304
3725 2070
15992 42510
19000 20311
20311 29431
43013 44109
10370 10057
19326 9637
41701 11156
43689 19326
24162 49713
41792 49729
10370 25865
37779 9637
6801 3725
41756 44109
44109 27841
43689 38876
44109 10057
27225 33027
42731 11978
30013 38876
12151 19000
44109 173
16936 44109
27841 27046
48105 42731
44245 25865
38165 37705
10057 4953
25865 23224
41701 12151
18286 18681
16073 10629
40231 4711
39802 27697
49713 27046
4953 6986
18880 42731
35887 34421
27046 41756
10629 19141
3545 44109
39802 2070
4953 4711
15992 23682
12151 6986
2070 40765
43317 2285
19168 34225
42510 46601
39246 2070
49729 10629
4711 2602
19901 27046
46666 2602
24162 1888
48105 14926
27225 5499
16936 9288
27225 11156
6801 5499
4958 9288
30013 2602
19535 41891
35887 48105
9288 12151
43013 7560
15992 18880
173 14712
18880 2602
29431 27697
6719 27225
14926 19168
2602 41304
10370 46601
19168 5268
18286 43317
6719 44245
19000 29139
14712 29139
38876 9288
19440 37705
20311 49713
41701 23224
10370 2285
1314 9637
12151 27046
48105 34421
43013 38876
27697 18286
43317 15992
43689 41701
7560 46601
49729 42510
41756 33027
11156 11961
27046 33027
16936 18880
19901 4953
41701 40765
11978 44109
10629 2070
9637 40747
6801 43013
25865 19168
3545 37705
46666 39246
37779 19535
18681 49713
41756 12151
33027 31275
38165 42510
38165 49729
27225 49713
27841 2285
16073 40747
2070 19901
19440 19326
7389 39802
39246 46601
37133 44109
43689 14712
23224 14935
5499 27841
8064 46666
29139 19000
46666 14935
6719 29431
25865 5268
43368 4711
41713 38165
48686 9637
9288 38876
48105 38876
30013 27046
19168 4958
19440 10370
31275 43317
5268 16936
11961 34421
19440 19901
18880 10057
6986 4958
19141 35887
27568 18286
41891 9637
9288 2602
27568 11156
14935 7560
49729 27225
43317 29431
11961 19141
43689 27841
12151 23224
23224 29431
39802 27225
43368 6801
12151 27546
2192 14926
27568 37133
40765 37779
37705 23682
2070 49729
2285 41304
49729 41713
2285 11156
42510 16073
34225 3725
30013 11978
23682 16936
43689 19440
4958 37779
42510 11961
20311 46666
45743 43368
23224 19000
19000 2285
41304 25865
6801 35887
25865 7389
27697 31275
5499 33027
19168 42731
14926 10370
2602 4711
43368 30013
2192 31275
27841 40231
6801 10370
11961 19901
14712 29431
11978 39246
23682 46601
48686 7104
19326 43013
43317 16073
10057 19535
38876 30013
14935 41792
7104 19141
44245 46601
41891 40231
14926 19141
45743 10057
27225 39802
4958 43368
3545 42510
20311 49729
19168 6986
48105 40765
4953 18286
8064 3545
5499 1888
30013 42731
23811 20311
48686 27568
38165 2602
15992 34225
41713 37705
6986 20311
3725 9637
2070 12151
33027 19000
27125 2070
31275 14712
19326 16936
42510 37705
33027 11978
2285 15992
27841 43368
9288 6719
49729 49713
37705 6801
37779 24162
5499 173
19326 16073
41756 11961
2192 40765
38165 16073
5499 27125
37133 23811
43013 19535
10629 7104
19535 27046
34421 49713
14926 41756
43013 40231
41792 46666
16936 19535
40747 23224
16073 4958
40765 29431
34225 6719
33027 43317
7389 45743
25865 44109
27568 16073
43368 39802
43013 3725
23682 6986
43368 39246
41891 19535
19440 27841
42510 27125
19535 42510
37779 2285
39246 41713
2602 27697
19326 43317
11978 3725
19000 6801
35887 18286
10629 15992
2602 15992
46601 23682
33027 16936
41891 14712
46601 37133
14935 16073
23682 19535
49729 19000
27697 19141
41756 27841
16073 43317
38876 31275
18286 11961
41713 1314
27568 15992
14712 19000
41792 2192
9637 38165
18880 41792
7104 42731
11961 49729
20311 15992
19000 40747
27125 41701
48105 23224
38165 9288
43317 33027
18286 34225
42510 23811
31275 43013
42731 46666
19440 16936
41891 19000
27046 15992
4953 29431
2192 5499
19326 39802
40231 11961
37133 10629
46601 20311
6986 43013
16936 19141
34421 42731
42510 41792
19901 33027
19535 31275
10370 11156
40765 14935
11961 11978
2285 19535
37133 37779
25865 29139
43013 33027
173 2602
33027 1314
41713 6719
4953 48105
2070 9288
42731 1314
2192 9288
18880 18286
3545 45743
39802 29139
7104 3545
16073 31275
4953 19000
46666 44109
43317 41304
1888 41701
41792 27546
9288 40747
34421 1314
14935 173
43368 41792
37705 27125
34421 14926
27568 25865
11156 44109
11156 29139
4953 35887
45743 39246
23224 16936
43013 14712
27225 6801
7560 38165
25865 19440
19000 46601
44109 2192
43689 16936
8064 7560
45743 16936
41891 19326
48105 27568
27546 5268
49729 19535
10629 6719
37705 29431
41891 9288
173 18681
23682 19141
6801 14926
9288 41304
40747 9637
23811 27225
27546 44245
19168 18681
16073 40765
37133 19535
6719 18286
19901 43368
23224 46601
34225 33027
11978 3545
10370 8064
35887 15992
27841 5268
37705 45743
39802 27125
23811 18286
35887 11978
49713 20311
2070 23224
18681 3725
27546 14935
27125 44245
19535 2070
14712 40765
27568 45743
10057 37133
9637 10629
43368 41891
18286 27841
14935 43368
39246 41701
7389 3725
27841 43013
20311 23682
9637 7389
43013 29139
15992 27225
24162 34225
41713 12151
2192 19168
44245 37133
41304 8064
4958 33027
19901 31275
27046 10057
16936 40231
48105 27225
11961 1314
20311 5499
23682 8064
27546 42731
38876 18681
14926 42731
16936 23811
1314 7560
19440 34421
18880 48105
20311 35887
30013 3725
38165 7104
38165 46666
41891 18880
49713 43689
41701 27046
38165 48686
16073 23811
20311 24162
43013 9637
1888 15992
39802 40231
1314 173
41792 18681
41701 5268
48105 41756
40747 41304
38165 23682
10629 37779
19326 38876
23811 9637
37705 9288
19168 31275
37705 37779
16073 14935
19440 18880
42510 31275
40765 12151
11978 41756
43317 40747
38876 1314
6986 31275
30013 12151
43013 18681
49713 38876
24162 48105
23682 11961
10057 7104
41304 19535
10370 1888
11978 43013
8064 14926
1888 5268
1888 34225
6801 39246
23811 40231
2070 44245
49713 11978
31275 12151
20311 45743
41792 2070
6719 7104
1314 14935
35887 30013
11961 35887
7104 34421
27046 27568
29139 2192
41701 27568
19535 39246
43317 4953
31275 8064
24162 44245
27546 27841
173 29139
16073 19326
42731 41713
14712 19326
27841 41713
39246 41756
2285 7389
2285 16936
37779 29139
41756 43368
18681 19535
2070 6801
2070 16936
19000 24162
18681 19901
18880 2285
46666 19168
19168 23682
173 48686
41756 4711
37705 19535
10629 49729
48105 16073
19168 14926
46666 38876
4711 33027
41792 29139
27568 14926
31275 15992
39802 49713
43689 7389
4958 19168
48105 25865
40765 48686
34225 41304
35887 41304
37779 42510
41891 41792
49729 19901
4958 29431
23682 19440
42731 6801
10370 37133
11156 44245
6801 7389
18286 29431
20311 42510
9637 7104
8064 40765
14712 46601
24162 8064
49729 27697
41304 2070
19901 39802
31275 41713
27568 48686
19141 11961
6986 6801
46666 49713
12151 24162
6801 43368
41792 6719
34225 44109
23811 45743
49729 4958
43689 6801
37133 6719
42510 49729
39246 41891
43368 46666
7104 24162
3725 6719
41713 27546
37705 44245
41701 18880
4958 16936
39246 14935
9288 173
10629 42731
19168 20311
6986 1314
6986 27125
40231 19901
37133 41792
16073 42731
20311 39246
48105 45743
49729 18880
14935 10629
27841 5499
14926 41304
14926 41792
40231 4953
3545 25865
41713 19901
27225 31275
40765 27046
18286 173
1888 14926
23224 40747
1888 37705
11961 4953
46601 38876
9288 7104
27546 40765
19440 12151
40231 27125
1314 14712
24162 14712
173 30013
43317 27568
38165 1888
6719 10370
19141 10629
29139 44109
40231 19535
10057 31275
1888 11156
9288 39246
4953 49729
31275 9637
3725 2602
3725 34421
11156 24162
27697 19901
14712 16073
34225 48686
18286 37705
15992 23224
19000 37133
14712 20311
2192 173
18286 46601
48686 3545
27125 19000
24162 25865
37779 34421
27697 43317
46666 44245
18880 19000
29431 16073
40765 3725
30013 7104
40747 30013
41304 29431
11156 46601
10370 19168
9637 19535
40765 19440
34421 11978
18286 8064
12151 41304
46601 19168
19901 38876
38165 27225
4711 2070
20311 41304
41713 9288
18286 7560
44109 19901
9288 19168
11156 38165
38165 27841
14712 3545
5499 34421
37133 27225
31275 44245
15992 29139
4711 1888
38876 6801
24162 19168
12151 23682
40747 29431
49713 10370
44109 30013
27841 20311
15992 44245
27225 3545
2285 16073
12151 45743
43689 19901
10370 15992
2285 37779
3725 14926
41756 19000
18880 43013
6719 9637
10057 23224
18681 27046
6719 2192
8064 38165
27046 48105
1888 27046
41304 39246
27568 35887
41304 2602
6801 44245
18286 24162
27841 37779
31275 19168
29139 18880
40231 4958
40747 37779
1888 44245
11978 2070
46601 16936
41891 7104
31275 3725
34421 23682
23224 19901
19901 41304
41756 48686
14926 2285
46666 11978
42510 44245
49729 7560
20311 4711
25865 4958
38165 41756
43013 48686
43317 41891
11978 34421
9288 5268
46601 24162
27046 16073
35887 27568
18880 40747
34225 29139
27046 14926
41304 30013
43368 41701
19168 2602
6986 5268
39802 27546
3545 40231
9637 41891
41891 10057
11156 10057
10057 3545
38165 2192
2070 7560
16073 29139
39246 42731
41304 9637
46666 30013
15992 173
10370 41891
39802 38876
27225 27697
16073 14926
37779 1314
8064 5268
35887 9288
16936 15992
19535 46601
43317 20311
9637 46601
37779 38165
15992 1888
31275 27125
18880 40765
49713 16936
18681 23811
9637 40765
1314 14926
173 41701
19326 14926
41701 10057
38165 3545
40747 27125
41891 18286
40765 1888
3545 44245
48105 23682
33027 23682
19000 10370
43368 38876
46666 9288
11156 27697
41713 19000
41891 43317
14926 41701
11961 14712
41713 27568
31275 49713
18681 8064
1314 4711
45743 39802
7389 9288
29139 30013
9637 12151
4958 42510
29139 34225
38165 6719
37705 46601
2602 10057
23682 41701
23682 45743
12151 3725
19535 19000
12151 41701
16073 37779
41792 27225
40747 45743
23224 41304
40231 41792
10370 4958
1314 8064
18681 41713
37705 23811
1888 27125
29139 43689
1314 29431
2285 4958
7560 41792
27125 40231
29139 11961
43013 39246
2070 38165
42731 35887
19326 8064
41713 10370
43013 27841
19141 2285
39246 19326
35887 3545
37705 41701
23224 1888
18681 25865
11978 20311
18880 31275
43013 4958
34421 27697
37133 14926
29431 39802
27225 4958
14935 7104
3725 41891
41304 10057
43317 42731
1314 2285
43689 38165
34225 11961
20311 19535
1888 25865
30013 14935
43689 37779
23224 43317
49713 27697
2192 39246
41701 41304
8064 11978
8064 34421
1888 6986
7389 44109
18880 2070
4958 42731
5499 42510
18880 38165
15992 41304
38876 25865
41304 10370
33027 24162
19901 7560
4953 46666
7389 41891
30013 39802
11961 11156
34225 31275
41304 43317
7389 6801
43368 16936
46601 40765
6801 40231
15992 30013
29139 40747
41701 48686
23224 48686
3545 7104
16936 41304
16073 18286
12151 5268
29431 33027
11961 19326
19901 27568
7560 27841
29431 40765
37133 4958
14712 43013
16936 2602
41701 2070
25865 34421
2070 19000
6986 49713
2285 37133
2070 10057
7389 19000
23224 10057
5268 23811
49713 19168
39802 30013
10370 43013
19000 41304
39802 37133
16936 27841
16936 48105
7560 44109
44109 9637
19535 38165
12151 6801
2070 27225
11156 41756
46666 37133
7389 23224
11961 27225
4711 4953
10057 11978
37779 40231
40765 43368
11156 41701
16936 46601
43013 8064
49729 42731
20311 41891
14935 40765
19141 41792
19168 34421
25865 41792
41756 9288
19535 19901
27697 41891
1888 1314
7389 5268
29139 19168
12151 9637
19000 16936
11978 16936
24162 2602
19901 19141
6801 4958
2602 38876
30013 41891
48686 8064
2070 41756
20311 19326
27568 4958
43317 18880
29139 19141
2192 24162
18681 1314
3545 11156
27546 173
1888 11978
41304 45743
33027 19440
19901 1888
19440 1314
5268 42510
20311 16073
4958 44109
2192 33027
11978 45743
18681 19141
38165 14712
11961 1888
8064 31275
19535 10629
4958 10629
43013 35887
46666 43013
5499 34225
35887 40231
39246 19901
6719 48105
38876 14926
1314 42731
49713 40231
23682 2285
19141 19901
41891 49713
19141 39802
9288 27046
14926 11961
3545 43013
16936 4958
6801 33027
10370 43689
11961 19535
35887 10057
27125 43689
45743 9288
9637 27046
2285 173
6801 10057
38165 10629
8064 43689
37779 6986
38876 41792
34225 2192
9637 3545
8064 6719
42510 11978
30013 4953
7104 48686
40765 4953
6801 19326
3725 11961
20311 37705
5268 9288
6719 2602
14926 29431
27841 38165
19168 41756
37133 41304
27225 4711
41304 20311
38876 19901
46601 27546
41304 44109
18681 5499
33027 43689
20311 42731
14712 19901
10057 2192
41713 33027
49729 173
4953 44245
19168 1314
46601 6719
23682 3545
19141 38165
40747 42510
3545 7560
38165 6986
7560 41713
20311 3545
48686 41701
14926 1314
40231 10629
41792 27568
10057 20311
1888 29431
6719 43368
27046 41792
11961 4958
27841 18880
14712 40747
2285 7560
3545 38165
27841 8064
19000 43013
4958 11156
19901 5268
39802 42510
173 23682
49713 49729
41701 18681
43013 37705
49713 37705
12151 23811
9288 29139
45743 34225
41792 19440
19168 40765
41701 15992
42731 11961
18681 45743
31275 34421
3725 18286
40747 27546
39246 9288
27546 14926
29139 5268
19000 46666
8064 4953
41713 19326
19141 33027
27546 49713
38876 41304
23224 49713
2285 19000
2602 42731
46666 24162
43317 40765
9288 19141
19168 37705
27841 12151
49713 19326
39246 29139
43013 3545
1314 10629
10370 44245
19535 27568
27125 46601
15992 37705
45743 43317
11961 42510
23224 34225
34225 24162
42510 33027
7560 7389
27841 27225
38876 19168
5499 14935
46601 27841
41304 14926
19141 48686
29139 27841
41713 18880
10370 31275
27225 16073
41701 25865
41756 14926
2602 43317
38165 1314
27225 37705
42731 10629
1888 19168
49729 18286
48686 19535
4953 43317
11961 14935
18286 4711
46666 41713
2285 19440
46666 12151
27546 37133
14712 1888
38165 19901
40231 48105
4953 27568
18880 10629
6719 41891
7104 41713
41701 16073
41701 42731
14935 11961
18681 44109
40747 38165
27125 41713
40231 9637
8064 14935
6986 29139
29431 2192
41756 41891
41756 6801
4711 10057
10057 16073
43368 18286
7104 49713
6801 9288
44245 41701
10370 44109
3725 7389
44245 2285
45743 1314
40747 7560
7389 27841
40231 41891
40765 5499
16073 3725
19000 33027
27841 45743
31275 49729
12151 16936
27125 2602
18286 1314
9288 23224
11978 6719
27125 9288
19000 19901
4953 6801
43689 1888
29431 2285
23224 19168
19326 37705
27125 1888
10057 6801
25865 7104
16936 46666
43317 27546
19326 19901
27568 23682
30013 7560
25865 42731
7560 5499
19168 33027
3545 48105
40747 4953
41304 6986
4711 29139
12151 10370
6719 9288
6719 6801
43317 3725
15992 33027
27841 23224
48105 173
34421 7104
9637 41713
9637 44109
19168 43317
11156 19000
44109 4958
1314 18880
10057 18880
6801 30013
19168 44109
15992 19141
7389 27697
23224 27568
10370 23682
46666 31275
11961 38165
48686 7560
5268 38876
41304 27697
173 18880
10629 10370
49713 1314
2602 2285
11156 37705
7104 16936
44109 1314
29431 43013
2070 49713
27697 14926
14926 9288
18286 19000
173 12151
35887 29431
41891 3545
34225 19440
2070 16073
19168 18880
2285 14935
4958 29139
44245 2602
10057 24162
1314 27125
40231 27568
20311 27841
8064 33027
16073 30013
48105 43317
9637 41304
14926 39802
18681 33027
12151 31275
10629 18880
19141 40747
43317 49729
7560 14712
43013 40765
19440 41701
10629 27568
39246 40231
43317 7560
18286 40747
19000 15992
4953 19901
10629 44245
18681 41756
6719 10629
15992 41701
43317 2192
49729 43689
27046 42731
7560 9637
24162 10629
173 43368
8064 2602
18880 7560
4953 2285
19326 41891
10370 40765
27697 19440
19168 2070
27225 19440
43013 27568
41713 6801
27841 40747
46666 23682
14935 2192
14935 8064
10629 34225
34421 2192
5268 14926
45743 5499
6801 37779
43689 43317
3725 5499
6986 27841
7389 43317
29431 27568
11978 29139
42510 2602
1314 37133
30013 15992
42731 41792
27546 19326
37779 41891
6986 11961
11961 24162
5268 31275
18681 5268
40765 34421
41701 43013
15992 48686
10057 27225
46601 27046
14926 48686
41792 27697
29139 43013
19535 41304
15992 18286
43013 27697
41891 42731
6719 38876
4953 23682
29431 45743
9637 49713
40747 8064
27841 19326
34421 10629
7389 43368
27125 27546
7104 19901
40765 27841
19168 12151
48105 2602
16936 19326
41713 23811
4711 9637
37705 41792
18681 37779
31275 2602
3725 41792
23682 11978
23811 27546
7560 173
23682 38165
3725 16936
19535 10370
18681 48686
29431 48686
27697 10057
29139 5499
1888 16936
27125 39246
41891 24162
2192 40747
7389 19326
42731 27046
14935 42731
19326 49713
2602 6719
37133 15992
41891 41756
11156 16936
39802 39246
37779 1888
24162 18286
23224 40231
14935 44245
19326 27841
37779 43689
30013 10057
44245 19440
15992 8064
41891 29431
33027 27046
2070 18681
4958 19000
27125 41891
6719 1888
29139 6801
7104 1888
43689 173
19141 49713
38165 48105
2285 14712
19000 30013
41891 38165
29431 10057
43317 8064
37779 18880
35887 5499
4953 11961
27046 29431
16936 42510
41713 19141
18286 37779
27046 37133
1314 40231
45743 2285
38876 48105
19000 1314
27568 4953
27697 10370
41713 4958
27046 23811
27125 41792
45743 4958
19326 30013
41891 4958
34421 19000
39246 20311
40765 14712
19000 18681
49729 29139
40231 41304
18880 14712
10370 30013
9637 42510
40765 43013
16073 18681
1314 12151
45743 15992
6801 40747
41701 29139
41304 2192
6986 25865
6801 27697
19440 7560
24162 43368
16936 7560
37705 1888
41792 16936
31275 23811
1888 23224
49713 18880
24162 27125
29431 19141
40231 1314
42510 1314
19168 11961
8064 35887
14935 6986
35887 27125
2602 29139
6986 19168
41792 14712
3725 27697
19440 31275
6801 39802
18880 7389
12151 27841
42731 23224
40747 3725
6719 11961
18286 31275
43317 10629
1888 43013
27568 19168
39802 27568
10057 27046
19141 8064
11961 44245
1314 16073
8064 19326
2070 2602
19141 43013
14935 15992
3725 19535
42731 41304
45743 40747
173 19326
3545 41792
2192 15992
5499 15992
7389 18880
29431 7104
27546 39802
23682 4958
16073 9288
27125 19440
27225 8064
6719 33027
27225 1888
4711 42731
45743 19000
27125 48105
8064 16073
2285 6986
15992 27697
44109 19000
41756 4953
18880 48686
27841 39246
37133 10057
7389 38876
40765 27546
3725 6801
2070 3725
10629 38165
12151 6719
41713 38876
41701 19901
5268 40747
18286 2192
1888 19440
19440 18286
20311 30013
15992 49713
18286 41701
7104 11156
11961 9288
27841 40765
3545 14712
11978 37705
27046 11961
29431 7560
5499 19326
16073 37705
19326 34225
2192 29139
41891 7389
27697 173
41304 6801
43689 10057
2070 29139
23811 10629
2602 34421
1314 45743
27697 6801
35887 27046
27546 6801
34225 2602
7389 39246
34421 2602
12151 16073
43013 41792
23224 41701
35887 42731
23682 27125
42510 173
37779 30013
23224 4711
14926 16936
27125 11156
42510 27841
25865 40231
11156 9637
37133 37705
16936 33027
15992 2602
27125 40765
14935 40231
19440 38876
43013 27125
48105 14712
48105 10057
5499 25865
2192 3545
2285 43317
39802 173
18681 6986
14935 27841
19168 27125
7389 34225
11978 19440
37705 1314
41304 34421
43689 34421
37133 27841
29431 49729
43317 5499
2192 37779
24162 43317
27841 27546
46601 27125
41713 43689
41304 27546
37705 49729
34421 6801
6719 41701
41891 8064
19326 1888
27841 41304
27568 27546
19535 16936
41792 23224
46601 40747
27568 173
40765 42731
46601 11961
1888 37133
173 27568
42510 27568
19326 43689
29139 10370
25865 35887
37779 4953
41713 2602
34225 10057
46601 37779
27125 29139
37779 15992
7560 41756
37705 43013
31275 43368
49729 40765
4958 7104
43368 27697
24162 40747
39246 23811
27225 6719
24162 27046
5499 6719
173 16936
19901 1314
24162 45743
11978 14935
173 24162
19141 27546
38876 15992
7389 3545
29139 3725
29431 14935
19000 23682
40231 3545
16073 6719
23811 48686
11961 4711
23811 27568
43013 19141
33027 1888
30013 18880
18681 18286
10057 45743
16936 41713
40747 4711
19535 2285
2602 19168
41792 6986
14926 38165
41792 3725
49729 19141
4953 34421
4958 41756
19168 16073
3545 43368
19901 39246
8064 41304
9288 2192
45743 33027
31275 1888
49729 14926
35887 8064
37133 34421
6719 27046
41304 48105
11961 41891
4953 7104
14926 3725
29431 44245
11978 42731
30013 34225
20311 7560
7389 15992
38165 43689
30013 5499
18286 14935
41713 11156
10629 46666
34225 30013
37705 33027
43013 41756
34421 10057
23224 25865
39802 1888
37705 18286
27046 49713
9637 44245
2192 48105
1888 46601
14935 38876
41701 20311
19901 11978
6801 23811
44245 42731
29139 41701
14712 27546
5499 48686
23682 19168
6801 38876
23682 27046
19901 2070
42731 16936
38876 41701
14926 43368
43013 19901
18286 41792
23811 15992
5268 27568
19326 12151
1314 43317
9288 38165
9637 1888
40747 11961
31275 46666
38165 19000
7560 5268
7389 43689
2192 19000
19440 27046
27697 38876
33027 34225
15992 2192
46666 29431
1888 27568
19440 6801
45743 14935
10057 38165
49713 9288
3725 40765
44109 6801
41891 14926
19168 16936
2285 45743
18286 2602
41891 2602
27546 2602
10370 48105
41756 19168
48686 18880
18880 37779
37705 27546
19326 3545
33027 6986
27841 34421
23682 14935
4953 41891
43689 11156
38876 6719
27046 43317
2602 19440
43368 7560
35887 45743
44245 10370
39802 19000
19141 11978
48105 10629
2070 27568
15992 20311
27225 11978
46666 27697
4958 41891
7560 11961
42510 48105
40765 173
18286 41756
27841 27697
30013 19326
2602 3545
35887 18681
16936 11978
27697 37133
49713 1888
41713 29431
41756 7104
1888 41756
43689 46666
23682 27225
1888 12151
14712 27697
19000 40231
14712 44245
23682 35887
44109 1888
27568 6986
19141 7389
43368 40231
37779 27841
19535 34225
24162 48686
37133 19326
27841 49713
23224 27841
41713 44245
12151 10057
2285 27697
11156 2602
42510 40765
19168 27841
40747 1314
49729 43013
10370 19535
43013 20311
23682 49729
44109 41713
19000 6719
39802 38165
4958 44245
6986 33027
18286 41891
43013 48105
41713 30013
8064 48105
9637 14712
41792 38876
43689 6986
38876 19535
35887 43317
27546 29431
10057 2285
39246 49729
45743 29139
10057 42510
34421 35887
14926 5499
37779 49713
16936 29139
16936 6986
37779 27225
41756 37705
16936 6801
7104 15992
11978 19901
4711 14926
18286 6801
2602 40231
1888 37779
31275 19901
37705 2070
46601 33027
11978 4953
41701 43368
44109 11978
42731 16073
18880 30013
37705 24162
38876 3545
5268 2192
43317 2602
48105 37133
10057 7560
27546 20311
6986 38165
43013 24162
38876 24162
33027 29139
9288 1888
19535 11978
2070 46666
37779 11156
9288 43013
2070 4958
19440 41756
31275 48105
10057 43013
38876 19000
14712 37779
5268 14712
48105 7560
41701 40231
3545 41304
3545 49729
23682 37779
10629 9288
18681 4958
37133 41713
5268 10370
7389 46666
6719 38165
45743 49729
31275 6719
4953 10370
45743 6986
7104 4953
6986 37705
44245 40747
37779 8064
3545 4711
7389 11978
19000 45743
38876 40747
14935 19000
8064 37133
5499 27697
18286 1888
39246 11978
14712 6801
20311 44109
11156 19141
4958 38165
11961 42731
23224 7104
3725 30013
2285 41713
37133 1888
24162 35887
41701 31275
45743 27697
27568 40231
42731 41891
15992 43013
1888 173
9637 173
25865 2192
41756 44245
3545 2285
48686 40765
43317 29139
37133 16073
49729 37705
18286 41713
40747 16936
27841 19535
3725 4711
19535 4958
18880 46601
8064 19168
10629 40231
40747 14926
4958 1314
19326 18880
3545 18681
27546 48105
10629 8064
2070 1314
37133 23682
27046 7389
41792 31275
27125 15992
4953 5499
39246 48105
43368 11978
43368 23224
19168 9288
23224 37705
29431 3725
2070 46601
173 16073
1314 11156
2070 11156
34225 38165
14926 7389
10370 6801
2285 40747
9637 19168
6801 41891
1888 48686
18880 5268
6801 29139
41891 41713
6801 37705
44245 27046
11156 8064
19141 39246
27046 2602
7104 30013
41304 42731
44109 18286
12151 19440
37705 6986
5268 5499
38876 7560
39246 43689
46666 18880
12151 27568
30013 44245
33027 8064
6801 41792
1314 49729
23811 43317
20311 2602
9288 27125
41891 41304
27546 4958
33027 12151
10057 14926
27046 27546
5268 10057
10370 20311
8064 5499
33027 37133
33027 39802
5268 6719
2602 14712
6986 41756
7104 31275
3545 10057
43689 39802
44109 38165
42510 14926
27568 41792
29139 8064
42731 18880
37779 40765
3545 41701
27697 34421
23811 16073
6986 16936
38165 38876
2602 41713
3545 30013
4711 6986
35887 1314
43689 42731
10057 5268
27046 45743
29139 40765
15992 10370
6719 43689
27225 173
49729 1888
5268 23224
3725 173
37779 43368
4711 40765
10629 19168
27697 7560
18681 34225
19535 10057
10629 39246
15992 4958
23682 9288
42510 19168
173 40747
34225 39246
37133 9637
27125 14926
46666 33027
43368 38165
7560 15992
29139 27046
43317 24162
3545 2602
34225 4953
24162 7389
7389 29139
19535 33027
5499 2070
16936 38165
27046 38165
25865 11978
173 38876
18286 7104
41891 27697
10057 14712
19440 42510
41701 39802
1888 39246
27568 11961
11156 1314
43317 43689
3725 19901
23682 42731
6986 18681
2602 46601
23811 16936
48686 27841
15992 19535
7560 10057
38165 29139
39246 38876
29139 10629
5499 7389
11961 14926
7389 2192
43368 9637
46601 41891
44245 40765
9288 4953
43689 49729
40765 4958
43368 1888
29139 49713
40231 2602
4711 27841
30013 1888
24162 5499
1888 11961
23682 33027
29431 27546
18286 39802
27841 173
6719 34421
49729 12151
37779 46666
41891 46601
30013 20311
5268 25865
38165 30013
20311 43689
6801 44109
5499 2602
25865 19326
2070 7389
42731 7389
40765 9288
6801 41701
10057 173
43689 2192
5499 1314
35887 25865
18681 16073
29431 5268
40747 35887
19901 10057
27225 20311
19168 19326
14712 16936
43013 42731
1314 4958
18880 12151
25865 19000
44245 9637
37779 2192
5268 11961
37779 10057
43689 41713
27568 2070
8064 39802
41713 20311
39246 43013
5499 29139
41891 19901
46601 8064
44245 31275
4711 41792
44245 9288
19440 27225
46601 27697
5499 43013
24162 37779
7389 23811
31275 27046
4953 42731
19000 41891
10629 38876
14712 43689
16936 12151
46666 41701
16936 19000
4958 11961
9288 16936
27697 45743
41756 7560
42510 35887
27568 38165
37779 41304
19901 49713
39802 2285
19141 15992
27546 12151
41792 23682
49729 27546
41304 14935
19326 41304
38165 46601
20311 38165
6801 3545
14712 39246
35887 16936
43013 19326
14712 23224
41304 38876
6801 48686
38165 43013
41756 27225
41701 1888
48105 6719
19535 19168
6719 7389
5499 4953
6986 46666
29431 3545
41891 33027
41701 46666
5268 19000
41792 41891
37133 41891
27225 6986
40231 7104
10629 3545
2285 10370
40747 27568
11156 12151
19440 8064
27841 10629
43689 44245
3545 12151
4711 41891
11978 2192
14712 27125
12151 14935
11961 2192
34225 41713
2070 24162
27125 39802
6719 37779
7389 49713
2602 27568
42510 4711
9288 46601
6986 45743
48105 2070
20311 48686
41792 38165
25865 41756
35887 38876
38165 11978
27225 2602
19326 19168
1888 23682
49729 38876
34421 3545
40747 4958
12151 41756
38165 5499
40231 2070
2602 49713
9637 27546
19168 40231
41304 2285
19326 5499
33027 27697
49729 4953
1888 29139
6801 45743
44109 5499
31275 29431
18880 6801
34421 7389
37705 14935
6986 27568
9637 11156
18286 27046
27697 41756
19440 9637
4711 23224
27568 27841
27225 9637
6719 14712
49713 7389
38165 37779
6986 2602
11961 27046
34225 14935
23682 37133
41713 27697
34225 29431
14926 37133
8064 27225
3545 27568
41891 46666
6719 4958
37133 49729
1314 43689
7389 19168
33027 41756
34225 3545
44245 48686
38165 43317
10057 12151
25865 6986
16936 19901
35887 7104
48686 42510
6986 34421
41891 43689
1314 23811
34225 16936
7389 19901
27841 29139
1314 19168
38165 12151
33027 19168
18681 19440
49713 2070
39246 18681
39802 37705
42510 10629
33027 44109
27841 6719
9288 44109
6719 5499
43368 4953
3725 20311
19000 41713
43317 40231
43013 27046
40747 10057
49713 9637
43317 30013
15992 3545
7560 48105
19901 10370
5268 27697
19141 23682
6986 23224
27046 11978
40765 6801
41756 46601
46601 43368
19440 14926
34225 37133
41701 41792
14712 30013
41304 5268
18681 38876
18681 27546
19000 14935
41713 19535
27697 8064
48105 27841
3545 27546
19535 5499
6719 27546
25865 11156
19535 40747
18880 34225
27046 173
23811 27125
14935 3545
19535 43317
41701 3725
16073 6986
41792 43368
49729 19440
41713 34421
35887 41891
27546 24162
44245 34225
14712 2602
49729 2070
2602 44109
44109 48105
5268 29139
31275 27568
11961 16073
14926 40747
46666 6801
49713 14926
23682 27546
12151 11978
7560 10370
37705 18880
6986 7104
39802 12151
34421 10370
43013 46666
4958 37705
18681 24162
40231 5268
16936 27568
48105 6986
3545 27046
9288 19535
9637 6986
27046 5268
44109 42510
5499 43689
43689 44109
2285 29431
49729 23682
10629 49713
12151 27225
2192 41756
6801 23224
25865 40765
6719 19141
29431 27125
27046 6986
2070 11961
43689 29431
27046 1314
4958 43317
4958 2285
1314 40765
43317 1888
5499 42731
7560 34225
19000 7560
19535 14935
10057 41792
41701 4958
49729 27841
5499 19440
19168 1888
4711 35887
2070 43368
4711 14712
45743 38876
33027 29431
23811 41891
19141 27697
40765 20311
34225 42731
18880 4711
41891 6801
43689 20311
42510 42731
6986 38876
3725 38876
19901 41701
14926 27225
15992 37779
42731 6719
23682 2070
14712 19440
27225 23682
43689 3725
42510 43317
43013 16936
40747 10370
42510 19535
23682 39802
173 41756
9637 2070
27841 30013
5268 4711
41701 33027
41304 15992
40765 41891
39802 41792
19535 2602
42510 37133
49713 40747
19440 23224
10370 41304
39246 5268
27697 27841
12151 19535
23224 42731
40765 3545
16073 41891
6801 24162
1888 3545
6986 6719
27697 27125
9288 3545
2602 29431
44245 29431
23224 16073
41756 43317
27697 30013
37133 42731
27546 38876
27125 37779
44245 43013
9288 7389
49713 14935
27225 2070
27225 44245
18286 2070
20311 37779
16073 27568
11978 7104
10629 11978
41713 39246
38876 29431
49729 33027
4953 44109
19901 5499
9637 37133
48105 5499
6719 37705
46601 19000
19535 15992
41756 18880
19440 19535
27697 24162
44109 9288
2070 10370
2070 15992
3725 35887
3545 6719
41891 23811
14935 39246
25865 14926
42731 25865
10057 38876
14926 49729
46601 29431
2285 23224
38876 2285
27841 4958
41756 29431
35887 27697
49729 41792
11961 48686
46666 16073
45743 18681
41304 41756
27697 48686
27546 3545
6719 43317
40231 41756
15992 27841
41304 41701
30013 48686
42510 44109
19440 24162
27841 1314
46666 27125
40765 23682
38165 27125
9288 35887
41713 42510
43013 43368
4953 18681
46601 37705
2070 43013
38165 40765
46601 16073
7560 35887
44109 40747
34225 27841
3545 40747
23811 41713
45743 41713
41304 16073
14935 27568
35887 11156
49713 23682
4711 24162
11961 23811
27568 7560
43368 18681
10057 2602
31275 23682
40747 41792
7104 5268
41701 10370
40747 7104
10629 27046
46666 10370
27546 6719
3725 43368
2602 9637
10370 27568
33027 38165
41701 2285
27697 4958
41304 4958
40747 48686
8064 19000
45743 40765
19440 2285
12151 40747
41792 8064
19168 37133
12151 18681
6986 19326
23224 43689
19168 19440
18286 18880
27125 16936
29139 38165
49713 38165
16073 44109
20311 16936
27225 3725
6986 44109
48686 19440
34421 40231
27568 6801
1314 34421
14935 2070
173 27841
9637 42731
48105 1314
19535 4711
11961 39246
42510 23682
41756 41701
42731 2602
9288 37705
4958 7389
7104 23682
40231 33027
6719 173
34225 11156
41891 18681
38165 27046
48686 27125
41713 14926
9637 19326
41792 19326
27568 6719
10629 43689
41891 39246
12151 14926
10057 15992
45743 19535
7560 8064
38876 33027
44245 10057
1888 27225
6986 11156
20311 27568
43013 7104
9637 29431
38165 19440
38165 33027
23811 11978
44245 37705
43368 11156
44109 3725
173 20311
44109 4711
4711 8064
41756 48105
48686 33027
20311 41792
19141 29431
18681 46601
5499 3545
27841 2602
41756 6986
9288 49729
30013 31275
37779 27697
19141 1888
27697 18880
40747 11978
41891 34421
30013 41756
23224 11961
9637 41792
40765 23811
19000 25865
41304 41713
24162 29139
42731 4958
43013 23682
42510 48686
23811 6719
23682 3725
38165 44245
19440 23682
23682 39246
4711 37133
24162 41792
14712 27568
4711 18681
37133 8064
19440 11961
49729 23224
39802 44245
5499 6986
41792 5268
24162 41304
48686 19901
37133 7104
9637 24162
34421 25865
16936 5499
10370 34421
19326 46666
6801 18681
29431 14712
9637 1314
41792 39802
10057 19326
46666 37705
2070 4711
23811 43368
23682 48105
39802 34421
19000 27841
46666 8064
23682 19901
39246 24162
14935 19901
18880 18681
43689 12151
2192 4958
27225 14712
43689 23811
41713 23224
19168 14935
18681 34421
38165 19168
34421 43689
42731 46601
7104 44109
31275 39246
2192 23224
41792 45743
40765 44109
19141 48105
173 46666
43368 18880
7104 19440
18880 43317
10057 19440
14935 6801
44245 41756
2070 11978
43317 23224
48105 14935
8064 41756
8064 18681
2285 38165
18286 40765
6801 1888
45743 27546
40231 7389
41756 37779
19326 6986
23682 24162
6801 42510
19901 43013
37133 4711
41756 16073
19440 49713
45743 11961
41701 45743
19000 11156
30013 6719
11156 27841
5499 12151
31275 16936
8064 42510
37779 14712
10629 41304
23811 40765
19326 4953
37705 19440
2070 35887
1888 19000
23682 23224
37705 3545
23224 15992
2192 4953
42510 4958
19141 19326
11156 6719
2285 42731
27125 18286
14935 23682
48105 18681
43368 48686
24162 44109
27697 12151
24162 2192
7560 43368
35887 19326
38876 29139
44245 49713
37779 6719
37705 40747
25865 9288
41701 39246
19000 27046
15992 7560
2602 33027
2285 2602
10629 25865
7560 42510
16936 11961
7389 27568
23682 2192
37779 31275
20311 1888
19168 4953
24162 6986
20311 5268
11978 7389
25865 49729
41701 37779
16073 44245
44109 41792
39246 19440
45743 18286
7560 29431
9288 2070
41701 34225
4711 41701
2285 42510
24162 23224
34225 45743
6986 9288
40765 27225
19326 4958
27697 38165
14712 10370
27841 6801
20311 40765
27225 37779
34421 27125
41713 27046
6719 16073
20311 19168
46666 7560
16073 8064
2192 4711
14926 23811
33027 40747
43689 41304
8064 11961
5268 33027
2602 30013
41756 43689
27841 41891
18286 11156
16073 27125
46666 34421
2070 5499
19141 18681
48105 41891
37133 34225
40765 7560
46666 1888
41701 4953
44109 5268
34225 41701
19141 27841
27546 18286
40231 25865
27697 10629
39802 42731
14935 25865
37705 38876
19901 29431
18286 37133
4958 19440
11156 40765
9637 16936
25865 3545
18880 41713
37705 3725
18286 19168
16936 3725
10629 35887
39802 40747
2285 40231
6801 11156
3725 41701
40231 39246
41756 18681
19440 4958
34421 27046
19535 41756
43317 7104
39802 8064
10370 19901
9288 8064
2602 7104
15992 19901
2070 43689
6986 3725
46601 43689
16073 19000
19901 18880
37133 173
29431 24162
48105 2192
27697 14935
35887 2192
37705 10629
2602 16936
173 19000
41304 7560
35887 10370
34225 49713
11156 34421
37133 30013
45743 19141
24162 20311
27697 2285
23811 7104
44245 35887
27841 27568
19141 41756
29431 11156
7389 11961
29139 2602
19141 20311
30013 18681
42510 20311
41792 29431
33027 41891
2192 34225
40231 43317
14712 19141
49729 37779
34421 37779
48686 49713
27546 9637
18880 4953
5499 41756
39246 11156
43317 48686
44245 18681
49729 41701
9288 41713
23811 34421
3545 5499
23224 7389
31275 38165
37133 12151
9637 2285
2602 14935
41701 49729
37705 46666
20311 43368
2602 42510
2285 43013
37779 33027
3725 12151
43368 27125
23224 6719
27046 19141
6801 4953
27125 42731
40231 8064
5499 16073
39802 19440
18681 35887
23224 41891
20311 31275
24162 14935
7389 41701
4953 40231
19535 29139
3725 23682
41756 39802
19141 4711
49713 42731
7560 39802
41792 27125
4953 27125
6801 1314
18286 11978
43013 18286
46666 27841
6719 2285
20311 33027
42731 48686
19000 29431
6801 2285
46601 41701
41701 19535
6986 12151
7560 3725
27568 34421
2070 41304
4711 18880
34421 20311
41713 6986
45743 19440
4711 27125
12151 30013
27046 41304
16073 11961
40747 19141
41713 49729
19168 24162
7560 4953
41701 2192
46666 5268
46666 23224
19440 41304
31275 24162
38165 31275
11978 10057
25865 41891
4953 27225
37705 14926
39246 6986
9288 48105
1314 41756
9637 43317
10629 19000
19535 25865
11156 41792
19000 2192
3725 18880
173 27546
6719 49729
