8444
41660 6125
10864 34760
18471 35139
5083 4586
48852 18638
19439 4454
3791 19079
44864 37378
12801 43104
34024 5449
30961 48852
45370 41080
26918 37127
6985 7407
31437 17871
10485 4586
48852 31437
13938 35781
30302 3782
19439 21288
3782 8501
45585 31437
38747 44465
12801 10556
26918 24838
6125 35549
24099 47966
42027 8717
19079 5710
20663 8759
38224 16270
2431 42027
29265 20511
42027 30961
21288 36829
49358 44465
24099 14689
24350 23611
44465 41080
13938 6968
34914 18453
29121 24350
29121 30961
20663 24099
20088 5449
40600 6968
4586 17871
15824 40600
21288 10864
3791 10864
35549 19112
27680 7407
23611 4899
38747 4586
7350 34024
42701 4899
43552 42807
13076 34811
45585 29972
18453 41080
1848 30302
13002 7350
16257 39817
47977 41080
4609 14689
13938 21313
27680 10556
8759 11421
16063 10485
21776 16791
28284 35139
12454 23547
32281 22286
19112 47966
5442 29265
43326 38747
799 23161
29265 5449
35549 49046
23493 13938
27035 13614
37127 42027
16270 4454
3447 10556
1243 4045
38224 32885
40600 39006
11711 9186
48852 7407
10485 20663
49358 21499
1848 5512
23161 29121
19112 23161
16791 13614
35139 5083
7407 4045
7520 41080
19112 3782
39817 19079
16791 17871
3042 46721
16257 24350
23173 46721
17871 44531
41660 27035
35693 34811
44531 21288
4899 5442
28284 3042
18453 28284
9186 44864
10270 36279
30838 5449
49979 12454
19190 28284
6968 49358
7350 19112
35139 6125
21499 34811
17871 39817
45585 21288
21816 21776
44465 19439
21288 44465
34914 41080
41080 3447
30302 3791
27035 21776
5083 37127
19273 23353
34914 10270
19835 14689
20088 7520
799 10864
20088 11926
3042 5083
5083 37378
5191 8759
23576 6985
16257 8717
14448 36279
2431 8717
13938 11926
34760 39817
21776 40600
18471 3782
34914 49046
5033 34760
35410 39006
41660 19439
34760 35693
17871 18471
24838 49046
49358 10864
11926 14448
8717 12801
5512 8759
35370 45585
4586 28284
20511 43552
10556 24099
14448 10864
7350 5710
3042 35410
30302 21313
8759 23353
45370 799
24099 5191
5449 34760
40600 38747
20663 17871
8501 24838
39006 23161
19835 23493
4045 4454
11711 8717
30961 4609
27035 978
48009 4045
48009 24099
5442 26918
20663 12801
5710 36195
10864 5710
1243 45585
44531 35370
49426 29972
18471 33152
21499 22286
13002 6125
35693 45495
3782 49358
23161 5442
34914 21499
30838 10485
1243 44465
29265 35549
24838 21499
19079 6985
45370 36195
7407 21288
21499 42807
44465 23353
24838 23173
34024 7520
24838 21288
29265 35410
2431 21313
13938 21776
16257 41080
19112 14689
48852 23576
21499 28284
47966 29121
24350 36195
29121 32885
34811 45370
34914 23173
23547 23611
23493 29121
5083 5442
32281 43552
23547 18453
3042 41660
36829 34760
27680 13614
12801 29121
34024 44538
978 4045
20088 17871
34760 40600
20088 47966
17149 18453
34760 12801
34914 14689
18453 30302
49046 6968
21499 13002
21776 36195
43104 42701
29121 19190
5512 34760
42807 47977
38747 41080
34811 3791
43104 37127
18787 5083
11421 24838
16270 978
32885 5710
12801 28217
12454 2703
35410 20511
4454 7407
14448 4609
32281 5033
9186 19112
17871 23353
29972 11711
21776 5442
19190 21499
44538 16257
17149 4899
12801 13938
41660 29121
46721 48852
12801 38224
34760 33152
34914 16270
42807 44864
13938 19079
44538 5083
4586 42027
42701 20663
5191 30302
19187 5710
19273 34914
34024 48852
44531 30302
3042 10864
27680 20663
13076 8759
30838 44465
6125 10864
30961 27035
24099 11926
19190 36195
13076 7407
47977 10864
2703 43104
34811 19190
5449 4045
19835 3042
13614 5710
18453 47966
36195 21288
24350 30838
36195 11421
34811 4045
8759 19079
38224 24838
8717 20663
34024 35139
36279 29121
14448 21288
45314 35549
11926 18471
3782 19273
14448 37378
5442 21776
21499 41660
21776 6968
49426 28284
3447 42027
19273 18787
18471 8501
49358 42701
49979 35781
23161 11711
22286 17871
37127 5512
16257 44465
39006 1243
9186 21288
7018 41080
29121 5083
13938 21499
10485 42701
24350 32281
16791 30961
24838 43104
7350 12801
11711 34024
30961 34760
28284 8759
23161 36279
30302 49979
48009 32281
18453 30838
44465 48009
4454 5033
3447 4454
8501 35139
8717 5442
48852 34914
30961 5710
49358 21313
5449 19439
49426 38747
33152 35410
1243 18453
43552 30961
37378 24350
4586 49979
20663 6985
3782 10485
2431 16791
43104 45585
23611 48852
16257 13938
978 5442
5512 35370
47966 2431
4045 44465
1243 20088
36829 14689
17871 43326
23576 15824
16063 48009
35370 41660
4586 45370
21313 7520
4045 5191
24838 13002
2431 12454
42027 41660
9186 45495
14689 49046
42701 23161
19079 5442
23493 49426
41660 14689
23576 24099
17149 35370
30302 8717
29121 29265
34914 19079
41660 24099
23576 38747
6968 26918
19190 38224
10864 42027
28284 5033
23161 35781
32281 17149
49426 43326
12454 41080
8501 36195
13076 11421
10864 5449
34914 23547
14448 5083
29265 7407
42807 19835
24099 44465
45495 39006
40600 44538
45495 11711
16791 43104
8501 34914
24350 16063
30961 42807
27680 34760
27035 49979
8501 48852
12801 23547
32281 28217
49358 19190
23353 41080
9186 7018
35549 34811
20663 14689
40600 23547
14689 16257
36829 5033
13614 3791
7350 44465
36279 17871
4586 34914
23547 29972
43326 21288
45585 3042
19835 30302
4586 47966
16791 13938
4454 799
43104 7407
19079 35139
29265 23173
45370 2431
23611 18471
8759 4586
16063 10556
14448 16063
42701 8759
34914 2703
5033 36195
14689 19835
10485 11926
6125 48009
5710 24350
23493 18787
44531 19187
10485 18638
49979 21499
49426 23611
24350 42701
11711 44864
49046 23611
5033 18787
45585 21816
13076 23161
28217 23547
49426 19112
24838 35781
44864 23611
6125 19273
24350 41080
19835 11711
23173 2703
44864 44465
39006 8501
17149 49046
10864 22286
35693 35549
42807 4609
38224 18471
16270 39006
18453 799
7350 12454
30961 41660
31437 42807
2703 44864
44465 11711
42807 37127
31437 16270
3782 23161
4454 7520
27035 38747
23576 7350
39006 23547
16257 21313
48852 40600
35370 3791
26918 23161
43552 49046
24099 21313
20088 43104
38747 799
18471 11421
21313 36195
20088 5083
4045 48009
9186 5033
47977 12801
2431 32885
19273 31437
3042 15824
12801 6968
41660 30961
8717 41660
4586 5442
20088 27680
24099 2703
33152 2431
30961 30302
45495 10270
2431 14689
44531 17871
4045 42807
13002 27035
31437 6968
18638 21776
22286 39817
23547 30961
9186 1848
5512 23353
5449 3447
24350 26918
22286 13076
28284 43104
34024 5191
28284 18471
34024 29972
41080 5033
23547 23161
21816 18453
46721 3447
28284 6968
29972 35370
21288 35549
10556 37127
38224 42807
39817 24099
42027 5710
18638 49979
46721 12454
16063 8501
27680 1848
8717 28217
3042 32281
18787 5449
36195 27035
21288 37378
19112 23173
37378 14448
799 26918
32281 7520
40600 23576
24099 34024
43552 9186
28284 11926
24350 35693
6985 16063
18453 3447
19190 3791
6125 27035
18638 5083
18787 30302
18787 2703
16270 43104
16791 35781
43326 32885
20511 28284
38747 23547
20511 19273
8759 12801
7350 9186
44864 20088
47977 13002
14448 7018
38224 3042
5083 19835
23576 39817
43552 21288
24099 42807
23173 33152
35693 23353
43326 799
24350 29265
13614 10556
47966 39006
5191 34914
45314 4899
21816 27680
14448 49046
11926 36829
36195 35693
47966 4586
3791 6968
13614 47966
36829 31437
31437 2703
37127 9186
44864 5710
23353 13002
4899 30961
49979 45314
21288 24838
42027 36829
23493 36195
24838 22286
1243 13002
16063 29265
23161 43326
23493 21313
13938 16270
12801 49046
41660 5512
35781 1848
34024 34760
42027 20511
15824 31437
36279 5710
44864 46721
45585 5083
2703 23493
18453 23547
5512 21776
44864 36195
16270 5442
48852 35781
799 978
11926 6968
28284 23547
39006 21313
3791 4899
23547 3447
44864 29121
43104 30302
35410 29972
6985 30302
5033 6125
5449 29121
49426 33152
44538 19112
36829 12801
32885 45495
19273 8717
34760 21313
17149 9186
6968 5083
5512 21499
13002 18471
21499 43552
49358 34024
12454 45585
11926 16270
35781 8759
5449 49979
35693 7018
40600 10270
978 35139
24350 28217
23173 34811
21313 21288
5191 43552
7350 49046
1243 5083
5083 45370
35139 5710
13614 20663
13002 41660
28284 4609
7350 44864
3042 19187
43104 23353
45585 18638
48009 44531
5512 48009
2431 26918
45495 26918
18453 49426
11926 10556
9186 35781
14448 43326
35549 34760
47966 5710
21313 4609
36279 36195
10270 22286
6968 5033
21288 3042
37127 12454
27035 11926
12801 19079
20663 32885
21816 11421
45370 18638
4045 20663
11926 44531
44465 27680
34914 44531
30302 47977
11926 44864
48852 38747
2431 30961
33152 24350
3782 18471
5449 13076
23576 4586
47977 20663
38747 21313
3782 3447
23161 18453
32281 42701
5449 35370
17149 33152
47977 48852
24838 11421
23493 42027
1848 44531
35549 978
16791 44864
41660 23493
1848 16270
23576 8501
29265 7350
6985 28217
41660 47977
37378 6985
1243 45495
36829 45495
18453 12454
24350 11711
35549 13002
28217 23493
23353 6968
42807 5033
35370 978
13002 10864
17149 1848
4045 45495
47977 11926
22286 45495
44531 29265
35370 32281
21776 16063
47966 49426
48009 5449
37378 19079
19187 41660
27035 45495
5710 35139
6125 16270
37127 42807
23547 1243
49979 7520
1243 2703
37378 27035
44465 43326
18471 42027
16791 3042
39817 34024
26918 4899
24099 24838
35139 38224
16270 34760
48009 33152
42807 4899
43104 23547
5512 43326
34914 20511
27035 32885
44864 17871
5083 10270
28284 47966
5442 47966
38747 29121
35139 18453
4609 3447
11926 2431
6985 10270
35781 9186
36829 18471
13614 44538
47977 16063
30961 23611
11711 49979
8501 35693
18453 23611
7018 39817
35549 11926
7407 14448
36279 35781
19190 48852
19079 8501
39817 7407
48852 17149
45585 48009
4899 4609
48009 22286
23493 799
15824 28284
21776 42701
17871 3447
48009 1243
18471 11711
35781 23493
32885 6968
48009 40600
19079 33152
9186 1243
18787 16791
35139 11421
19187 48009
35549 1243
10864 36195
30838 44531
21499 20663
5710 5442
35781 35549
7407 44531
7018 13938
42027 23611
35549 37127
4454 11421
19273 13076
34024 7350
44465 18787
41660 8717
35410 4045
5442 13614
35549 40600
4609 38224
4454 49426
35693 4586
23493 5710
27035 20511
19079 28217
34914 16063
41080 45585
5710 19079
12454 30961
19112 18453
3042 13076
44465 18471
21776 23353
18787 15824
32885 46721
45585 4586
3782 21499
19079 15824
35781 47977
4586 40600
799 29972
40600 3447
33152 5442
44864 21816
3782 23353
16791 7350
3782 8759
18787 45370
1243 46721
29972 49979
19439 18471
23173 47977
9186 29972
45495 43326
4454 5442
3782 44538
45314 39817
13938 45495
23161 7407
2431 30302
17871 44864
29121 16270
34024 7018
11711 37127
32885 21776
30961 49358
799 21816
3782 5442
23576 23611
8759 18471
12454 44538
43104 1243
33152 4586
10270 24350
19273 35693
23576 20511
19835 29972
21288 21313
19273 20663
799 7520
42027 35410
3791 16270
799 30838
38747 10864
21288 49046
17871 3782
30838 17871
35410 7520
22286 45370
7018 17871
14689 17871
5512 14448
34914 29121
23576 21776
14689 18638
4586 43104
35693 1848
32281 8501
10864 11711
13614 29972
36195 13076
18787 38747
32885 12801
6968 18787
38747 16257
21816 48009
49046 37127
42807 48852
978 38224
21816 20663
28284 18787
17871 30961
13614 16270
21313 21499
19187 29265
27035 44864
38224 26918
10485 13614
6985 6125
36195 29265
24350 15824
3782 19439
26918 44864
2431 31437
19187 42027
23161 1848
5191 23611
19187 19835
34024 37378
16063 7407
49046 11711
43552 13076
15824 14689
33152 36829
1243 18638
21776 29121
11421 16270
23173 21499
26918 44538
5449 47966
19187 43552
26918 28284
49046 27035
5710 24838
8759 48009
10864 48009
21288 42701
36279 24099
3782 38224
27680 49358
6985 4586
5710 18787
12454 21816
36829 27035
45370 3782
23547 5512
45495 10485
21313 27035
18453 39006
44864 24838
29972 24099
6968 27035
38224 23353
16063 8717
13076 19273
18453 42807
3042 20088
10485 45585
11711 2703
18471 5033
5449 49046
49979 35410
24099 12801
31437 19187
2703 44531
43552 35549
31437 28284
35693 16257
19835 1243
27680 10270
3791 35410
29121 10270
16063 35410
17871 26918
23173 15824
23353 29265
23161 39006
49358 12801
7350 13076
49046 3791
30838 45314
36195 5191
5033 23173
16270 24350
5512 26918
15824 39817
3447 11926
20663 42807
39006 21499
29121 2703
44864 5449
19835 44864
43326 23493
39006 47966
20088 21288
18787 39817
24838 7350
23611 42807
35370 35781
20663 3042
48009 44864
17149 39006
38224 33152
11926 23547
18453 35410
32885 5191
3042 36829
11711 16791
27680 18453
16270 19273
17149 5512
8501 33152
34024 12454
10270 36195
8717 6985
20511 29265
10270 12454
21288 30302
20511 27680
19273 37127
16257 33152
11926 27035
2431 29121
45370 5191
5442 44531
6125 34811
21816 7520
21288 4586
21816 18638
31437 19439
13938 23173
24350 18453
5449 16270
16791 34811
30838 6125
19273 20511
23493 41660
43326 46721
19079 14448
29121 1243
19079 27035
8759 2431
21288 30961
47966 4899
5191 10270
13002 2431
10270 47977
8759 30838
4586 18471
21499 34024
30961 3782
4899 39006
26918 7350
30961 14689
13002 5512
21313 21776
48852 39006
4045 16257
49358 38224
24838 45314
18453 1243
45314 23611
42701 24350
37378 41080
13938 45314
29972 45314
36829 41080
36279 44531
9186 4586
12801 47966
7407 35410
9186 45585
35410 23353
3042 38747
5512 32281
44465 799
16791 16257
38224 29265
5033 5442
37127 43552
32885 42027
2703 21288
4045 11421
34914 19112
11926 24350
4609 18471
33152 27680
19439 4899
42701 41660
10556 20663
2431 17871
31437 40600
4045 7350
18787 5442
49426 10864
49426 6985
23493 5191
7520 38224
13614 8717
24099 35410
34760 10270
17149 19835
32281 47977
49426 42807
28284 23161
45585 37378
11711 13938
19439 7407
45314 14689
4454 31437
799 23547
49046 37378
42027 36195
7407 23547
45314 18787
23353 27680
5710 16063
5442 20663
17149 7407
24838 30838
11421 5083
7520 13938
36279 48009
41080 21288
18787 19439
8501 23173
1243 33152
7350 5512
20663 39006
44465 35139
42807 3791
17871 14689
21816 19273
35410 44465
10556 49979
43552 48009
15824 19079
35370 38747
7018 35693
45495 21288
34024 3791
1243 29972
19439 24838
34024 16791
47977 2703
20088 31437
43552 20511
17149 19190
23173 28284
23576 28284
42027 2431
18638 44465
18787 3447
32885 38224
23173 47966
48852 21499
5083 33152
48852 46721
2703 35693
23611 34811
13002 23161
49358 44531
23493 11421
16791 23161
35370 24099
45495 35781
2431 13614
46721 22286
20511 34811
9186 48852
3791 5512
35693 21313
43552 18471
20663 5710
23576 48009
4586 10270
6985 47977
16063 6125
42701 19273
43326 44864
44538 35410
28217 28284
29121 10556
33152 7018
49358 48852
5442 44465
17149 7350
14689 21288
36829 29972
29265 35693
40600 34914
23576 3791
18638 19439
1848 6968
28284 30302
799 28284
21776 5083
2703 45585
23547 9186
799 2703
27680 8501
28284 5191
13002 19190
20511 11711
44864 20663
5512 20088
5449 4609
49046 17149
19273 19187
42701 32885
44538 15824
42027 19439
17149 23493
23173 24099
11421 12454
24838 8501
8717 32885
2431 37378
49979 36279
20663 44465
38747 8501
1848 3042
35693 23493
4454 19273
21499 5442
24838 3791
23576 35410
42807 49046
21313 5083
3791 18471
45495 4609
9186 7407
44864 43104
13614 19187
44864 19273
48009 17871
5191 42701
5083 5710
2703 21816
3447 29121
45314 16063
13614 4899
13002 5710
30961 11926
19079 19187
10556 34811
6968 32281
20511 1243
22286 48009
10556 4045
41660 12801
5191 44465
3042 7018
7407 48009
40600 23161
17871 30838
45495 44864
42807 34024
16791 34024
41660 29972
978 34914
21313 7350
41660 37127
44864 7520
7018 10270
29972 49358
20663 8717
23547 22286
36279 42701
37127 49046
36279 19112
44864 4454
46721 29972
35370 33152
4454 45585
44465 5449
10485 38747
2703 20511
5512 10864
5033 14448
30961 22286
21816 22286
45370 23611
799 19187
13002 20663
5033 24838
35139 8759
4899 6985
48009 24838
36829 5191
21816 29121
5512 16791
19079 2431
10556 7520
49046 10556
23576 29265
21816 38747
10556 13076
21816 47966
23353 29972
38224 1243
10556 44465
19190 19112
41080 17871
799 37378
3791 7018
2431 21776
23611 22286
26918 35410
18638 978
8717 22286
43104 43326
49426 978
23173 29265
35410 21288
4609 43552
37127 5191
799 47966
5191 45495
47966 45370
23353 11421
6968 40600
3791 36195
4045 49426
15824 21816
19190 46721
799 32281
42027 30838
28217 5033
8501 32281
48852 20663
4454 19112
9186 5449
38224 45585
21499 19439
19190 43104
35693 10556
4899 47966
34811 3447
4586 38224
11711 45314
23611 13076
7018 11926
14448 40600
36829 42807
16791 45585
36279 43104
35370 36829
35693 43104
14689 48009
11421 23576
23173 13938
44538 24838
44531 10485
6968 45314
23353 6985
49046 49358
19835 19439
44531 47966
49979 8759
48009 8717
4045 47977
26918 5710
36195 10270
10556 799
8759 34760
24099 43326
35370 11711
19187 1848
10270 13938
978 24350
27035 4899
5191 20088
29121 12801
19835 13938
2431 11711
3791 5083
24350 28284
34914 39006
14448 35410
29265 44538
16270 34811
11711 26918
37378 49979
7018 42807
23493 14689
6125 35370
4586 23493
14689 45585
10864 29121
49358 23576
10270 20511
16270 44531
27035 8759
44531 19190
36829 30302
11421 43552
45370 35410
6968 30838
43104 4454
13614 49046
799 5191
19079 4609
5033 35549
1848 21499
4045 41080
799 13938
27035 41080
35410 23173
33152 23611
33152 13076
4454 18638
8717 17871
14448 4454
13076 43104
35549 30302
23161 799
6985 32885
12454 7350
34914 32281
45314 29972
28284 20663
40600 20511
34811 48852
5442 29972
17871 19112
11421 29121
33152 18638
9186 30302
35370 3782
3782 16257
5710 44465
39006 20088
45370 44531
22286 16257
30961 16270
20088 7350
23493 48009
35410 1848
35410 49426
29121 41660
5033 41660
17871 35693
4899 42807
19112 38747
6125 49426
6985 17871
20663 40600
39817 27035
23161 16270
10485 10864
13002 3791
41660 49358
41080 4586
12454 22286
28217 23173
3782 39006
30838 39006
48852 23173
11711 19190
21288 19112
35693 4045
20511 47977
11926 29972
45585 44864
49979 37127
12801 18453
16791 21499
49358 3447
45585 24099
49358 6985
18638 24838
16270 45585
16791 23493
2703 45495
29972 16063
27035 5033
38747 7350
45585 2431
26918 34760
36195 36829
14448 18638
20663 799
29265 13076
36195 42807
4586 30838
18471 6985
18453 19273
46721 4899
18638 15824
14689 23576
20663 18453
7520 49046
44538 4586
35139 49979
31437 30302
17149 4454
38747 35693
4609 13938
31437 18787
3447 4045
44531 23493
18453 45585
3791 31437
13002 49046
1243 8759
4045 45314
29265 48852
14689 36195
34760 10485
44531 23611
29265 39006
15824 18787
7018 18787
43104 38224
5083 10485
8717 15824
22286 19273
5191 45370
35370 14689
28284 45585
41660 4586
18471 35693
35410 21776
29972 35410
28284 42027
30302 43552
12801 19112
29265 41660
30838 7520
4045 11711
16257 47977
48852 12454
29121 21816
16063 6985
27035 12454
11711 39817
3447 19187
10864 1848
13076 13614
24350 44538
18453 47977
4899 12454
36195 45585
10270 35139
7407 45370
36279 24350
23611 23353
36195 30302
22286 49426
11421 6968
22286 42027
15824 16791
5710 30838
43552 4045
5033 32281
11421 5449
47966 34760
3447 36279
23611 28217
11926 33152
5033 2431
5083 34760
5083 41080
13938 10864
3791 18453
28284 34024
7520 19187
11421 13002
28217 34914
1848 8501
37127 4045
16270 4899
45585 34811
35693 19439
35693 27035
6985 12454
3447 23173
23576 35139
21776 8501
45495 44538
30302 34811
6125 7350
28217 22286
41080 3042
21499 45585
11926 22286
3447 19273
35410 16270
35781 23547
5710 34760
35549 32281
23611 3447
41660 1848
48852 38224
4586 39006
10556 45370
22286 13938
30838 35549
21776 6125
30302 45585
21776 3447
18453 45370
16257 42701
19439 1848
1848 4899
47966 33152
16270 34024
4045 19079
35549 19079
30838 42701
19190 22286
44864 35693
29265 1243
16257 5191
14689 34914
42027 10270
12801 5191
35549 3042
5083 23493
45370 22286
7350 11926
3447 49358
19112 34760
36829 35370
9186 37378
20511 43104
20088 43552
11421 10864
3791 39817
36195 799
23611 30961
12454 13938
23173 21776
46721 19273
2703 10270
16791 3782
5449 38747
42701 30961
45370 19190
24099 19187
1848 3447
30961 4899
23493 49358
20663 36829
6125 49358
1243 8717
49358 2431
26918 37378
4609 28217
27035 39006
45495 35139
42701 10864
10270 46721
10485 11711
5449 3042
1243 35549
799 17871
16257 27035
28217 35139
799 5449
17149 37127
42027 5512
19190 38747
10556 7018
15824 3042
16257 22286
36279 16257
24350 24838
23173 19835
3782 44465
24838 14689
39006 799
7350 35781
22286 4609
28217 43104
23611 39817
38747 35370
1848 23547
41660 43552
48852 37378
1848 23173
34024 29121
28217 34811
44465 16791
40600 49979
42701 29121
35139 23576
2431 978
5710 27035
45314 21816
34811 10485
19439 49046
44538 43326
37127 10485
15824 27035
6985 13002
35410 13614
1243 6985
10864 20663
5191 19273
20088 39006
10270 44538
10270 10556
16257 19112
33152 11926
49046 20511
24350 44465
19079 22286
27680 20511
13614 23493
34024 8759
10864 27680
3042 4609
48009 3042
35549 14448
23547 16270
16791 27680
20663 7520
38224 19187
11711 13002
18453 7350
8501 19439
45314 49426
48009 35370
16270 29121
20663 36195
35549 2703
11926 10270
44538 34024
23173 34914
37127 4609
44538 6985
18453 19190
48009 31437
44531 35693
41660 35781
10864 49358
4899 799
7350 43104
42807 4045
6985 16270
18471 19439
5033 37127
3782 47977
19112 35781
24099 3782
20511 35693
19190 23493
44465 5710
12454 21499
35139 40600
49358 49979
23576 21499
978 19273
7018 15824
23547 18787
42701 18453
23353 1243
19079 35781
19273 7350
43104 22286
7407 13002
43326 11711
42807 24838
7350 45585
30961 6968
6985 27035
36829 24838
31437 49046
7407 39817
27035 30838
11711 5442
30302 17871
49358 49426
19112 39006
40600 42027
19112 16270
34760 36829
3042 35693
30302 35693
47966 12801
23576 44864
13938 7407
44538 34760
34024 11421
23611 11926
8717 11926
15824 49358
23353 19835
30961 8759
18471 44465
4045 21816
21288 43552
34760 44531
19835 21288
36279 35139
44465 44531
28284 6985
21776 17871
5449 21776
23576 31437
23353 43104
10556 18471
46721 978
23173 6125
42807 8759
18471 19112
10270 37127
7407 17149
20663 19112
1848 21816
35781 19835
38224 30961
27680 46721
35549 42027
39817 12454
21499 32281
39817 30838
7520 6985
40600 17871
23161 4454
3782 28284
2703 26918
27680 27035
49979 36195
11421 3447
47977 35781
5449 7350
4045 10556
2431 23493
49979 24099
13002 47966
19187 44531
37378 5033
21313 23493
48009 12454
18453 21499
7018 5442
31437 8717
19187 39006
19079 43326
13938 6125
1243 49046
36829 45370
34914 45495
13614 7018
5033 8717
32281 14448
35410 35781
27680 37378
13938 39817
16257 17871
23161 23353
16270 46721
39817 1243
31437 9186
15824 43326
14448 2703
24350 33152
5083 28217
35139 19187
35410 22286
3791 8759
29972 28217
34914 21288
12801 23576
15824 23611
16063 36829
8501 799
32281 34811
24350 45314
2703 19190
18638 23173
11421 46721
14448 30302
45585 44538
39006 35549
21816 5512
3782 7018
6985 32281
4045 16063
21776 16257
11926 19187
14689 44864
24350 5033
7350 31437
11711 21288
39006 23173
32885 6125
44465 1848
13076 39817
19273 42701
21313 19835
34811 26918
7520 19273
44531 39817
42807 35549
7350 41660
13938 13076
29265 17149
15824 11926
43326 14448
44538 42027
21288 4609
4899 7407
35549 4899
5442 4609
18787 3791
23611 6968
12801 23493
29265 40600
10556 29972
18638 18453
21499 2703
10270 32281
39817 10270
16063 13002
13076 39006
5033 23576
8501 15824
5710 7018
10864 21816
44465 10556
8717 6125
16257 1848
48852 34811
27680 3042
42027 38224
21776 13614
49426 23576
38747 3042
18787 10556
14689 14448
6125 19079
8759 35693
48852 23547
28217 10270
5442 5512
13076 21816
19273 26918
11711 30302
8717 12454
43552 5512
7520 23161
41660 37378
27680 19112
32885 5083
35693 18787
5710 46721
35693 30838
45495 36195
34914 5083
19273 24099
17149 18638
36195 12454
1848 38224
9186 43326
36829 37127
11421 2703
23611 30302
23611 27680
7520 49358
21313 46721
10485 41660
10485 48852
45585 36279
45585 42807
19835 10485
35139 19835
40600 19439
30961 23547
29972 34811
16791 21313
28284 3447
8759 21776
6985 42027
2703 16791
30838 24099
16257 37378
5710 23353
1848 43552
7350 3791
28284 34811
23611 13614
978 16791
45370 30302
18471 36195
43104 3042
48009 4586
33152 18453
7407 14689
30302 17149
34914 8501
41080 46721
24099 1243
44531 7520
44864 18638
20663 15824
23493 3447
39817 18638
28284 17871
12801 799
40600 30302
6968 7407
9186 14689
6125 41080
31437 22286
5449 18453
43552 5083
22286 3447
7407 29121
1243 48852
5033 38224
31437 28217
38747 5512
19187 16063
7350 4899
43104 49426
38747 20088
20663 23547
14689 11421
42807 39817
49358 42027
38224 45370
7018 48009
21313 23161
29121 24838
42807 21816
32885 28217
49979 44531
34811 8759
799 49046
5512 35410
5442 21816
49979 30838
36829 1848
23493 18638
37127 44465
21816 10556
7018 20663
7350 35549
11711 42027
23161 44531
27035 43326
4454 34024
38224 42701
21499 1848
34914 1848
3782 19079
39006 43104
5083 30838
43104 42807
5033 21313
978 45314
34914 13076
35693 6968
8759 47977
7350 23611
6125 2703
10270 4454
2703 5083
26918 19190
35781 30838
4586 42701
23611 19273
8759 24350
12454 29121
10270 44465
978 35693
5449 38224
11711 30961
29265 21313
34024 34811
39817 49046
4045 5512
49046 34024
799 34024
10556 1848
28217 44465
34914 16791
19112 20511
32885 13614
35781 29265
30302 28284
26918 11421
10270 1243
4609 10485
21288 20088
23611 49358
36279 49358
16791 10864
7407 19187
23353 30838
35781 4609
34760 21776
18787 36195
18471 29265
18471 17149
28217 35549
14689 36829
20088 19112
45314 16791
19187 13002
19079 11926
45314 22286
5033 43326
18638 49358
28284 6125
799 20088
30838 34024
31437 38747
8501 20088
3791 35781
43104 13076
31437 10485
13614 28284
34914 30961
3042 21816
46721 24350
6968 29121
29972 36195
4609 10556
5442 18787
29972 31437
8717 5512
35370 21816
4899 16791
10485 39817
42701 44538
21499 23161
4609 21288
41080 29121
3447 6985
7407 10270
34760 11711
19079 4454
48852 44864
47977 27035
6985 24350
12454 49358
4609 3791
20511 23353
5033 23353
15824 13002
19439 4045
18638 38747
49046 19190
36195 37127
14448 12801
44465 37378
34760 46721
19273 45370
21499 31437
42027 14448
42701 44864
44538 2431
3447 35139
23161 27035
29972 4609
27680 4045
21313 48009
5083 29121
4586 9186
4586 45585
30302 37378
18787 26918
26918 1243
47977 42701
36829 21313
15824 29265
6968 20663
35693 19187
44538 3791
20088 12801
48852 15824
5512 37378
3782 16270
5083 34914
19187 36195
16257 30838
49046 46721
23493 30961
18471 48852
4586 5191
10270 48009
47977 38747
44538 23611
10485 35370
21816 45495
41660 45495
1848 17149
47977 45585
23173 41660
41660 16791
799 27680
19835 16063
1848 21288
49426 8717
39817 4454
23611 35370
34024 46721
23353 11926
30961 16063
42027 6985
34811 20663
16257 7520
6125 36279
8501 37127
35781 23353
45314 5442
33152 45495
34760 45495
18453 5033
14689 44538
21816 30838
4899 23547
38747 7520
7407 16257
19273 8501
16063 19187
19835 18453
23493 7350
36195 49426
799 18638
39817 23576
34914 32885
15824 21313
11926 21816
45314 1243
26918 3447
42701 3791
19439 21776
2431 23576
12801 36195
19439 23353
19112 5083
43104 6968
19187 43104
44465 29265
45495 21776
44538 46721
6968 37127
799 16063
12801 35370
6968 11926
8717 23493
38747 43326
37378 15824
19439 24350
19112 44531
4586 12801
31437 23161
38747 35781
41660 10864
42807 24350
3782 35781
8717 3791
36279 7407
10270 4586
47977 23493
33152 5083
978 17149
38747 43104
35139 19439
12801 3042
41660 45370
12454 6968
19190 34760
5191 47966
24350 24099
5710 39006
34811 35139
13076 3042
3447 11711
27035 4586
35549 7407
10864 30838
17871 23493
33152 32885
43552 23547
13614 5442
4586 7350
42807 14448
18638 29265
36195 34760
39006 29265
19439 19187
38224 17149
48009 45314
6985 11926
28284 47977
19190 2703
28284 5449
5710 16257
19439 8717
7520 42701
23547 37127
49358 43552
22286 30302
2431 48852
20511 17149
23576 30838
24350 7018
7018 36279
21499 35139
5449 42807
45495 4899
45495 43552
38224 27680
35781 28284
18471 37378
35781 14448
23576 12454
20511 5191
23353 45314
44465 20663
21288 5033
4586 4454
36829 16257
14689 34760
44465 19112
16270 13938
32885 23576
38224 16791
13938 5033
23173 31437
21288 10485
20088 37378
7350 22286
33152 13614
37127 34760
42807 21288
4899 24838
19079 26918
18787 12801
19190 30961
45370 39817
4899 6968
33152 30838
19273 18471
49426 30838
6968 23611
48852 19835
8501 5512
41080 35370
49046 23576
49046 40600
18471 4586
799 14448
38747 12801
31437 5191
28284 7018
27035 29265
35370 16063
20088 1848
40600 14448
9186 21776
38224 28284
18453 8501
16063 23493
31437 5083
37378 44465
13938 5191
5442 40600
43552 34024
19273 7520
11711 7350
21288 41660
12454 11711
14448 20088
42701 20088
5033 4609
8759 44465
11711 12454
34811 18471
13076 23493
45314 26918
27680 32281
23611 49426
16257 8759
45314 3447
38747 23161
49358 34760
18453 37378
28217 3042
8759 21288
799 9186
17871 10556
16257 23547
3447 43104
34811 16257
36195 34811
18471 18453
16270 39817
7407 11711
6968 7350
34760 24350
46721 28217
28217 24099
19190 37378
42701 15824
42027 11421
34024 5033
48009 799
49358 11421
13614 39006
35549 8717
38747 16791
43552 978
23161 34811
38747 10485
45314 5191
35410 6968
2431 6985
34811 5512
19112 17871
29972 19439
34811 32885
16257 19187
23161 17149
48009 35410
6125 18471
24838 28217
47977 31437
32281 17871
36279 8759
23611 3782
37127 22286
49426 35693
5191 10556
5512 15824
11421 38747
18453 35549
3447 27035
44531 49979
13614 6125
20088 10864
14689 13002
37378 35410
33152 35549
26918 30302
11421 35139
49358 26918
18471 38224
4609 34760
5191 11926
26918 44531
13076 10864
44531 5710
5033 10864
21776 49426
46721 43552
19273 36829
15824 34024
49426 18638
978 14448
43552 46721
6968 8501
43104 48852
19187 19079
34024 19190
23161 45585
19835 49046
1848 10270
23161 20663
5033 5449
44864 47966
23611 21288
49046 7018
41080 35410
21776 34024
3782 5083
16063 18453
19190 15824
35781 42027
13938 2431
17149 34914
40600 48009
13076 20663
41080 20663
16791 19112
19112 18638
7018 21288
11711 10864
36195 47977
44531 7407
34760 36279
44538 16791
35139 1243
16063 44531
42807 5512
10270 24838
48009 47966
19273 6985
39817 48009
9186 5191
13076 799
30302 14448
46721 45370
35370 16257
44864 21776
38224 5083
3791 978
11711 21313
10485 43552
23576 6968
29121 20088
23173 37378
10485 2703
21288 19273
10485 21816
34760 21499
19190 18787
6968 42701
4899 34914
3791 21499
32281 13076
10864 15824
36195 23576
21313 34914
23576 43104
38747 18638
35370 48852
23576 18638
23611 16791
44465 44864
17871 20511
1848 34811
19187 34914
5033 1848
5449 8717
43104 19439
18471 10864
3782 27035
38224 35693
21313 31437
18453 9186
3791 44465
10270 49046
23173 44465
23493 978
8759 35370
34811 28217
10485 38224
19439 12801
32281 33152
2703 4454
31437 23173
17149 6968
14448 44465
34914 4609
7018 16791
27680 11421
5710 11711
31437 3791
36279 19187
45314 978
19112 49046
7350 43552
13002 11926
19190 19439
5191 44538
5449 15824
8759 13002
36279 19273
27680 5449
7520 7350
45314 799
19273 6125
14448 35549
16270 16791
36279 1243
13614 5083
4454 45314
19835 19273
29121 18471
6985 13938
23547 19112
23161 48852
23173 32281
48852 43104
24838 44531
48852 3782
4045 24099
45495 38747
4586 5033
40600 7520
18453 35693
29265 8501
19439 9186
14689 2431
11421 20663
11421 10556
18453 38224
10864 6985
23611 23547
5442 4586
17149 39817
38747 26918
19112 799
5033 24099
1848 4609
13938 19273
49358 45495
978 49979
49979 10864
18787 8717
44864 31437
21816 3447
45585 19273
20663 5512
43326 43552
5442 4045
16791 18638
13002 35139
43552 19079
33152 10270
48009 16063
30302 27035
24350 4454
13938 1243
22286 39006
45370 45585
13076 30961
35549 30961
31437 5442
29972 13938
31437 18638
15824 4045
35370 49046
16063 37378
19439 5512
19190 5512
799 21776
12454 38224
36829 10556
23547 49979
23173 4899
11421 5710
9186 35410
12454 21776
33152 21776
19112 19190
19190 23353
36279 12454
5710 13938
18453 5710
24099 28217
7520 24838
41660 34914
47966 35410
21499 36195
42807 45585
21499 4609
23611 21499
9186 45370
978 799
2431 38747
4609 1243
20088 18471
28217 24838
3782 45370
45495 39817
37127 15824
18453 11711
44864 33152
15824 13938
8759 39817
19835 28284
17871 20663
18471 6125
19112 4586
28217 32281
49426 21288
32885 2703
18471 21776
31437 13076
5191 3782
42701 24838
37378 49046
11421 9186
49979 11711
49046 14689
3791 13614
39006 15824
2431 7018
9186 6968
10270 49979
16791 24350
8501 20511
44538 9186
27680 4899
29121 7018
21499 49358
19079 17871
23353 18453
4045 11926
36195 45370
47966 42807
23353 31437
48009 37127
36829 17149
36829 35781
35139 41660
49979 17871
46721 27680
4454 47977
2703 37127
49046 42701
29265 23611
4045 31437
28284 21816
10556 7407
8501 5710
42027 23173
34811 47977
45370 13076
12801 22286
13002 21313
34760 35781
29972 21776
12801 39817
978 32281
9186 13076
20511 5449
37127 20511
10864 35693
34024 45314
10270 19439
9186 7350
10556 33152
21499 8717
46721 48009
36279 23576
20511 45370
1848 35410
12454 34811
3042 35370
13002 23611
4899 4454
18638 3791
32885 14448
30961 21816
36829 19079
10864 23547
7018 46721
5710 29265
24838 23576
8717 32281
16270 19187
35693 17149
47966 13614
29972 49426
49358 29972
4586 35410
11711 42807
47966 29972
8501 30302
4045 35139
47977 24838
35693 43552
13002 29121
11926 16063
35410 23611
49979 5710
44465 7018
13076 28284
21499 16791
39817 8501
42701 43552
10485 3791
23611 43326
30302 18453
34914 3042
39817 45370
21499 10556
30961 11711
4899 27680
6125 29972
34760 7520
24099 5710
5442 11711
41080 5710
49426 16270
40600 3042
4609 32281
18453 32885
13002 42701
3782 7350
36195 20088
18453 20088
8759 21313
9186 21313
5083 18453
6968 43104
21499 23173
29265 34024
16270 33152
13002 34811
2431 43326
23353 22286
31437 1243
13076 42027
45370 4609
22286 8759
21288 799
19273 12454
21816 38224
45585 6968
27680 13938
4045 23611
20663 33152
16063 20663
10270 23173
21288 3447
799 49979
41660 38224
3042 18453
26918 30838
37127 32885
28284 27035
29121 42027
8501 28217
27680 30302
8717 31437
36279 11926
19190 6125
37127 12801
5033 47966
19190 43326
19079 34914
19112 30961
46721 49426
30838 42027
978 1848
35693 45370
44864 30838
16791 44538
24838 34914
7350 26918
43552 19187
27680 16257
21499 24350
4454 12454
49979 49358
11926 27680
7350 47977
45370 5033
49046 14448
49046 36279
4586 14689
11711 49358
23161 3791
4586 48009
38747 38224
23353 10864
4454 13938
46721 20511
19112 49426
20511 43326
24350 36829
35370 17149
14448 5512
5191 21288
44531 24350
33152 35370
44465 42701
34914 8759
3447 34760
42701 5083
31437 35410
8717 5083
35693 44465
26918 46721
19190 23547
13002 23493
14448 24838
39817 5449
6968 4454
16791 48852
21499 30838
7520 36195
48009 7350
8717 13614
18638 6125
49358 28284
18471 21313
36829 30961
38747 47977
36195 17871
10270 8717
17149 4586
21776 41080
43104 30838
47966 39817
42701 8717
5191 35139
10270 41660
14448 1243
3782 45585
34811 2431
5083 6985
4586 46721
4899 16257
38224 31437
4609 44465
11421 13076
2431 18787
23576 44538
34914 5033
37378 42807
41080 8501
28284 48852
29265 42807
41660 21816
26918 40600
6125 10270
35139 16791
42701 19112
27680 4454
5083 18638
21499 5191
16063 29121
5442 978
3042 8717
48009 47977
12454 30302
35781 5442
19079 20088
49046 24838
17149 49979
35139 35549
8501 2703
6968 10556
13002 26918
3791 43552
21776 43552
30838 36829
20088 13002
43326 26918
14448 32885
15824 3791
35549 43552
21499 18787
3042 5512
14689 8759
21499 13614
1243 22286
5191 3042
21816 39817
14448 29972
23161 46721
3447 10485
4045 42027
40600 24838
23173 27035
3042 42701
30302 49046
10485 19273
23353 13938
34024 19835
35549 44531
31437 11926
13938 18471
7407 49979
40600 6125
44465 47977
29121 31437
13614 18638
44864 18787
3791 47977
11926 6125
10556 34760
5083 42701
21499 33152
17149 5083
11711 3791
7018 19439
7520 36829
23173 45314
19079 19439
43104 2703
36195 6985
13938 42027
16270 19112
21776 10270
15824 48852
23173 23611
2431 19187
17149 30961
47966 17871
35781 44465
18471 18638
2431 22286
19835 44465
5449 27680
16257 10864
43326 23547
19273 2431
4899 35370
44864 12801
19273 19190
49426 35410
41080 23493
36829 10485
38747 30961
7407 5033
8759 3042
21499 21288
5449 5512
35370 43104
20511 30838
22286 32885
45314 47966
24099 14448
41080 22286
29121 43326
35139 4454
38224 799
44538 18638
38224 15824
21816 35693
4586 1848
13614 34811
8501 23493
10270 23611
34914 33152
27035 28217
39817 7350
5512 41660
6125 8759
35410 41080
21288 5710
4609 16063
23173 49358
7350 45495
37127 4899
20088 34760
49046 28284
13076 12454
6985 41080
35139 18787
15824 35549
4454 7018
8759 16257
35410 46721
21499 16257
47977 23353
8717 24099
32885 24350
21288 1243
4899 3791
34760 43104
7350 35410
35139 35693
35410 19190
12801 20511
41660 49979
22286 29972
45495 7407
12454 3042
35693 17871
47977 13076
45314 23547
36195 4586
34024 24099
5512 13938
38747 14448
18638 33152
19835 5191
5033 19835
5512 19835
5442 20088
21776 23493
26918 4586
4609 21816
1848 49426
11926 13614
18638 44538
45495 24838
20511 5033
43326 21816
10485 21499
34024 40600
18471 35549
36195 7350
4045 49979
36195 44538
4586 49358
13076 5442
20663 12454
35410 18638
39006 43326
5442 36829
47977 44864
8717 5033
19835 31437
35410 37378
23353 6125
27035 35549
44864 30302
30838 30302
11926 8501
19079 13076
3791 2431
8717 26918
13002 19835
45370 23547
35549 26918
39817 36829
23493 24838
20088 38747
16791 41080
12801 14448
32281 15824
9186 23493
19079 38224
13002 45585
1243 43326
35781 11711
23493 16257
26918 19439
799 14689
26918 4454
30961 6125
49426 44864
35781 32885
24099 19835
5442 7018
34760 2431
39006 21816
16257 38747
21313 1848
13938 35410
5512 20663
45495 38224
21313 35410
3791 15824
24350 1848
20511 19439
23161 6968
7407 13076
13614 20511
34811 19835
23611 45585
21313 13076
978 5512
13002 43104
2431 799
20663 45495
14689 23547
35139 35781
18787 28217
2431 35410
3791 45314
19835 10270
29265 42027
32885 42807
35370 34024
35781 10485
13002 45314
21288 18787
29972 34914
1243 35410
11711 38747
36829 34024
12454 16257
21288 24350
35549 36829
36195 8759
23611 39006
23493 40600
2703 30838
27035 35410
19079 16257
29265 47966
7350 6968
5512 42701
4454 24350
49358 32885
23576 2431
10485 10556
18638 49426
17149 35693
43104 17149
26918 2703
49358 18453
45585 1848
45585 30838
10556 26918
39817 18453
39006 18638
1848 12801
7520 45585
41660 2703
49979 13076
3782 5033
30302 19079
24838 42701
20663 29972
4045 6125
10485 31437
45495 32885
19112 42807
6985 13614
42027 24099
16063 4045
6985 23353
28284 23576
24838 16063
13002 12454
5083 44864
18787 49979
35549 7520
19835 38747
18453 33152
4899 22286
29265 21288
5512 35139
5083 45495
15824 4609
24099 35370
12454 19112
23353 45370
34760 15824
43104 21776
8501 44864
11926 39006
11926 40600
23493 37378
30961 19190
29972 42027
1848 30838
49426 17871
19079 7407
43326 29972
42027 24350
30838 49426
35781 34811
43326 19112
41080 44864
11421 18471
13938 31437
36829 29265
7350 19439
17149 35139
49358 19273
36829 19835
799 12801
23611 9186
23173 5449
18638 44531
30961 17149
5191 4899
12454 28217
32281 48009
36279 37127
23493 18471
20511 4609
10864 16063
19112 27680
3447 39817
48852 44538
22286 16063
48009 34811
29265 4454
49426 16791
45370 8759
1848 19187
5033 44864
2431 9186
48852 48009
39817 35139
21313 35139
4609 45585
48009 21499
4899 43552
47966 1243
23611 16270
3791 28284
19187 30961
22286 3782
10270 19079
18638 29121
799 36279
32281 48852
23547 4454
42701 5033
43326 29121
36279 11421
5191 7407
29972 5191
13076 31437
5710 35781
19079 1243
30302 28217
7407 30302
14689 48852
35781 47966
24838 42027
21816 43552
41660 7018
47966 11926
19187 19190
41080 13614
7018 6968
7018 27035
8759 4899
36829 11926
19439 7520
7018 34024
10485 24099
6985 799
17871 11926
4609 10864
45495 2703
8717 16270
29265 36279
4609 12454
17149 16257
5512 38224
27035 6125
21499 1243
17149 5449
13002 22286
34811 23161
21499 14448
4609 18453
45495 47977
30302 41080
38224 29972
8759 5512
8717 5710
49979 23353
5512 47966
8759 21816
19835 13614
13614 19835
28284 4586
29972 5449
19273 21499
34760 43326
18453 42701
41660 33152
29972 3791
35370 1243
16063 42807
44531 38747
3782 6125
34760 49358
44538 27680
4045 43104
41080 19273
35693 21499
43326 21313
11711 41660
18638 9186
13076 23611
37127 17149
5710 36829
23547 4609
14689 42027
13076 5033
10556 39817
1243 35370
36195 2431
36279 11711
12454 8759
4609 44538
8717 49426
5083 30302
45314 10556
10485 36829
5083 36195
20511 23547
13938 10485
23611 36279
34760 21288
2703 8759
34914 5512
44864 39006
24099 23547
17149 10556
45370 10556
3791 19112
30961 18787
38747 40600
978 45585
2431 47966
30838 3791
5442 11926
3782 29265
40600 44864
13002 35781
8501 4609
3042 48009
29121 36829
35410 35693
35693 35139
10864 48852
44538 45314
30961 19439
44864 19190
6125 41660
44538 19079
21288 14448
30961 35549
30961 16257
18471 28284
47966 21313
29972 30838
41080 44538
48852 10556
23173 19190
21776 44538
37127 19835
30961 40600
26918 2431
38747 42701
9186 38224
17871 28217
7350 36829
17149 35410
27680 26918
23353 16270
49979 18787
48009 41660
30302 33152
5191 28217
42701 978
36829 20088
24099 12454
10556 23353
45370 19187
8717 7350
4454 3042
20663 35410
36829 32281
10270 21776
1848 7520
43552 18453
49426 45370
13002 31437
10556 19835
18787 34760
7350 20663
24838 24099
4586 18638
10864 19273
12801 5512
4045 15824
13002 44465
30838 13076
35410 28284
49046 41660
38224 1848
24838 18471
10864 49046
44531 32885
47966 45495
45314 23576
23353 14448
43552 10270
30838 5710
2703 23173
17871 45314
44864 5191
38747 45495
2703 3782
3791 48852
5449 8759
39006 38747
42027 19079
8717 23161
7350 38747
3042 42807
21288 36195
28284 40600
44538 42807
5710 16791
4454 3791
12454 20663
29265 16257
19079 16063
49046 7520
29265 38747
23547 8717
29121 19079
20511 36279
41660 1243
19112 12454
28284 42701
8759 3447
46721 1243
45495 47966
3042 2703
16063 5710
49979 19273
39006 34760
45370 8501
37378 21313
24099 16257
23493 34024
13938 5710
40600 41660
799 18787
8501 30838
49046 21313
23353 28284
46721 42027
23547 35549
23161 44538
28217 16063
35549 35781
45314 5512
23547 35781
23611 26918
36279 978
5083 17871
38747 1243
29121 14448
8759 40600
20088 34811
37127 16257
23173 18453
4899 5191
24838 38747
24099 34760
27680 21816
41080 33152
8501 35781
35693 49046
29265 14689
38224 18638
6985 6968
39817 26918
23611 47966
20663 17149
3782 36195
23611 28284
26918 17149
21288 10270
48852 43552
23576 32885
4045 3791
10864 6125
799 34811
36279 49426
6968 45585
37378 19112
19835 37378
26918 32281
45495 7350
35139 34811
10270 13002
41660 23161
34024 49046
33152 11711
16270 23611
4586 48852
37127 49426
43104 33152
48852 24838
23161 3042
19112 32281
35781 7350
29121 45370
18787 16257
47966 10485
29972 19190
16270 5512
23547 26918
21288 42027
10864 38747
21776 35549
12454 21288
17149 45370
43104 43552
18471 16791
32885 3447
36195 24838
40600 47966
5710 21313
20663 48852
31437 35370
8759 35139
7407 28284
5083 3791
29972 6968
34024 47977
13002 14689
21313 4586
38747 13614
45585 33152
47977 35370
23493 39817
23611 34914
45495 8717
45585 17149
14689 19273
45585 5512
46721 4609
1848 27035
1848 23493
10270 49358
23547 23173
2703 49979
42807 23173
16257 3447
4609 40600
5442 23173
21313 12801
4454 36279
19190 34024
20511 49979
44538 7018
18471 15824
35410 34914
49046 21816
16257 23161
34024 14689
8717 2703
45314 35781
3782 1848
24838 40600
30838 35410
49358 38747
19187 38224
29121 10864
35781 32281
11711 6968
19112 30302
19112 26918
10270 4899
16270 49426
5442 18471
37378 42701
38224 34760
39817 40600
799 19112
14448 33152
5442 22286
28217 7018
19835 45585
36279 3782
43326 16257
18638 42027
45585 10864
5033 24350
21816 23353
19273 7018
20088 48009
47977 6985
12801 21499
10270 2431
2431 5033
45314 29121
7520 21313
7520 35410
35139 45495
5191 10485
19112 44465
799 42807
19079 35370
34914 12801
3782 19190
14448 31437
39817 33152
19079 41080
16791 43552
10864 18787
24099 3042
19112 46721
23173 2431
978 19190
41080 49358
7350 44531
49046 8717
1848 7018
23547 36829
13938 38224
5512 45370
29265 37127
27035 36279
5449 17149
30838 7018
21499 7407
21776 21499
9186 36279
44531 4454
21776 36279
4899 41660
24099 11711
19190 42701
19835 23576
17871 13938
23576 23493
2431 34760
7018 16063
41080 19112
13002 24838
3447 45370
30302 34914
11926 19273
11421 19187
13614 48852
19190 12801
32281 10485
5033 43104
45314 30838
39006 17871
47966 13002
17149 11711
32281 21816
35139 11711
23576 5033
13076 36195
23353 1848
40600 33152
18453 43104
18787 43326
14448 23611
20088 5710
5033 11926
15824 20663
43104 38747
42027 23576
13938 23493
35693 20511
16791 11926
7018 4454
29265 43552
29972 23611
39006 21776
5449 21313
35139 10556
34811 9186
6985 24099
47966 19439
6968 16257
34024 35549
34914 23576
13002 24099
38224 7520
33152 19079
19835 5442
47966 21776
35781 44864
4454 38224
28284 21776
5512 7407
13614 34024
6968 4586
24350 6985
799 19835
32281 35370
21816 28217
15824 3447
44864 21499
30838 14689
23493 45585
13614 15824
43552 7018
28217 23161
42807 29972
13002 30838
23353 4586
36195 41660
42027 7018
30961 28217
35781 12801
19439 3791
49358 4586
23161 49426
3042 27680
49358 14448
30302 21816
41660 4045
24350 34914
15824 35370
16791 19439
18453 19079
14448 45585
19079 49358
19079 31437
21313 30302
37378 46721
5083 3782
34024 28217
4586 34024
24838 27035
30961 37378
10485 5033
14689 33152
16791 10485
35781 13938
11421 34024
23173 13614
17871 34024
13938 10556
10485 16270
15824 11711
43104 30961
43552 29265
11711 21776
8501 7350
39006 45314
23611 45314
5442 35549
43104 11926
23161 19439
23173 21288
28284 4899
799 19439
5083 43104
4899 30302
45314 27680
3782 23576
45495 35693
18453 16270
8717 21816
24350 19187
19835 42027
43552 48852
31437 42701
34760 23353
18787 24099
18787 35370
17149 42807
21313 20663
21776 13002
27035 35139
47966 47977
23611 23161
18471 26918
11711 8759
23493 27680
21776 16270
34914 9186
28284 10556
43104 5083
45495 3042
11926 30961
18787 30961
6125 5083
30961 44465
18638 7018
19439 17871
27680 3782
23547 12801
19190 28217
36829 43326
49979 23576
28217 41080
28217 42807
39006 37378
43326 6968
24350 39817
41660 47966
6968 11421
49979 17149
23576 11926
49979 36829
18787 23161
45370 19439
49979 11421
2703 4045
30302 799
7350 23493
47977 19190
5710 20088
23576 11711
11926 5442
39006 34024
6968 18453
799 35370
13614 16257
5442 23576
35781 42701
13002 43326
4586 44538
5710 4454
29121 8501
35781 21776
10556 3447
10556 13938
44864 5083
13938 43552
5449 10485
34914 23493
16257 16063
8501 35370
7520 6968
44465 36279
18453 34760
5083 6125
42701 38224
2703 29121
28217 19079
35781 35410
4609 47966
8501 45314
26918 23493
6125 22286
23353 44465
35549 30838
11421 11711
4586 8759
13614 31437
38747 19112
24099 49358
11711 20511
36195 3042
19187 16791
35370 18638
8717 19190
11711 8501
5449 17871
8717 47966
21313 39006
30838 13002
3782 7520
41080 16270
29972 1848
8501 23576
11926 18638
3447 41080
19187 978
28217 45314
29121 35693
4899 19112
29972 44538
42807 34760
34760 17871
21816 35139
5449 23493
45585 16791
16063 49426
17149 8501
13076 34760
19079 30961
7018 30838
43326 36829
36829 978
47966 36195
6985 48852
9186 5512
35693 14448
32281 13938
38224 30302
10556 11926
40600 3782
19190 3447
32885 41080
16270 2703
23353 38747
11421 35549
17149 10270
16257 5033
3782 6968
47977 21313
21776 11926
11926 19835
6968 24838
31437 49979
19112 11711
21288 16257
5033 6985
13076 6985
37378 24099
11711 13614
26918 39817
45495 33152
13938 43104
978 8759
19112 35549
17871 2703
1243 42027
47966 23493
5449 4586
18453 15824
35370 8717
5191 41660
5442 35139
11421 23353
38747 46721
14448 39006
1243 19439
21288 18453
36829 48009
34811 19439
29121 23493
11926 21499
49426 23493
35781 45370
21313 19112
17149 29121
2703 5442
7018 36195
32281 6985
7520 13614
21288 17871
42807 35693
2703 21313
24838 49979
16270 22286
49979 4586
9186 3447
45495 43104
32281 14689
28217 39006
36279 21288
18471 4899
10485 23353
978 13002
16063 36195
21499 12454
43104 23611
49046 48009
18471 16270
30838 3042
18471 49979
5442 12454
2431 49046
978 35370
13614 5449
978 11711
5512 48852
37378 3042
14689 49426
24350 7407
35693 3791
35410 23547
4454 2431
5442 10556
5512 5710
45314 5033
23576 10556
8501 16257
34914 7520
5191 36279
49358 18471
37127 49358
43552 41660
19187 13614
21288 44864
27035 34024
49979 12801
13938 35139
14689 30302
22286 4454
19273 33152
13938 6985
7018 29972
4899 34024
3447 43552
19273 21288
35781 21288
20511 13938
18787 5191
12454 48852
35693 37378
21776 37378
28284 29121
13076 42807
11926 21288
19187 23173
35781 36195
36829 3791
12454 29972
49426 10485
3042 19079
3042 43326
37127 21776
12801 14689
42807 17871
23493 18453
4045 23353
19187 28217
27680 42027
6968 20511
12454 15824
19190 49046
21288 2431
1848 34024
5083 21776
42807 10864
7350 1848
35549 21816
45495 45370
30302 49426
5191 17149
29972 43552
43326 22286
19187 14689
8501 20663
16791 6968
29265 3782
49358 45370
23353 49046
20663 28217
17149 38747
49046 43326
11711 4454
34760 38224
33152 12454
2703 13938
35693 29265
38224 10270
23353 23547
48009 5710
35781 6125
5449 7407
34811 16791
21776 19273
45585 49358
21313 6125
5191 26918
45585 30961
5512 24350
13002 6968
35139 1848
42027 3782
41660 32885
13614 11421
23173 28217
27035 13002
2431 10864
45495 17871
44864 16791
38224 18453
20663 41660
15824 16257
7350 36279
5442 30961
10864 24350
2703 20088
44465 47966
11421 7350
13614 37378
24099 27035
23493 23547
45585 7350
33152 16791
4586 44465
44864 8501
6985 11711
6985 37127
19439 5033
20663 35693
46721 34811
11711 11421
32885 44465
19187 47977
29972 37127
45314 18471
45314 11926
22286 23353
24350 29121
11711 20663
19439 41660
12801 11926
32281 19112
4899 34811
3042 19190
3782 49979
34914 11926
19273 43326
35549 44465
44864 14689
20511 30961
3791 7520
5442 49979
6125 6985
18471 20088
41660 21776
37378 45314
24099 4609
4609 36279
47966 18638
21313 20511
37378 20088
28217 49358
12801 26918
39817 4609
35410 36829
10485 6125
13002 10270
43326 23611
13076 14689
19439 13076
39817 21499
24099 16270
19273 47977
11421 5442
11926 36279
2703 21776
48852 27035
13002 16270
44864 34811
23576 35693
4045 34914
34914 30302
20663 34760
45370 43326
48852 10270
4899 13938
5191 7018
5033 6968
48009 10485
17149 1243
8717 16063
39006 19187
23353 36195
13002 40600
5191 27035
19079 18471
19187 33152
4899 5512
11711 7407
35693 28217
3782 15824
32281 27680
38747 48852
12801 34914
36279 20511
21776 44465
20088 9186
23161 32885
18638 19835
17871 10864
45585 40600
38224 14689
12454 23611
2431 34811
24838 43552
13938 33152
21288 48852
17149 5442
12454 36279
35549 41080
21313 6985
14689 5442
43104 7350
41080 23173
3782 38747
45495 32281
16791 8501
44531 40600
5512 34914
37378 36829
32281 28284
34811 43104
39006 44465
2703 15824
13076 48009
799 49426
9186 43104
4045 4899
24099 3791
7407 40600
32281 42027
23493 16270
23161 21776
8717 34024
37378 18453
44531 36279
1243 6968
41660 13938
35370 19835
4045 13614
16063 5033
42701 38747
7520 23547
21816 23493
1243 45370
3042 4454
26918 28217
19835 14448
23173 44531
19439 49979
23493 7520
7018 1243
3782 28217
3782 19835
38747 36195
44864 24099
23611 20088
45495 10556
23353 42701
34760 48852
32281 35549
19079 23161
36195 8501
21288 27680
7350 20088
39817 44531
18471 36829
44465 11421
9186 42027
18787 7407
44538 40600
30838 23611
978 29121
27035 30961
5033 23493
27035 37378
14689 49358
10864 35781
20088 36279
48009 35549
12454 32885
23547 44538
10556 30961
5083 43552
14689 3447
35693 32885
3042 11711
45314 37127
16063 5442
35781 20511
43104 20663
39006 12454
33152 20663
29972 44531
32281 11711
43552 45495
38747 37378
3791 28217
21816 799
45585 4899
36279 7520
27035 49046
45370 13002
7520 23493
44465 5033
8717 19835
32281 13614
19439 11421
49358 13614
23173 22286
10485 19439
28217 34760
5449 44465
1243 11421
36279 30302
22286 27035
15824 12454
48009 5442
19187 35693
46721 2703
8759 24099
36279 19439
49979 4454
32885 4454
2703 10485
26918 45585
16791 36195
7018 8717
37378 29972
45495 12801
21288 3791
8759 16791
16063 16791
37378 47977
19439 18638
24099 7018
21313 9186
6968 7520
37378 30961
14689 35370
7018 23576
23173 7018
23493 47977
42027 12801
7350 20511
45314 18638
23493 13076
42701 43104
5033 20088
32281 36279
5449 30302
16257 46721
8717 5449
19835 48852
10556 5710
18787 5710
10864 2703
21313 18787
35549 5512
45495 5512
23353 13614
29265 28284
41660 35549
19190 35693
7520 18787
3447 49046
30838 1243
3042 10270
5033 11711
16270 20511
35370 23576
4899 32885
3042 11926
48009 6985
5442 35781
13938 49979
49046 7407
34811 16063
5033 7350
35139 5191
26918 8501
6125 44538
22286 16270
3782 35693
5083 5449
45585 20663
24099 30838
23173 14689
14689 46721
32281 30961
1243 19187
18453 27035
7407 23161
40600 7018
4609 17149
15824 7350
19112 29121
49426 12454
27035 20088
32281 21313
29121 4586
30961 8717
43326 5512
19190 30302
34914 5442
41660 35693
799 12454
28217 3447
16257 45370
7407 13614
23493 36829
7520 21816
18453 16063
33152 45314
5442 31437
30961 24838
20511 34760
23576 41660
42807 32885
35370 21776
36829 18638
7520 29265
8501 9186
47977 10270
19112 23611
19079 40600
10864 34024
44531 19439
47977 24099
29121 9186
30302 45495
45495 14689
18471 6968
43552 4899
34811 35410
26918 11926
13076 27680
35370 13614
29121 7407
8501 49358
19439 6968
11926 43326
18638 19187
43326 39817
18453 3782
35410 29121
34760 14448
21313 6968
20511 978
14689 13076
45495 37378
7520 31437
40600 23353
43326 38224
47977 43104
1848 23161
24838 10556
7018 21499
21288 42807
6968 49046
23493 11926
19273 12801
34811 30961
23173 30961
19439 37127
45370 27035
34811 36195
13002 36829
4045 49046
20088 15824
12801 20088
34914 4454
10485 49046
21816 3042
43552 21313
11926 5083
41660 18787
21776 35139
14448 35370
43104 14689
35549 34914
21816 23547
45495 27680
7520 1848
42701 35410
40600 11926
35693 39817
19439 10864
11926 12801
23353 10485
17149 18471
2703 4899
29972 32885
10270 44531
45314 32885
42807 40600
28284 22286
3791 48009
21288 5442
2703 11711
1848 28284
15824 10864
21776 12801
978 10485
21776 27035
45495 15824
45370 19835
39006 5191
16063 40600
5191 19112
6968 799
42027 10485
3791 13938
16791 49979
29972 5710
978 42807
23353 7018
49426 5083
11926 21313
5191 40600
19187 1243
44864 48009
17149 37378
24099 46721
49426 27680
29121 39006
6125 49046
35693 47966
32885 5033
3447 26918
42807 2703
16257 13614
11711 19079
32885 43326
35693 45585
3782 43552
24838 42807
41080 18471
7350 10864
49358 3791
19190 8759
47977 44531
4586 3042
7407 42701
13938 16063
34024 35410
8501 29121
5512 36195
29121 29972
5512 18638
35410 38747
7520 23576
36195 13614
8759 8717
34760 13938
27680 49426
23161 26918
40600 36195
23547 11421
23161 22286
49426 49979
41080 21816
23353 32281
16270 47977
9186 2703
46721 14448
34914 23611
36279 6968
3782 23173
43326 34760
1243 42701
26918 45495
8717 4609
6125 19190
34811 45495
2431 5710
2703 5033
24838 36279
5442 10485
1848 6125
14689 4899
31437 10864
19079 43552
13938 38747
30302 32281
45495 18638
45370 7018
6985 20088
9186 10864
16257 42027
1848 18453
6968 43326
39817 13076
13614 36195
22286 19190
27035 15824
44864 3782
6125 24099
23173 38747
42701 19187
7520 18471
5710 23576
29972 30302
42807 37378
12454 8501
14689 5449
43326 23173
40600 47977
7018 8501
43326 47966
22286 47977
5442 49358
19273 16791
18638 7350
29121 5033
27680 4609
9186 37127
20663 49046
18453 4899
18638 5191
30961 4586
35139 44538
28217 44864
23493 5449
44864 27035
6985 30838
10270 30961
38224 35139
11711 49046
13614 19079
49979 13614
21776 39006
18471 799
16270 42701
38747 24350
49979 49046
43104 14448
44538 19190
33152 20511
34914 20088
20663 21313
45585 45370
36829 3447
35370 22286
19273 799
5191 18638
15824 35781
5710 12801
12801 8501
35549 3782
19273 34760
28217 21288
34914 22286
19190 20511
49426 4586
5191 35693
11711 27035
19190 49426
38747 19079
7018 49426
20088 16270
35781 10270
39817 11711
49426 48009
19273 38747
22286 24838
18471 44531
49358 29121
19835 21313
20663 34811
49426 46721
16270 34914
21776 44531
45585 44465
6125 10556
48009 35781
35549 8501
21499 4899
7350 3042
14689 44465
14689 6125
5710 13614
20511 16257
11926 23161
47966 1848
13614 5033
7018 21776
46721 39817
4899 35781
35370 11421
23173 36279
33152 6985
43552 28217
31437 34760
17871 35370
8717 7018
9186 23611
16791 23547
4899 43104
4454 15824
5512 4899
29972 10864
11421 24099
16257 5083
45585 35139
19079 24838
39817 43552
27680 3791
6985 29121
40600 5512
36279 21776
19112 38224
31437 47977
43326 6985
23353 14689
35781 3791
15824 42027
24838 26918
35139 13614
27680 24350
49426 799
4899 17871
46721 17149
16791 45314
978 27680
32281 43326
44531 35549
44531 46721
6985 35781
24838 16791
11421 16257
19439 13002
26918 20663
24350 20663
18787 27035
5442 24350
49426 36279
18471 20511
32885 978
16257 21776
35370 4045
16791 5033
3791 19835
21288 45585
1243 9186
45495 5191
47977 30302
12801 33152
13002 14448
5033 21776
5512 29121
978 4454
33152 3782
12801 21776
49046 9186
2431 43104
24350 11421
19187 31437
9186 3791
49358 24099
5033 49046
24838 19439
38747 18471
8501 27680
30302 8759
48009 28284
47977 19439
47977 5033
16257 19835
36829 42701
12801 32281
21313 2703
17871 13002
5033 48009
10556 37378
27035 16270
5033 5083
46721 32885
4609 45495
24838 35693
23161 5083
39006 35139
4454 44864
43104 10864
10485 20088
6985 49046
6985 5083
34024 38224
47977 32281
21288 5449
5710 21776
41080 38224
42027 6125
30838 19187
29121 48852
46721 9186
14689 19439
47977 7018
13002 47977
35549 16063
29972 11421
15824 49426
18453 14448
2431 24099
38224 8717
19187 18453
16257 26918
22286 8501
12454 27035
23173 44864
20088 29265
11711 23547
39817 23611
11926 39817
10485 19835
7018 35410
31437 13938
30302 31437
49358 35781
6985 8501
29972 23547
35693 24099
19439 12454
21816 28284
2431 49358
34024 37127
10864 19190
36195 16257
32885 23493
44531 48852
21499 30961
21499 30302
3791 45370
29265 49358
24350 5191
16257 45314
5083 16063
44864 41080
4454 21288
34811 29121
18787 36279
12801 24099
11421 13938
38224 23173
24350 18638
10556 5512
5083 14448
15824 12801
35370 29121
35410 5191
48852 29972
18787 1243
4045 24838
5033 48852
44864 42701
49979 16257
11926 9186
5449 32281
18471 28217
5033 1243
10864 799
42807 19079
24099 43552
18453 23576
18638 4586
10556 4899
41080 37378
33152 42701
35549 23353
7350 18453
34024 19187
29265 45495
18453 35370
45370 42701
34914 3782
7520 799
3782 49426
23547 5083
45585 10270
8717 36195
21313 5033
28217 18638
14689 799
16063 30838
16063 35370
4609 45314
38747 24838
5449 19273
45585 11421
13076 11711
39006 14448
27680 35549
29121 3447
2703 27035
37378 30302
19112 42027
4609 4045
23353 2431
2431 5191
23576 21816
44531 4899
34914 42027
16063 19273
4586 35370
16270 30961
4609 18638
19079 23173
38224 20663
2703 23353
34024 44465
21499 3791
48009 5083
35781 35139
12454 40600
40600 42701
44465 35410
24350 34024
27035 11711
20088 45314
978 47966
26918 21776
19439 5083
41080 43552
2703 20663
4045 29972
31437 6125
41660 39006
6985 5442
24099 34811
44538 23173
2703 4609
44465 2431
32885 16257
14448 28284
19273 48852
5083 44538
49046 4609
11926 45495
32885 47977
6968 13938
13938 30302
41080 27035
7520 14448
13614 12801
48852 49358
20088 23353
44538 19439
21313 17871
43326 6125
5191 34024
23493 7407
10270 29972
14689 29972
23576 30302
36829 17871
35139 15824
11926 14689
5033 26918
47966 10556
12801 16791
28284 14689
21313 45314
30302 23173
7350 11421
19190 29265
38747 6125
3042 21288
19439 14448
27035 23576
36829 21288
5442 19439
43104 26918
47977 38224
7407 44864
18471 19190
19835 2703
35549 29265
20663 10864
38747 15824
4454 20663
30838 8501
27680 43104
6985 23611
12454 42701
43326 5442
20663 23161
42701 28217
46721 20088
44531 42807
24350 5512
30961 7407
19079 7520
4586 23547
44864 4609
5083 20663
35139 33152
6968 30961
34024 31437
5191 978
27680 31437
21499 14689
39006 49358
26918 44465
15824 45495
8717 24350
21313 35370
44538 41660
4045 2703
34760 44538
11711 16063
8717 28284
34760 5083
8717 14689
21816 7018
49358 14689
32885 27035
1243 21776
799 44465
18453 34914
11421 3042
10485 35693
31437 30838
45585 19190
18471 47977
20511 34024
28217 36279
799 33152
30961 20663
15824 16270
5442 2431
27680 21288
21776 21288
3791 43104
17149 21776
12801 4899
19187 49979
19835 39006
16270 17871
4586 19190
5449 48852
15824 42701
31437 23353
21313 20088
8501 34811
16257 12454
38747 30838
10485 14689
1243 30302
35370 4454
20511 799
34760 42027
5710 43552
40600 16270
37127 21313
5710 3447
21288 49426
21313 37378
23161 35549
45370 29121
7350 28217
27680 36829
34811 23547
16063 23173
9186 8501
6968 16270
10485 35549
7350 18787
6985 39817
23547 19835
6968 19112
19112 35410
43326 41660
23161 37127
14689 41080
43326 4586
19112 28217
26918 13614
19187 36279
44864 8759
18638 31437
2431 42701
34024 34914
22286 35139
16257 4454
17871 13614
18638 41080
12801 43552
3782 6985
42027 21288
3447 8501
41660 10270
7520 4045
16257 31437
40600 45585
21816 37378
6125 23547
3447 30838
5512 19273
35139 7350
16791 8717
5033 10556
19439 22286
16270 2431
42027 39817
35693 33152
978 20511
44864 4899
29121 35410
16063 24350
5083 19190
11926 46721
30838 23576
5449 43552
8717 46721
799 23493
34760 6968
19112 18471
13076 16791
33152 30302
8759 18638
23173 19112
36829 2703
15824 7018
23173 23161
30302 5449
23493 23161
49426 20511
27680 23576
46721 11926
42701 18787
22286 13002
23576 30961
39006 4045
3791 49426
45370 38224
5083 7520
23161 42701
32281 23161
45495 8501
5191 23173
16270 6985
23161 24838
42027 2703
11421 28284
27035 4609
5710 35693
41660 16063
23173 34024
13938 5083
29265 11421
4609 33152
19187 46721
5083 42027
42701 42807
5083 23173
43104 10485
18471 35781
17871 5191
34914 24350
49979 41660
19273 34024
49426 7520
17149 49426
21288 35139
8759 16063
13614 19190
8717 23576
19439 34914
5512 29265
36829 8717
27035 16063
36195 43552
15824 5442
4045 44538
29265 7520
34024 799
36279 4454
14689 43326
30838 10556
27680 44465
36829 38747
2431 14448
21499 9186
19112 24838
3042 34914
42807 15824
11421 17871
30961 5449
11926 49979
34914 49426
23576 35370
5512 30302
7407 28217
37378 2431
7520 20088
13614 26918
34811 29265
19835 23611
19079 10485
49046 19187
2703 19187
45314 6968
3447 32885
19190 19273
46721 14689
35139 978
39006 11421
35549 21776
28217 19439
4899 44531
20088 48852
22286 18638
34914 10485
34760 24099
3782 7407
10864 16257
19835 42807
45495 20663
5083 8759
45370 10485
19112 27035
35781 11421
27680 34024
28217 17149
45495 42701
33152 29972
46721 44864
42701 36279
7350 24350
18787 21313
44531 43104
35693 26918
21313 26918
48852 34760
8759 5083
2431 44465
5449 9186
23161 39817
20511 47966
42027 5191
45370 45314
37378 35781
18787 48009
23173 44538
44538 19835
21776 7407
18453 2431
12801 7520
44531 29972
29265 45370
15824 29972
5442 49426
26918 18471
45314 23173
45370 34024
19439 38747
13002 21816
5512 29972
31437 11711
5033 35410
20088 1243
16270 24099
35410 34760
10556 15824
4899 5083
3782 4454
40600 24350
35693 799
11926 7520
44864 32885
29121 30302
36279 5442
40600 30838
18471 5191
44465 2703
48852 3042
39006 46721
44538 36829
11421 30838
23161 21313
14689 7350
7350 5083
12454 35693
17149 27680
3791 19190
35693 12801
16257 5512
10485 36279
5449 6968
5710 40600
23173 6968
37378 45495
19187 5191
13076 36279
18638 13002
36195 44465
31437 14448
7520 21499
16257 2431
7350 37378
13938 24099
11711 31437
49426 5033
2431 4609
7407 18787
10556 30838
6125 4586
43326 19190
47966 34811
35410 27035
14448 10556
17149 19439
34024 5512
23353 28217
36195 42027
7350 49979
5449 2431
37378 32885
13076 45495
18787 13938
8717 10864
3042 37127
7350 39817
19835 21776
11421 5191
3042 12454
19079 41660
18471 24099
34024 4899
35139 21499
5710 34024
23547 978
19079 7350
23353 48009
23576 49046
22286 45585
19079 47977
14448 47977
5710 28284
7350 18471
18471 19187
4609 30961
2431 45585
43552 23611
8717 49979
16791 23353
23493 21776
5442 24838
43326 20088
5442 13938
45314 49046
4454 978
14689 40600
32281 21776
45585 30302
36279 12801
34914 37127
16270 9186
23611 19112
5442 47977
23161 18471
37378 13076
36195 5449
17149 16270
14689 18787
6125 3042
9186 49979
2703 43326
34760 23576
7520 33152
35410 13076
19190 13076
36829 20663
43326 27035
21499 24099
20663 13076
49979 21288
11711 48852
44864 16257
1848 5033
36279 39006
44465 6968
19439 35693
30302 19439
4454 5512
5710 14448
5449 3791
48009 7018
11926 43552
38224 29121
17871 42807
12801 4454
40600 43326
42807 18453
27680 49046
29121 40600
34024 42701
11926 41080
44538 21288
27035 48009
24350 43104
31437 35693
38224 2431
8759 28284
44465 8501
39817 13002
27680 19187
39817 28284
42701 47977
48009 23547
35693 18453
19187 20663
35410 5442
19079 23493
8501 47966
36279 18453
23493 16791
978 49358
37127 6985
49358 10556
24350 21313
28217 43552
21499 16270
8759 45495
7350 45370
35781 19079
42701 29265
29265 5512
21816 3791
35139 3782
4586 30302
49046 31437
4045 35693
34760 29121
16270 45370
44465 32885
12801 46721
39817 2431
43104 34024
35781 29972
26918 5512
11926 3782
18638 7520
17871 16270
45314 6125
23161 13614
6985 44465
5033 22286
37378 33152
34914 15824
7350 37127
35549 16257
18471 48009
18471 45585
8501 10270
5449 20511
17871 30302
6125 2431
47966 24099
4609 35781
1243 6125
9186 32281
16791 20088
2431 3782
23173 29121
49046 38224
36195 39006
38224 47966
4586 5512
23611 8501
45495 11926
35410 49979
8717 33152
14448 2431
28217 23353
27035 23353
7407 31437
21499 47977
4609 13614
34024 13076
1848 19112
43326 42027
23161 18638
16257 29121
41660 34760
6985 35410
4045 30302
20663 44531
5512 24838
21816 17149
29265 19439
23161 48009
6968 15824
978 37127
28284 16063
27035 8501
18787 36829
3791 10556
30961 7018
16257 49358
27035 7350
18471 11926
23493 11711
8501 24350
21288 21499
23547 46721
31437 10270
43552 44538
34024 978
21499 43104
44531 3791
47977 7407
4454 40600
22286 5442
8759 3782
15824 34760
5033 5710
27680 10864
23173 19079
10485 20511
33152 978
44465 4586
5442 19273
26918 36829
48009 42701
14689 17149
24838 39006
21499 45314
7520 19112
34024 35781
20511 18471
29972 41660
49358 17871
10864 42807
35549 42701
5710 6125
4899 5449
22286 978
35410 28217
43104 21816
21288 38747
12801 15824
29972 44864
36829 18787
33152 26918
20663 27680
16257 36829
33152 1243
15824 22286
4454 19187
34024 3042
16063 42027
24838 19273
21288 16791
3447 7407
38747 49046
20511 28217
42701 48009
30302 23353
11711 43104
16270 13614
23353 42027
29121 978
10556 20088
1243 36195
45370 43104
20663 34024
4609 19187
26918 29972
10270 41080
42807 11421
11926 13002
978 49046
6985 29972
46721 21816
16063 38224
45495 24099
18471 9186
43552 35781
19190 35370
8501 49046
3042 19835
12801 2703
18787 47966
45370 37127
10270 3042
24838 49426
44531 3447
5449 19112
13076 23353
38747 19187
18638 11421
28284 8501
43104 12801
15824 28217
18638 28284
36279 23173
10556 23576
35410 48009
10556 24838
23493 19187
23353 35693
44531 1243
35139 7018
37127 42701
35410 12801
15824 24099
10485 43326
29121 5442
21288 34024
16257 4609
47977 28284
33152 49979
13614 24350
13614 44531
23173 42027
19835 24099
37378 1243
13002 19079
13076 7018
35410 6985
22286 24099
22286 26918
11711 29972
4045 10864
799 42027
45495 27035
19187 23611
38224 35549
43326 18453
33152 41080
4899 33152
34914 7407
8501 3782
16257 36195
43326 10556
14448 21313
23576 7018
32281 3042
11711 18787
43326 4899
45585 17871
10270 16063
41660 35370
5442 18453
44538 30961
21313 18638
47966 6985
42701 13002
43552 22286
21816 34760
34914 49358
45585 3782
36279 39817
5083 49046
21816 43326
16257 19439
22286 35549
22286 8717
13614 33152
16270 30838
45370 19112
19190 36279
49979 10270
27680 978
49979 9186
3791 38224
16270 10556
21499 5710
38224 5033
38224 11711
18638 35549
42807 29265
21776 29265
7520 42807
20663 4454
49358 21776
36279 34811
20088 27035
1848 5083
13076 11926
35410 21313
3791 44531
38224 14448
43326 3042
12801 8717
30961 10270
5442 29121
49426 42701
13614 30838
19835 1848
2703 42807
49426 3791
1848 32281
27035 42807
21499 19112
8717 2431
4454 44465
8717 23173
40600 28217
34914 43326
4899 18471
23173 1848
8717 13076
49046 35693
17871 799
10556 42701
10270 42027
7018 34914
13938 4045
45370 5512
49046 5033
49426 35549
44864 42807
34024 32281
46721 7407
4586 799
46721 3042
23161 4609
49426 37127
44465 4609
34760 34024
23161 18787
16270 43326
1848 1243
38747 32281
49979 47977
23611 43104
27680 24838
43552 19190
44864 5442
18638 38224
6125 4609
33152 12801
5442 28284
6968 978
30302 12801
19439 32281
34760 30961
7350 16791
8717 45370
18787 44531
31437 24838
35370 30961
42701 21313
43326 30961
12454 5449
29972 5442
1243 4454
23161 23493
23611 35549
45370 15824
40600 34024
7407 45314
21776 5033
6985 44864
11421 16791
5191 42027
13002 799
49979 23547
11421 45370
1243 36829
4586 19187
7520 8759
49358 45314
24838 2703
42027 35370
2703 43552
37127 13076
7520 34811
10270 36829
37127 44538
18638 17871
16270 32885
8501 5033
41660 5033
978 21816
41080 30961
5710 32281
17149 799
1848 36829
30961 5512
38747 4454
1243 49979
10556 10485
42807 19112
4609 799
19835 33152
46721 21499
47966 42701
6985 21313
5442 21313
24099 5083
39817 23161
13076 8501
43552 12801
47966 19190
35693 18638
3782 19187
13076 10270
20511 21313
21816 9186
8717 49358
35693 5442
6985 19273
44531 16791
48852 18453
14448 9186
19079 37127
28284 35370
28217 29265
18453 7018
18787 34914
45370 43552
46721 45495
7520 35370
35139 48852
3447 10270
44538 5191
35370 6985
15824 14448
34811 21816
37378 16063
23611 5191
35139 30961
45314 6985
3791 18787
13002 39006
41080 36279
35781 37378
24099 19112
38224 978
32885 19835
7350 21313
29121 18787
35781 4454
21776 4899
799 5033
27680 41080
10556 6125
9186 13002
10485 7407
16791 18787
45370 1848
21499 18453
45370 38747
2703 47977
23547 21776
23576 43552
20511 7018
3791 20511
11926 35410
23576 34024
10485 1243
31437 23493
43104 12454
30302 42807
5449 34024
1848 19079
39817 10864
34811 10270
5191 21816
47977 47966
23173 29972
34914 24099
49979 5083
44864 29972
10864 49426
27680 34811
1243 27680
23547 13002
19112 10270
23493 10864
1243 19835
978 23547
44538 20511
47977 14448
10556 4586
32885 17871
35781 26918
5710 35549
23173 7520
44538 14448
23576 5442
43552 3791
46721 12801
38224 34811
13614 19112
10556 16257
48852 45370
19187 27680
2703 36829
6125 16791
11421 5033
11421 21313
5442 34024
38224 5191
21288 48009
45585 3791
3791 41660
32885 8501
18453 43552
49426 8759
45495 23173
45585 6985
34811 14689
34811 44465
44864 35370
36829 46721
3791 30302
47966 5449
6985 4045
13938 29265
20511 21499
13076 20088
19273 35139
1848 16257
16791 26918
35410 1243
41080 14448
30838 5442
3042 49979
10864 14689
33152 20088
16270 24838
13938 49426
4586 21816
6968 6125
4899 47977
4609 5033
28284 21499
5033 39817
19190 978
36279 13076
32281 47966
20511 42807
37378 31437
44465 34760
18471 7520
24838 48852
35781 29121
11711 16257
16063 24099
5191 49046
30302 40600
16257 20088
35549 8759
37127 30961
15824 6125
21499 21313
42807 8501
4609 6968
7407 38747
20511 30302
24350 19835
10864 28284
36829 7018
19835 4045
19273 5191
11421 8759
11421 40600
44531 44538
39006 27035
44538 1848
7018 16270
6968 36195
29121 48009
4586 47977
21499 38747
4454 3447
23493 45495
35781 16270
38747 19439
45495 21499
5033 42807
46721 35781
16270 12801
21313 978
5449 5033
35549 18787
10485 4454
21313 49426
19273 22286
19439 32885
18453 35139
43552 19439
18638 37127
6985 2703
16791 35139
49979 34024
19439 10485
10864 12801
45314 16270
19439 5191
43552 21499
40600 32885
20663 7350
11421 19273
43552 1848
23611 24350
27680 13076
10556 31437
7407 23493
48852 41660
17149 7520
45585 16063
5442 48852
43104 15824
43552 31437
21313 3782
20088 5033
41080 43104
34024 13938
24099 10864
6968 16063
24099 49046
36195 19835
49358 8759
21288 23493
19273 32281
43104 18471
41660 49426
23611 19835
20088 21776
41080 4454
33152 11421
30302 36195
21313 33152
32885 21499
44864 19835
40600 35139
34024 18471
14448 47966
13076 23576
45314 41080
17149 21499
31437 30961
19079 35410
21288 13076
8501 18471
3791 35693
17149 21313
32281 38747
20663 48009
21288 27035
5191 21313
23493 42807
13002 4609
48852 35693
29972 19079
18453 7407
32281 44864
10556 7350
35549 23611
14448 29265
35693 10270
45314 45495
13614 4045
21816 5710
28217 6985
8501 4045
11421 4045
44538 27035
31437 19273
47966 15824
20663 42027
34760 48009
44465 20511
40600 23173
13614 43326
49046 19439
13002 978
19835 27035
39006 7520
48009 19835
7407 21313
23611 38747
39006 10485
16063 18787
23611 24838
23611 3791
36829 16063
36279 7350
9186 6125
23493 48852
6125 13076
49046 18638
28284 42807
9186 20088
18453 30961
5710 23547
4609 23493
5191 27680
42701 21816
47977 34811
21816 36279
30961 19187
22286 37378
1243 34760
978 12454
40600 11421
6125 19112
12454 7520
22286 45314
41660 11421
32281 23547
11711 19273
19190 45585
13614 49426
35410 49358
35693 13614
43326 14689
47977 4586
32281 34024
4899 24099
47966 35693
49046 41080
16270 5449
19273 9186
34024 17149
19079 29972
23611 17871
46721 17871
19187 30838
49358 5449
18638 45585
4899 34760
28284 49358
7407 799
49979 1243
44531 45585
27680 23353
799 16270
45314 2431
23611 27035
44465 14448
7520 43326
5191 48852
22286 44465
5512 49979
9186 28284
10270 10485
35693 7350
19273 35781
13938 26918
8501 23353
30302 10485
40600 15824
13938 44538
24099 37127
47977 33152
31437 44538
31437 16257
1243 23547
5512 14689
19835 8717
27680 11926
48009 7407
6968 35139
30302 36279
29265 6968
30961 799
16257 29265
11711 3782
42701 49046
15824 23353
5710 2703
44538 35139
10556 40600
24350 5710
4454 43326
16063 38747
16257 49046
23576 26918
5033 8759
6985 11421
49046 12454
35410 23493
11711 33152
45314 20511
49979 38747
9186 45314
29121 13938
13614 29265
7018 10864
24838 23547
6125 5442
39817 19187
18471 17871
9186 19079
21288 23547
19079 18453
35549 48009
20511 45585
18453 10864
35693 13002
7018 45370
9186 29121
23493 2703
4454 46721
18787 18638
2431 10556
34811 4899
44531 49046
12454 18471
44864 21288
5442 21499
31437 5033
16791 29121
41660 23576
21776 45370
18638 39817
19439 36279
978 8717
36195 10556
16063 4899
49979 5512
3782 2431
35693 20088
10270 38224
19079 6968
34024 8717
5442 39817
8759 23547
27680 15824
41080 23353
3782 32885
31437 24350
4609 41660
21776 5512
8717 19273
28284 35410
16791 5512
49979 19835
3782 45495
45585 14689
40600 18453
43104 41080
3791 21313
30838 16063
44465 35693
6968 4045
35549 49358
18453 45495
35410 37127
36829 35139
31437 41080
45495 6985
978 30838
8717 10485
19079 48852
13076 29121
18638 16257
35370 34760
23173 1243
9186 10485
23353 30961
37378 44538
13614 45495
42807 49426
2431 19190
18787 43104
21313 23547
11421 34811
22286 5449
30838 26918
36195 4454
1243 28284
23353 43552
39006 14689
21313 32885
34760 12454
13076 4045
47966 49046
29121 45585
39817 32885
4454 34760
44465 32281
39817 11926
3447 36829
37127 38224
21313 45585
37127 38747
28284 24838
35693 36195
23161 37378
23493 23353
44538 35370
13938 32281
42701 33152
9186 19187
2431 41660
5191 49426
49426 48852
35549 18453
14448 34914
42807 13938
6125 49979
19835 18787
44864 49046
41080 10270
16257 4045
19190 5033
4454 1848
18787 7350
24350 23353
19187 5442
23161 12801
1243 17149
45370 28217
16270 21288
19112 41660
5442 11421
30961 34811
28284 15824
3447 45314
24838 5512
7407 978
32281 32885
45495 19835
34760 1243
32281 5710
34760 13614
42807 10556
40600 4609
799 43326
3782 12454
28217 30961
49358 39817
35549 10864
38224 21776
35139 12454
21313 42807
19273 23173
35139 5449
48852 6968
23576 44465
32885 18787
23611 978
44465 8759
16257 43326
11926 28284
2431 19835
4454 16063
29972 46721
19439 3042
6125 35139
1848 32885
44465 48852
24838 3447
39006 19273
10485 49358
7350 8717
4609 49046
34811 8717
20511 37378
24099 7407
10556 18638
45585 978
49046 10270
32885 35781
4454 30838
23161 2703
19190 3042
48852 4586
19273 978
12801 32885
1243 4586
17871 35781
30302 18471
3782 19112
38224 6125
34024 44864
24099 13938
11421 8501
18453 4045
42807 6968
4454 23353
20663 30838
39817 3782
34760 2703
42807 5083
33152 49426
30838 29121
44465 30838
20511 35410
28217 18471
1848 11711
20511 44864
45585 9186
24099 5512
3791 11421
45370 48852
24838 19190
1848 49979
26918 16270
24099 19079
47966 45585
27680 18638
21816 44538
30838 5083
13614 23611
42807 43104
34760 24838
18471 3447
6985 36279
23493 6985
18787 4899
23161 29972
10556 35781
29265 18638
21499 3447
44864 23161
6985 23161
30838 29265
38747 42027
19112 6125
4609 35139
29972 45495
36195 44531
34811 27035
34024 4586
23173 10485
30838 47977
26918 3791
31437 32281
16270 47966
19112 11926
19439 7350
21313 39817
43552 35410
33152 34760
20511 40600
978 23173
13614 23161
15824 32281
17871 34811
2431 38224
45314 11711
15824 44864
5512 23161
8717 43552
27680 39817
13938 43326
35781 5083
28217 11421
44538 3447
5512 45585
2703 23611
17871 7350
35549 23547
4899 27035
45370 47977
4899 21499
19187 2703
18787 3782
17871 48852
13076 35410
14448 18471
22286 35410
24350 44864
37378 4045
6968 21816
3782 47966
35370 35139
19187 35139
23493 34914
3782 21816
22286 5083
34760 11926
32885 37378
43552 36829
3042 39817
45314 5449
35410 5512
3042 5191
37127 29121
1243 19112
36279 28217
45370 35693
4586 39817
44531 27680
6968 10485
23576 35781
33152 16257
37127 5442
8759 799
23173 23493
30302 34760
43326 40600
30961 4045
19112 44864
13614 37127
45495 30838
10270 19273
27680 36279
44538 23547
23547 10270
35781 12454
5442 19190
41660 11926
43326 8501
45314 23353
4609 19835
10270 18787
29265 26918
23611 19190
35781 5449
27035 21499
7350 33152
18787 46721
21499 11926
46721 11421
45585 18453
12454 7407
29265 20088
30961 17871
38747 7407
8759 35781
35781 978
32885 48009
5442 23493
23493 8717
34760 34914
37378 47966
42027 17149
10864 8717
45495 18453
8759 17871
22286 28217
37378 2703
23547 27035
4899 29972
16791 4899
21288 21776
12801 11711
48009 23161
7350 7520
5442 12801
38224 19273
21313 4045
8717 42027
4454 2703
10270 7018
14448 19187
49358 16791
17149 3447
10485 9186
26918 19273
21499 5033
35410 35549
35139 799
35549 1848
49358 7407
45314 32281
4586 19112
38747 19273
21288 28217
22286 21816
36829 8501
47966 3791
23576 13614
13938 14689
38747 39817
16257 23493
23547 39006
42701 3042
15824 30961
42027 27680
2703 29972
6125 42807
19439 3447
42027 23493
19190 44538
9186 5710
10556 18453
12801 19439
799 44538
42807 19439
34760 20663
42027 22286
19112 35139
13938 7520
48852 29265
23161 43104
11421 21499
44538 13076
36195 23547
9186 22286
35549 4586
29265 8717
42027 45585
27680 23611
16063 31437
30838 39817
44465 41660
11711 18453
11421 7520
6968 22286
19273 8759
35139 36195
19079 48009
44465 23611
35139 23547
23576 41080
5710 7407
42027 15824
38224 45314
5710 28217
42701 17149
41080 49979
5083 5512
35693 22286
28284 32281
799 3782
5449 978
17871 19079
23576 36829
20511 22286
16063 44864
19079 5033
44538 10864
28284 28217
34024 7407
21816 24099
23493 34760
29972 35781
23173 7407
10485 29265
19112 23547
7350 34811
10556 28217
5449 16791
4454 14689
16063 16257
8717 36829
23547 29121
28217 37127
48852 24099
21776 23547
3782 10556
43552 6968
34811 24838
1243 21499
42027 32281
49979 6985
15824 8717
30838 23161
10485 32885
14689 49979
6125 23611
4045 6968
7018 3791
1848 14689
49979 4899
30302 44531
7407 47966
36279 3447
7018 11421
13002 15824
46721 8759
20088 47977
37378 7520
24099 20663
45585 23547
44465 38747
23493 34811
49426 18471
978 39817
30838 18787
41080 10485
23493 27035
4586 6968
47977 3042
24350 2703
9186 16791
11421 3782
19439 23173
799 8501
3447 6125
19190 4609
49979 28284
30302 4609
11421 20088
20511 23611
18787 13076
34914 18471
18638 47966
5449 19835
11421 2431
2703 18453
5033 23611
29972 8759
18471 4045
49358 41080
20511 10556
24099 35549
5191 37378
41080 35693
39817 44465
43326 23353
13938 41660
19079 5449
6125 18787
19187 7350
32281 49358
3791 36829
4586 6125
45585 8759
19190 21288
44538 5442
21816 1848
17149 40600
49426 35370
16063 43552
1243 41080
39817 3042
49046 11926
20088 19835
7520 35693
29972 4454
49979 49426
11926 45585
48852 20511
34760 4899
49358 3782
24838 34760
36829 41660
1848 43326
13938 35693
6125 23576
48009 48852
44531 6968
19079 5512
17871 1243
20511 19190
7018 10556
3782 33152
12454 44465
34811 27680
6125 33152
44864 3447
36279 27035
1848 49046
28217 48852
14448 24099
21499 36279
1243 3791
5442 38747
23173 35139
16257 14448
29972 28284
41080 6985
44465 6125
18453 10485
1243 5442
43552 30302
21499 24838
41080 11926
21288 20663
19439 24099
45585 19187
24838 5191
14689 10485
46721 33152
42701 34760
14689 5083
49426 13002
40600 21288
24099 29972
10864 4609
38747 8717
23353 4899
14689 16063
16257 20663
28284 30961
3791 29121
5083 44465
21776 18453
48852 3447
39817 38747
3042 36195
10556 9186
6985 31437
31437 21816
5512 40600
31437 27680
2431 5083
18471 23173
978 20088
26918 45314
5191 7520
5512 6125
11421 41080
24350 14448
34811 5191
6125 45585
6985 45585
35549 39006
21776 5449
17871 35549
3447 16257
18787 49426
42027 10556
10556 4609
41080 978
24838 8717
39817 17871
28284 19439
14448 7407
32885 29265
17871 42701
5191 44531
37378 34811
16257 35139
4899 37127
13002 8501
13614 45370
32885 28284
19112 19079
13076 1848
21499 35693
39817 29265
17149 41660
30838 19112
19439 6125
43104 39006
7520 10270
4045 47966
14448 21499
34760 41660
5083 17149
12801 7407
12454 47977
39817 49426
12454 10556
13938 42807
49046 5442
4045 4609
30302 46721
30302 1848
7520 11421
5033 799
27035 47966
35549 13938
44465 49046
16257 12801
44465 45585
48852 13938
5191 21499
13076 21776
39817 3791
13076 18453
44531 799
4609 5083
26918 35693
35781 3782
44864 40600
39817 978
21288 7350
20663 7407
44531 978
41660 40600
23161 35139
5512 11421
11926 49358
5083 35410
35693 21816
9186 19190
47977 18471
19079 799
11421 37127
4045 14448
18453 5083
19187 23493
44538 37127
42027 5083
5083 27035
19273 24350
34760 19190
16063 37127
1243 26918
17871 24099
48009 7520
43326 34811
16257 29972
45585 28284
6125 35781
18787 34024
19079 3791
9186 3042
39006 31437
42027 33152
34024 23611
29121 34760
35370 44531
28217 10864
3447 2431
29265 45585
30961 23161
4609 2703
36829 22286
49358 5710
43104 5449
49426 38224
16063 7350
18638 32885
13938 18638
799 29265
35139 19273
19835 39817
45495 8759
11421 1243
49358 5083
34760 10556
44531 3782
37378 12801
42807 5449
20088 23161
7350 4045
44531 2431
24838 48009
43552 44465
21816 13938
9186 5442
20088 49426
49046 34760
36195 13938
35139 13938
20511 35139
5710 3791
45370 31437
12454 33152
35693 48852
44465 15824
37127 11711
36279 32281
19079 45370
20511 3447
46721 16270
19273 4045
13614 43104
24838 19187
26918 47977
35549 24099
16063 41660
23161 7520
15824 10485
23173 24350
41080 48009
38224 34914
37378 34914
31437 36829
10864 23161
11421 24350
12454 19273
41660 39817
13938 14448
35139 3447
6985 10485
45585 36195
28284 34760
23173 21313
30302 26918
47977 49358
978 28284
45495 44465
29972 978
15824 47966
45314 12454
14448 48852
5033 19439
16791 21816
45370 35549
42027 40600
27680 18471
49979 19190
5449 36195
35139 6985
10864 8501
5710 21499
35693 24838
978 36195
23493 7018
3042 30302
12801 40600
7520 18453
43552 5033
20511 17871
15824 38224
39817 15824
44531 22286
10864 18471
3791 4045
14448 5710
34760 7018
48009 2431
34914 5449
16270 19190
42027 19112
1848 16791
3447 19439
27035 3042
19079 5191
19112 19273
16270 10270
18453 6968
41660 21499
24099 44538
26918 14448
35693 7520
8759 46721
36279 30961
21816 16063
45585 26918
19835 47966
13938 37378
10485 13938
5449 7520
20088 32885
8717 978
24350 23173
45495 23547
5512 7018
16257 48852
40600 8501
10864 31437
12801 44531
28284 45370
1848 35549
26918 38224
21776 24838
3791 32281
8717 21288
37378 35693
9186 42701
1243 44538
28217 44538
5710 27680
45585 45495
27035 30302
47977 45314
42701 13614
29265 12801
19190 18453
7018 3782
34914 10556
19835 13002
5083 39817
24099 4454
38224 27035
23493 38747
21499 45370
7350 38224
27680 40600
30838 799
24350 49426
4454 16270
46721 23353
11421 4454
1848 49358
37127 35370
10270 35781
41080 17149
23173 13002
36829 49979
21816 30961
4045 44531
45370 32885
34914 17149
10556 22286
11421 36829
13938 34811
21776 35410
10270 49426
30302 7520
799 13002
7350 15824
4609 7407
43552 29121
49046 16257
23173 4454
16270 38747
4045 4586
20511 21288
28217 19273
20088 23547
41660 23611
24099 13002
34914 48009
49426 41660
43326 20511
5033 37378
42027 34914
978 22286
4045 34811
978 5710
3447 29265
19835 7520
20663 49979
19273 19835
23493 35410
23161 44864
16063 18471
3042 4045
3447 5442
30961 19273
44531 6985
3447 23493
49358 36279
13076 42701
2703 14448
41080 42027
38747 49358
44531 4586
42701 49358
5083 13076
44465 3447
35370 5033
46721 34024
29265 41080
42807 33152
21313 23611
49426 24838
39817 19439
17149 4045
799 36829
30961 12801
44864 2431
21288 10556
23173 17871
22286 7520
19835 26918
4454 32885
44465 16257
8717 42807
29265 23353
18638 8717
8717 43326
7407 18471
39817 20663
18471 49046
43552 33152
32281 10864
4899 23161
14689 28284
14448 49979
45585 10556
11711 23611
7520 49426
13614 4586
45495 18471
16270 7520
3791 5442
21776 12454
7520 12454
12454 48009
30961 10485
10556 3042
3791 10270
36279 9186
19112 18787
20663 19187
45585 23576
29972 5033
7407 44465
15824 38747
42807 11926
46721 23173
19190 5710
45585 20088
19835 21499
2431 20088
45370 24350
9186 38747
5191 4454
13076 24350
49046 12801
5442 16791
45495 5033
49979 44864
24099 29121
30961 5442
18471 29972
35781 36829
27680 799
29265 4045
21313 44465
35410 11926
49426 22286
27680 38224
26918 43104
49046 4045
4586 23353
21816 16791
21776 3042
10270 2703
44864 42027
45495 16791
37378 22286
4609 31437
23576 17871
23611 5710
19273 45495
49979 20088
1243 1848
1848 45370
23493 3042
3447 23547
7520 47966
18638 3447
44531 49426
5512 16270
13002 23353
11926 19439
3447 6968
11711 36829
19439 2431
4586 16257
11421 35410
43104 45314
20663 45585
21776 19439
34914 26918
37378 12454
8717 29265
23161 10556
10556 16270
45585 18787
6125 12454
37378 1848
16257 978
37378 7018
39006 36279
17871 28284
40600 45314
17149 13938
8501 17871
45314 35693
10556 44531
19273 36279
9186 19273
49046 35370
23173 13076
11711 5449
40600 21499
35781 10556
5710 10864
36195 49979
23493 35781
23173 19273
44538 978
7018 9186
4454 38747
40600 2703
35781 5191
8501 28284
44538 13002
37127 24838
19187 5033
38224 12454
49979 23611
47966 43326
20511 39817
35410 41660
35139 19112
29265 32885
7407 26918
1243 978
44864 45314
978 37378
26918 10556
799 4045
3791 49979
36279 38747
21499 12801
23161 3447
13002 13076
5033 45585
43552 23161
5710 16270
11421 45585
16257 20511
18787 20088
24350 29972
43552 40600
1848 2431
24350 19112
44465 19187
13076 28217
10270 16270
24838 36829
38224 41080
35370 21313
3447 23611
42701 23353
799 10556
29972 10485
5449 47977
14448 24350
16791 1848
45314 8717
29972 16791
43326 35781
18471 16257
32885 16791
35693 21288
49046 47966
21288 3782
38224 39817
49426 35139
48009 43552
19112 45495
40600 6985
5191 30838
19439 40600
36829 23161
30302 38747
36829 34914
42701 30302
13614 9186
23161 23173
39006 24099
23576 5191
44531 5449
35549 17871
2703 13002
10556 3782
9186 23353
38224 46721
16257 34760
28217 32885
35693 42807
3447 20511
16257 35549
5512 45314
2703 21499
29121 19112
35549 27035
49358 35549
37127 19079
21776 24099
34024 4609
16257 10485
45370 18471
13076 4609
4454 23161
14689 1243
12454 34024
14448 49358
43104 48009
978 46721
49046 28217
49358 33152
36279 19835
3782 18453
1243 32885
799 23173
40600 2431
34024 18453
48009 8501
2703 23576
20663 39817
5033 9186
49979 11926
11711 4899
13614 17871
5033 19273
45314 35410
40600 26918
23493 30838
38747 10556
30961 38224
48009 4609
32885 8717
26918 5449
39006 36195
3791 42701
23547 45314
42701 11421
16257 9186
38747 19190
13938 44864
35549 22286
13002 18638
21816 45314
44465 23547
35693 35781
4609 19112
20511 35370
42701 37127
799 34914
11711 10556
23353 8759
36195 29121
43552 35693
23161 34914
45370 21288
1848 42701
11711 29121
11926 21776
24099 799
42807 12801
7350 23576
43326 978
23493 45314
19187 10864
37378 4454
14448 8717
6985 37378
18471 1243
29121 16063
35410 8759
20088 21816
23353 45495
5449 5191
38224 43104
4045 8501
5512 6968
41660 42701
11711 22286
37378 20511
23547 47977
35370 21499
21313 8759
23576 12801
13076 12801
5083 24838
14448 5442
36195 6125
15824 23173
21499 2431
31437 43552
45370 17871
13614 42807
38747 33152
18787 44465
30961 34024
3447 44531
40600 12454
21776 39817
35781 43104
19079 9186
5083 4609
29265 30302
21288 13938
21313 18471
4609 21499
17149 26918
32885 22286
39006 3447
8759 19835
20511 16063
13076 47966
22286 1243
4899 35139
10270 8501
20511 46721
3791 23173
32281 29972
49358 27035
20088 7018
12801 49979
49046 32885
10556 17871
18787 32885
3782 43104
40600 39817
35139 11926
29972 18453
44538 28217
38747 18453
34760 45585
41080 6968
44465 7520
36829 19273
45370 42807
48009 20088
978 2431
23173 5710
39006 7407
36195 43326
47966 36829
35693 13076
44864 23576
799 5083
7520 34760
13938 10270
26918 43552
19190 13938
14448 19112
17149 27035
16063 23353
18471 23547
39817 27680
19079 3042
27680 17871
13938 23547
18453 19187
18453 8717
4454 11926
8717 17149
36279 48852
41660 4899
978 23161
10556 11421
7350 35693
49426 27035
16270 6968
3782 13002
4586 23161
19079 49979
4586 34811
44864 1848
37127 13938
19112 5512
45370 36829
22286 34811
49046 23161
16063 49979
39006 13614
13614 7520
45495 36279
11711 35693
43104 2431
34024 49358
49358 32281
11421 799
8759 5442
49979 23173
19079 11711
30838 47966
35781 36279
29121 799
1243 10556
32281 36829
18453 35781
4609 28284
17149 978
3042 36279
20088 16257
10556 5442
18638 3042
35549 13614
27680 45495
6125 4899
29972 29265
10485 17871
23493 10556
4045 19273
32281 41660
40600 11711
32885 8759
8759 32281
10556 43326
38747 35139
18638 10864
42027 3042
18638 36195
7350 8759
19187 32885
3042 18787
21776 6985
43552 21776
40600 48852
41660 41080
5512 44531
20663 23611
4609 29265
42027 44531
45585 6125
23576 34760
42807 5442
11926 8717
16063 2703
15824 26918
28284 5083
19112 19835
11926 38224
9186 18787
19439 799
35410 34024
12801 35410
23611 44538
42027 37378
45585 47966
35139 3791
31437 13002
19835 4454
31437 11421
17149 48009
23493 23173
35781 43552
42027 8759
30961 34914
3447 4609
1243 19079
32281 18453
16063 39817
3447 28284
3447 47977
23576 10485
9186 4454
18787 978
5191 5083
5191 12454
35781 7520
42027 16791
37378 45585
31437 19190
4586 4609
42807 3447
37378 19835
18638 27680
5449 33152
11926 11421
11421 19835
44531 18453
13938 3791
21499 49426
3042 24099
23576 29121
21816 32281
29121 33152
978 18787
44531 15824
44538 4454
12454 4454
23547 24350
13076 1243
13614 41080
16063 4454
34024 1243
5449 49358
49046 18453
23493 12454
10556 36279
3447 17149
6125 7407
45495 45585
33152 23547
19187 41080
7018 31437
19439 48009
39006 3782
41660 7350
5512 23173
29972 34760
19439 20511
23493 33152
19112 5449
43104 29121
30302 7350
40600 43552
18471 42807
40600 21776
5083 23576
19439 19190
16791 37378
34760 36195
10270 14448
21313 13002
20663 22286
43326 21499
6985 19079
4609 24350
35370 5710
4586 22286
40600 799
35693 49358
3782 29972
43326 34024
19273 35410
30838 4609
19079 39817
35139 37127
19439 16791
3042 35139
20511 4586
34914 34760
5442 9186
41080 19439
18638 28217
10485 19112
13614 35410
24350 49979
2703 41660
49358 16270
10485 23547
23161 21816
32885 10864
32281 16063
35370 29972
49046 18471
19190 17149
26918 1848
10485 7350
34811 45585
19112 21776
28217 47966
18787 10270
1243 5449
20663 16791
12801 23161
36195 5033
21816 31437
37378 23547
8759 38224
8759 32885
5033 17149
7520 30961
3782 13076
23547 3782
41080 11711
8501 13076
43552 8759
15824 1243
29265 4899
34811 38224
41080 24838
35410 18453
23576 20663
35549 5442
29121 19439
21816 49358
35693 14689
9186 16270
21776 30961
15824 7520
27680 7018
35139 8717
13002 20511
24099 35781
28217 40600
6125 34024
45585 23493
21816 20088
16791 3791
41080 35781
16063 11421
35410 6125
36829 13002
13938 4454
31437 35549
35549 41660
30302 11926
23161 12454
49358 8501
46721 21313
48852 23611
19190 27035
1243 31437
21776 14448
7350 4454
23173 3042
43552 43326
45314 21499
37127 13002
19079 29121
49426 23547
23493 28284
3782 42701
32281 19190
5191 3447
21499 17871
23353 47977
12454 45495
34914 19439
35410 10485
29121 17871
47966 31437
19112 45585
34024 45495
17149 22286
3791 11711
5710 7350
32281 23611
38224 37378
29121 42807
4586 24350
29121 32281
7407 19079
47977 39006
4609 26918
23547 5191
19835 47977
20088 17149
19187 21776
35370 12801
32281 46721
8759 10270
19439 10270
18471 5512
42027 29265
5449 30838
38747 21499
34024 21499
47977 29265
24099 19190
35370 5442
18471 3791
28284 44531
32281 7018
5442 15824
20663 21499
17149 2703
10556 35139
21776 23576
8717 47977
20088 4609
3042 23173
32281 18638
5710 35370
5710 11926
38747 49426
2703 32281
17871 7018
42027 4899
12454 6985
7350 24838
34811 41660
34024 6968
45495 23353
31437 29121
49426 34760
43104 3791
15824 46721
7018 27680
23173 43326
29121 18453
30961 1243
19273 16257
26918 23353
4609 36195
49979 42027
37127 6968
10485 5710
44465 40600
10270 6968
6125 21313
38224 4586
21288 19439
21816 41660
35370 7018
19079 24099
27680 6125
7407 6985
14689 45314
10485 30302
12801 11421
11711 32885
16257 18453
30302 24099
35781 19439
35781 4586
17149 11926
23547 43326
8501 45495
42027 978
19112 16257
21816 6985
6985 18471
39006 40600
22286 21288
24838 35370
8717 45495
38747 5449
20088 4045
14448 5449
23611 17149
10864 23576
29121 47977
48852 26918
14448 19273
24838 20088
21288 38224
36279 5191
40600 16257
30961 45370
6125 34760
46721 42807
13938 8717
13938 23611
13002 45370
7350 6985
21313 4899
30302 23576
31437 43104
23353 19079
49046 43104
21816 21499
6125 20088
3791 47966
47966 19273
5449 35139
4454 23493
36829 11421
5083 18787
16257 18787
20088 42027
3791 13002
21499 45495
44864 30961
43326 30838
23611 20663
36279 41660
28284 19190
1243 10270
20511 4899
4045 21313
34914 35549
42027 3791
5449 31437
20511 7350
34811 1243
45370 49358
31437 47966
34811 4609
36195 7520
18453 26918
7520 19835
4454 8501
13076 13002
21288 11926
5449 26918
36195 978
11421 43326
18471 5083
30961 18453
3042 40600
21288 43104
12454 17149
23353 46721
40600 28284
19273 29972
23547 5449
21499 28217
21288 41080
41080 16063
32885 1243
33152 15824
12801 1243
5033 16791
7520 8717
49046 49426
49046 21288
44538 20663
23493 24099
19273 6968
8501 10864
32885 21288
5512 41080
34811 30838
30838 5033
49979 7407
1243 43104
4454 34914
49046 23353
34760 18471
4045 42701
19190 49358
6125 12801
3447 40600
32281 49979
7018 35549
20663 43552
7520 4454
40600 18787
19112 29972
39817 16791
35370 23611
18453 18471
21776 7350
44465 19190
47977 16257
39006 23611
13938 11421
29972 34024
17871 24350
19273 35370
23493 39006
35370 27680
23161 13002
33152 18471
978 34760
16791 37127
6968 35410
23353 24838
799 3447
7018 45314
10270 7407
19273 18638
7520 16270
978 3042
23547 15824
34024 26918
20088 34914
5710 8501
41080 43326
37127 35693
39006 8759
6968 16791
43552 20088
23173 32885
3447 41660
5033 35370
35139 43326
2431 49426
45585 21313
28284 5710
6968 5710
46721 16791
27680 19190
12801 4609
44465 4454
9186 13938
23173 14448
7350 11711
12454 35139
29972 4045
35410 799
37378 17149
43104 5710
17149 44538
1848 39006
35693 29121
13002 9186
19273 17871
36829 39817
1848 35781
3447 18453
7407 49426
15824 37378
16791 43326
18638 19079
12454 13614
23353 13076
7018 28217
16063 28284
45495 21816
26918 35781
49358 7018
38224 35781
29121 49979
21313 37127
35549 5191
1243 13076
27680 39006
34811 3782
1243 2431
34914 13938
37378 5083
28284 7520
17871 34914
23611 799
5710 41660
23576 5710
16257 23173
29972 15824
24838 23353
31437 33152
978 19835
3791 19273
35781 18453
47977 44465
23493 15824
13938 37127
19439 2703
20511 29972
35410 24099
45495 49046
15824 20088
11421 1848
24350 42807
21816 35549
45495 28217
12454 24099
35410 4454
11421 5512
4899 14448
13938 7018
49979 46721
49426 23353
9186 36829
21776 799
23547 19187
29265 19190
5449 12454
24099 42701
12801 3782
5512 39006
48852 28217
14448 3791
34914 21816
45314 30961
30838 6968
6985 38747
19079 18787
5442 7407
14448 5033
4045 17871
19112 23576
4899 24350
19835 978
28217 42027
9186 49426
41080 20088
3782 10270
7018 30302
19187 16270
24838 12801
22286 46721
19187 23547
978 4586
28217 9186
30961 7350
12801 24838
6125 39817
4586 35781
14689 18471
21288 28284
37127 34914
46721 10556
46721 4454
32885 7407
45370 6968
16063 44465
48009 4454
39817 46721
11711 15824
5442 7520
8501 11926
3791 38747
18638 8501
23353 44531
16270 7350
5710 10270
48009 45370
42807 27035
42027 45370
27035 23161
18471 4609
3447 24099
21499 26918
16063 49358
24838 18638
23161 27680
43552 4586
24099 20511
978 40600
47966 16791
10864 17149
19835 22286
29972 14448
17871 43104
24099 9186
35549 15824
30302 27680
49979 19079
6125 14448
14689 21816
6968 13076
47977 14689
13614 36829
49046 45495
10270 17871
47966 32885
16270 27680
40600 32281
30961 42027
44538 48009
31437 4454
13076 35370
35549 5083
5191 41080
34811 33152
31437 4045
26918 23611
49426 26918
23493 44538
6125 18453
19439 10556
26918 4609
26918 23547
35410 29265
20511 3782
4609 24838
24099 15824
1243 5191
42701 44465
37378 8501
19273 21313
43552 3042
29121 17149
46721 30961
16270 20663
44538 4609
49979 20511
28284 44465
28284 35549
29121 5710
10864 4454
37127 19112
1243 4609
19187 4899
49046 10485
23173 39006
13614 39817
1243 20511
12801 30838
30961 2431
18787 37378
3042 19439
48009 39006
42807 10270
34914 43552
47977 799
32885 42701
23611 33152
10864 41080
18638 30838
31437 21776
35781 49358
42701 12454
20511 5512
22286 31437
28217 39817
34760 45314
1848 29121
26918 4045
4045 32885
11926 35781
29972 33152
47966 7520
45314 14448
5449 28284
10556 47977
35370 41080
30961 23493
8501 45585
12801 13076
42701 5449
27035 7520
10556 49046
41660 5710
37127 8759
4454 49358
11926 5191
11711 1848
13614 5191
16270 4045
5191 19835
23493 5512
46721 19079
20663 24350
17871 47977
37127 23353
42027 26918
10864 11421
18787 6125
39817 5083
22286 20511
10864 45585
10270 20088
12454 23576
12454 9186
5442 14689
3042 45370
23161 34760
32885 23611
23353 40600
33152 9186
4899 10556
5449 14689
8759 36829
9186 26918
4045 8759
34811 39006
16063 49046
5449 11711
21313 27680
30302 19190
5083 16257
13614 30302
978 3447
29265 19273
43552 45370
23547 38224
10864 16791
44864 34914
19112 35693
47966 16063
44531 37378
14448 14689
45585 45314
3042 16270
48852 44531
24838 35139
36195 23353
7018 34811
10270 38747
27035 18471
2431 13076
18787 4045
48852 24350
12801 28284
33152 36195
799 6125
978 23611
14689 5710
10270 5512
34811 19079
24099 27680
12454 49046
2703 45370
36829 23611
16257 6968
4045 34760
13002 18787
45314 19079
19190 45314
2431 21816
36829 43104
21313 34760
6968 23576
20663 35139
5442 49046
4454 10485
4045 5083
33152 19439
45495 23611
24350 8501
19835 21816
4586 44864
1848 34914
11926 23493
1243 10864
23353 19112
8759 43552
29121 4609
3042 18471
18787 16270
18787 5512
49046 22286
33152 45585
22286 30961
42027 18787
23353 21288
41660 7520
6125 32885
27035 18787
44465 21816
8717 3447
27680 19439
34024 2431
35693 5083
10556 32281
44864 23173
17149 13002
23611 14448
35410 16791
18787 17871
4586 15824
39817 2703
20663 45314
799 47977
27680 43552
37378 10556
3447 3042
18638 6985
21499 7350
36195 29972
49426 47966
44465 9186
18638 1243
30961 28284
24838 2431
20511 10485
29972 7018
5191 4609
19273 10485
45314 20088
49046 13614
46721 5710
11926 24838
35410 42701
