7861
48347 31800
30224 34396
47597 6206
47763 17274
8062 5584
41700 12012
17792 2194
43046 8729
5785 17274
25468 37675
33163 47544
17274 2424
21830 17792
21722 24433
8062 23772
14526 24323
8729 5584
32709 14526
7360 17098
17904 11733
43450 23772
33834 43747
2194 35410
2194 11206
38755 8729
16806 44123
21830 13484
45558 46255
32709 37675
13484 17792
33163 37137
39784 11681
37690 17274
21722 28460
48156 1861
39878 2194
4782 23966
12275 16806
46402 33163
35847 26883
47235 3366
35113 30129
47597 46402
33707 25288
33739 37285
27482 1299
2682 29828
14709 12360
7403 37137
14259 39878
47544 7668
48347 42235
33739 12012
8619 21722
43450 22759
11385 35847
41700 26883
14526 45558
36562 41685
11127 8729
36562 7668
39784 30104
4782 25468
25509 10824
11681 39878
43049 46255
17792 33834
38755 43450
16492 35113
35113 28505
14397 3366
35847 41700
45286 25468
34612 36103
11385 41700
47763 4782
25468 28505
6206 46255
49640 2424
39784 43450
37690 48156
24433 25288
14709 8998
26220 37690
25837 33707
27482 10824
3366 13698
37137 47235
31060 17274
29879 34396
8062 33163
31060 37690
41700 31060
37285 47544
13484 6171
14526 31060
33707 7668
31800 14709
32007 42235
17098 27482
41685 43450
34612 47763
23966 29879
14397 25832
48156 48347
11206 5584
45558 11206
6320 3089
5584 11733
35847 46255
23101 13484
11385 33834
38043 35847
14526 17888
29879 48400
1299 47763
5785 31060
47544 43747
43046 2194
26220 44595
24433 44595
25288 41700
12275 47597
28460 38874
26883 13698
38874 1861
35113 14709
34396 43049
28261 34396
4782 44595
23772 11681
40626 25509
14709 48347
7632 6171
33834 8729
40626 46255
6320 11733
14259 12360
47763 36103
24433 11127
31800 14397
28261 12360
11385 7668
36103 33834
47513 14709
42235 7632
27482 22759
6320 4782
13698 16492
4782 7403
41700 6171
33834 38043
34396 17274
28261 7668
8619 26883
44123 5584
7632 8619
6171 25837
47597 8998
34396 36562
47763 17098
43046 44123
12275 45558
3366 37285
11206 41699
36562 39784
17888 37675
41700 3089
14259 12012
13698 25509
10824 34612
37690 25468
26220 44123
10824 44595
5785 26883
12275 38755
6320 47597
11127 3366
47544 25288
16806 17792
1299 48347
48347 27482
17274 11681
45558 33739
41685 47235
26883 6171
1861 37137
41699 42100
37675 43049
38633 44595
17098 17792
36562 4744
39784 42100
41700 32709
39878 40626
43450 8729
14526 47513
44595 22707
45286 28460
23772 11206
35113 13484
45558 16806
30224 38633
808 17098
7632 25837
39878 46255
22667 47763
45286 36562
46402 37285
47235 29879
32007 48400
6171 3089
11206 30129
12360 35410
29879 42235
32709 26220
22667 41700
43747 47513
47597 21722
36562 47513
25288 34897
5785 23966
47235 2682
33707 29879
47544 21830
46255 8729
3366 48400
32007 25837
32007 29879
23101 38755
8998 12360
16492 21722
8998 36562
38633 47513
44123 38755
25832 1861
7360 43046
17888 5584
42100 48156
33739 33163
33163 6206
45558 45689
34396 21830
34396 33739
6320 35410
11733 26220
12275 43450
14709 7403
37690 42235
31800 4362
24433 12012
45558 34897
4782 47597
7632 41685
34612 31800
43046 38043
39784 22667
6320 25509
39878 45689
7632 46402
27482 17888
2194 23101
44595 47513
37285 34396
13484 30104
17274 42100
43049 38755
29828 2424
35113 3089
12275 28261
5785 29828
27482 38874
4744 41685
4782 30104
14526 41699
2424 38043
2424 37137
36103 43747
38755 47513
3366 43049
43049 42235
4744 24433
41700 1299
4782 25837
6320 30224
42235 28261
22759 29828
47235 4362
46255 17098
33834 25509
14709 25288
25288 42235
26220 21830
36562 7403
22707 46402
46402 23772
46255 49640
38633 17792
7632 808
37675 39784
3089 26220
1299 47544
7668 33834
37285 24433
48156 11385
17792 6206
22759 37285
5785 7403
36562 46402
8062 4362
23101 2682
11385 42235
44595 33707
31060 41700
48347 13484
35113 2194
27482 4362
16806 41699
17098 30224
28261 4362
1299 2194
43747 17098
46402 14397
7360 42100
21830 47763
37690 21722
16492 30224
17904 27482
24433 25832
42235 21830
21830 41700
5584 25837
8729 47597
14709 28460
46255 41700
8619 1861
2682 45286
38755 30104
42235 6206
44595 6171
47513 25837
14259 26220
7360 17904
33707 17792
41700 41699
30129 49640
34612 40626
35847 47544
29828 35410
2682 33163
49640 28460
17904 25837
45689 7632
11206 48156
6320 808
46402 39878
12360 43046
45558 17274
46255 45689
7668 28505
45286 49640
30129 8062
11206 44595
23101 2194
12360 36562
11127 32007
27482 14259
29879 49640
11385 25837
6320 38633
40626 47513
46402 25509
33707 48400
8619 13484
26220 35410
28505 35847
25832 30104
11733 48400
23966 17098
8619 33834
14526 48156
28261 41685
39784 48400
17888 47763
7360 8062
25837 17274
26220 30104
49640 22759
45689 47513
7668 48347
26883 5785
37137 17274
34897 6171
41685 7360
12360 7668
30129 45689
24323 11681
3089 2682
37285 8619
16492 33834
4782 46255
11127 11206
33834 25832
49640 37137
48400 43046
17098 17274
4744 7403
38633 45286
48400 26883
13484 28261
47763 4744
11733 33834
4744 33834
40626 2424
30224 36562
30129 14397
48400 17904
17888 16806
14526 6171
7668 2194
33739 40626
48347 7668
32709 35113
36562 11681
16806 11681
14526 11206
34612 46402
38633 28261
8062 14526
42235 17888
5584 21830
3089 12360
49640 17904
3089 6320
16806 24433
38755 45689
23772 41699
37137 47544
39784 11206
32709 11206
23772 28261
6171 10824
47544 34612
28261 3366
10824 28261
36103 12360
29879 47597
808 33739
22667 33834
33163 37285
17904 43450
23966 29828
32709 25832
43747 11385
10824 35113
14526 2424
23101 46255
43046 47513
45689 6171
13484 10824
47235 28261
8619 39878
17904 8729
25832 17888
32709 29828
43046 25468
17792 38755
48400 43450
14526 1861
11681 8619
38755 43747
29879 36562
42100 25468
17098 44123
37690 34396
16806 48400
2424 11385
23966 47513
25832 47763
2682 25509
14259 45689
45689 22759
47235 45286
48347 40626
12275 10824
13698 5584
14709 25832
37690 36103
48156 34897
37690 3366
17904 5785
34612 11385
12275 25468
14709 12275
36562 47597
1861 25288
22759 3366
41699 44595
42100 43049
14259 808
10824 43049
33834 29879
39784 33163
39784 46402
27482 43450
23101 35410
7360 38874
21722 43747
25288 12360
26883 25288
47235 23772
46255 22667
3366 45286
1299 37137
26883 11385
1299 11681
34612 43747
33163 34396
46402 1299
37137 31800
17904 25288
37285 14709
22707 32007
35410 4362
42100 27482
11385 2682
23966 8062
24433 3089
33163 31060
38633 34612
31060 45558
47235 37690
7668 45558
41685 11681
7632 4782
28261 25837
17888 8062
30104 38633
17098 34396
38874 6206
1861 14709
5584 35410
13698 6320
35847 13484
28261 22707
6171 26220
17098 7668
6171 40626
33707 39878
45689 25837
25509 21830
28505 38633
13698 1299
30104 45286
34897 4362
22707 44123
41700 17888
48156 43747
28261 29879
26220 27482
22667 10824
38043 38874
35847 38755
39784 34612
2194 49640
48400 27482
33834 11127
4744 12012
3089 45558
30129 30224
22759 47544
12275 35847
48156 24433
32007 13698
7403 17098
48156 43450
14709 5584
27482 11733
39784 41699
8729 25288
25288 28460
10824 27482
8062 38874
10824 8729
24323 4362
47513 30129
47513 37675
13484 40626
11206 24323
40626 48400
5785 14526
38633 30129
3366 36562
37137 16492
11206 16806
1861 6206
1299 43450
7632 2682
37675 48156
25468 42100
21722 30224
48347 8998
3366 26220
6171 48156
11385 35410
46402 45286
25832 12275
30129 25509
35410 4744
48156 39878
11127 41685
33739 5584
30129 28261
47763 23966
31060 32007
14259 27482
33163 8729
25832 31060
6171 28261
42235 14397
4744 48400
45689 6206
25837 44123
11681 41699
23101 28460
11681 30129
6171 7403
17792 34396
38755 23772
35847 31800
8062 25288
47544 7360
22707 35847
2194 14397
48400 32007
41685 4362
2194 23966
34897 35410
48347 2682
7360 4362
37690 31800
6171 11127
24433 4744
47763 37675
12275 37675
21722 39878
11127 16492
34396 22707
11681 2194
5584 34897
1861 41700
25509 22667
28261 23966
43450 31800
49640 29879
22707 6206
45558 48347
29828 14526
47235 43049
5584 29828
35113 2682
43049 38043
6206 2424
47235 25832
5584 2682
16806 22707
45689 33834
31800 47513
28505 37137
2424 45286
8062 14259
5785 25468
5785 17888
5584 30104
11127 45286
8619 32709
11385 47544
42235 30129
27482 32709
13698 23101
7668 16492
29828 10824
17274 42235
23101 34897
3366 32007
26220 38633
1299 7668
32007 2682
47763 13484
3366 7632
41685 12360
8619 25288
31060 17904
2682 37137
14709 8729
33834 47235
37285 48156
43046 28261
22667 45689
34396 26220
38633 44123
35410 22667
44123 45286
2682 4744
11681 6320
24433 48156
47597 17904
4782 42235
14259 7632
23772 16806
37675 808
37690 11733
35847 35410
6320 1299
39878 28505
30224 38755
42100 7360
7360 17888
14709 41685
21830 24433
47763 23772
35113 27482
37675 4744
39784 32709
30104 43049
31800 25288
25509 7668
30224 43747
33707 1861
42100 36562
8998 43049
30224 35113
17274 47544
22707 43046
6206 26220
33163 42100
17792 11681
22759 37675
2682 7360
1299 39878
32709 41699
38755 29828
26883 28505
27482 33834
6206 32709
14526 27482
17888 2194
39784 45286
27482 23101
43747 4362
21830 32709
35113 44595
43747 46402
39878 33739
47544 17792
36103 38043
32709 43049
11733 22759
17274 24433
37137 25832
808 45286
45558 41699
2424 8998
48156 47763
14526 4782
8998 8729
30104 34612
41699 23966
12275 14709
41699 17274
37675 38874
32007 5785
25288 33707
47597 3089
8619 6171
6206 21830
17888 35113
36562 37285
13484 36562
808 28261
17792 23101
29879 12360
43046 17888
27482 46255
38043 43747
5584 48156
4744 25468
38874 4362
43747 13698
14709 808
11681 17904
46402 35410
48347 24433
28505 4782
28505 8729
23772 47763
25288 13698
38874 39878
17274 21722
37675 28261
14526 29828
33739 21830
17904 11385
17274 33707
6171 43747
2682 14709
33163 22667
14397 7360
37285 30224
23966 33739
29828 47235
1861 22667
26883 30104
35847 28505
37675 8729
16492 43747
27482 38043
17904 2194
27482 43747
36562 12012
44123 808
16492 28261
43046 35113
2682 2194
14397 7668
35847 29879
14709 37137
22707 14397
47544 28460
11127 33834
33834 43049
46402 13698
28460 42235
11733 808
5785 44123
2424 23966
34897 39878
41699 1861
43747 5584
6206 31060
8729 44123
4744 1861
32007 47597
7668 5584
13484 22707
44123 42100
39878 23772
47763 38043
22707 26883
31060 41699
5785 46255
21722 35410
7403 5584
48156 4744
32007 38755
44595 22667
44595 43049
30224 6320
1299 47597
3366 5584
2194 8062
4362 48156
808 41699
37690 3089
35410 31060
28460 25509
17904 49640
40626 47763
23772 46402
36103 32709
47513 33163
47763 31060
25288 41699
17098 38633
17274 3089
42235 3366
5785 44595
17274 28261
49640 35410
14397 35410
45689 45558
33739 808
1861 4744
34396 41685
48347 6171
45558 26220
43450 2682
26883 17888
43747 3366
23101 8062
12360 6320
45558 13698
11733 7360
39878 33163
34396 32007
808 39878
29828 31060
25832 44595
29879 44123
1299 25288
4744 37137
29828 29879
21830 38874
32007 49640
21830 14526
10824 29879
45558 37690
7632 47597
5584 33163
17098 24433
11733 11206
13484 47513
42100 48347
38633 49640
22667 3366
12360 4362
11733 37285
45286 47235
4744 11127
30104 11681
46255 31800
28505 30224
22667 4362
3366 11681
45689 41699
11681 7668
17888 31800
8998 25288
14526 36103
24323 39784
13484 11681
31800 33739
11681 10824
2194 6320
31060 34612
30129 8998
7632 37137
11681 30224
40626 14259
7360 6206
5584 13484
48156 21722
47513 46255
7632 38043
17792 1299
17904 44123
27482 8998
13698 34396
37690 25509
38874 23772
17792 23772
34897 21830
28505 11681
34612 37675
3366 28261
34612 38043
39784 25837
24433 37675
48400 28261
8619 17792
14259 30129
45558 32709
35410 35113
38043 25468
26883 21830
8729 45558
29879 21722
47763 30129
8062 44123
14397 8729
17098 43049
7403 2682
41699 37137
48400 37285
8729 22707
34396 22667
38043 6320
36103 42100
35847 8619
12012 34396
41700 17792
41700 38043
21830 44595
24323 48400
42235 39878
46255 30104
47544 5584
37675 5584
35113 33707
17274 34897
30104 13484
8062 17274
28460 41699
22667 2194
23101 33707
6206 4744
23772 21722
2424 45558
8062 17098
33834 2682
48400 44595
39784 7403
39784 38633
29879 3366
33739 11385
22707 37690
35410 2424
48400 39878
12275 46255
6206 38633
46402 42100
8619 34396
43450 47513
1299 35847
11206 47597
48400 25509
7668 7632
30129 12275
26220 34612
47763 1299
37285 4362
33834 35847
44595 1299
45558 8729
25288 47544
43049 25509
7668 42235
8998 1861
35113 31800
43747 38633
12012 8729
30104 28505
26883 17792
25832 34612
38755 3366
44123 26220
46402 28505
3366 38633
38874 41699
25837 35847
808 6320
26220 17792
4782 32007
6206 35847
26220 45558
22707 4362
25509 31060
30104 26220
48156 22667
1861 33739
47235 23966
24433 38755
28261 36562
35113 43747
11127 6171
14709 41700
42100 31060
33834 4782
37690 48347
14397 38755
2194 4362
38043 8062
49640 33739
35410 47763
14259 47235
6320 2194
25837 17792
41699 35113
38755 5785
8619 4782
6171 34612
46402 8729
14259 48400
46402 33707
23966 28505
14526 38755
25832 3366
2424 21830
38755 46255
37690 6206
7403 33739
1299 37690
8998 40626
39878 28460
4744 13484
29879 1861
42100 42235
38755 22707
25832 8062
7668 41700
4782 11206
32007 1861
10824 16806
10824 21830
8062 4782
12360 47597
28460 17888
11206 7668
38043 48156
16806 6320
23966 25837
13698 14709
21830 39878
32709 6320
7632 34396
33163 13484
29828 45286
5584 6206
11127 16806
22707 11206
42235 33707
8998 26883
7360 2682
33163 11127
31060 17098
41699 4744
38043 31800
21722 33163
29828 7403
14709 48156
6171 46255
21722 34897
33707 29828
31060 6171
22667 23966
37690 33163
44595 35410
41685 8062
37675 7668
45689 28261
33739 42100
26883 24433
12360 38633
30129 21722
43450 17904
47544 43046
14526 28460
43049 35410
13484 16806
47763 41685
24323 25468
3089 37690
43049 14259
29879 32709
37285 23966
11681 40626
12275 16492
23772 33834
30224 47235
11206 36562
21722 12012
38633 25288
6206 8729
34897 30104
46402 39784
38043 33834
28460 7632
32709 5785
10824 26883
25837 27482
28460 14397
25837 23101
40626 43450
32709 25509
41685 2682
39784 45689
25832 13484
24323 31800
25832 25837
48347 23101
35410 12275
14397 29828
37675 28460
45558 28261
5785 22707
33739 29828
21830 47235
17792 17098
30129 14709
35847 14709
44123 39784
11127 14397
42235 16806
33739 47597
35113 25288
14259 7668
37675 3366
28261 38633
3366 17274
2682 26883
33834 41685
43046 48156
2682 6171
47513 45558
6320 11127
7632 35410
36562 17792
25509 41699
41699 31060
30224 5785
11681 30104
11385 41685
25288 32007
37137 24433
41699 45558
38874 32007
7360 12275
32709 23772
47235 13484
45558 25837
43046 39784
16806 26220
25837 45558
12360 33707
11733 17274
48400 47597
17792 36103
37675 14397
22707 13484
42100 23101
25468 37137
46255 45558
29879 47763
13484 31060
8062 45286
40626 8729
34897 3089
8062 39784
3089 39784
38043 33707
33834 43450
11206 46255
14709 38633
31800 44123
33707 48347
36562 4362
46402 35847
34396 47544
41685 38755
33163 32709
17904 34612
12012 30104
14397 47513
4362 24433
34897 40626
11127 40626
47235 41700
47513 48400
45689 46255
10824 3089
5584 23772
32007 44595
32007 28460
26220 16492
6171 29879
43049 8062
44123 22707
31800 1861
5785 33739
16492 17888
13698 45558
22759 35847
47763 23101
1299 11127
33739 3089
11681 8998
17888 14397
29879 2424
24433 45558
2424 42100
7632 35847
41699 16492
25288 3366
25832 43450
21722 7632
16492 4362
4782 34396
34897 3366
43450 34897
26883 29879
31060 25288
25288 44595
14526 30129
42235 8998
26883 33739
30104 8998
11206 24433
5785 32007
22667 28460
8062 3089
25468 8619
26883 7360
22759 33739
37690 23966
1299 7403
39784 34897
23966 6171
7360 808
22707 33739
24433 46402
6171 8729
7360 26220
25509 8998
22759 17904
3089 28505
42235 26220
32709 38633
45286 42100
39878 34897
12012 45689
7668 42100
13484 35113
4782 47513
11127 47513
38043 42100
25832 43046
49640 31800
4782 12012
37285 37690
17274 30129
42100 28261
35847 48347
14526 4744
48156 40626
29879 29828
17274 34612
38043 37285
36103 38874
12275 33739
38874 34396
38874 10824
13698 33707
11681 25832
12012 31800
22759 13484
33707 11206
44595 14709
32709 28261
39878 11127
22707 29879
11733 33707
21830 12275
14397 37137
11733 47544
39784 8998
45286 2682
17274 25288
8062 7403
14709 23772
17904 13484
43450 43747
17888 48156
34396 808
43049 6206
16806 2194
25832 36103
43450 17098
43450 25837
23101 8619
43049 11385
17792 7403
17904 4744
45689 43049
3366 21722
4744 36562
25288 39784
23101 47544
17098 40626
47544 39878
34396 42235
42100 47597
8062 43049
36562 17274
8062 30129
23772 23101
30129 43747
17792 25468
12275 14397
1861 30129
45558 24323
41700 16806
808 35113
24433 31800
41699 2682
43747 25837
4362 25468
16806 37137
6171 8998
39878 17888
34396 35410
8729 21722
6206 32007
32007 39784
22667 48347
11681 32709
17098 8729
24433 3366
47235 4744
7403 43046
3366 41699
38043 2194
48400 35113
22667 37690
41699 34396
7632 26883
46402 34612
5584 31060
34396 44595
48347 25832
38043 6171
33834 28460
47513 33707
3089 27482
12275 28460
808 47544
36562 25832
22667 38755
28505 25509
34612 42235
13698 12012
24323 1299
21722 14709
3366 48347
4744 32709
5584 11206
41700 24433
43747 6320
23772 10824
8998 44595
21722 12275
12275 7668
12360 41699
41700 6320
38043 17098
2424 23772
48156 6171
4782 17274
43450 38755
33739 17098
30224 6206
47597 44595
30104 8619
38874 2682
27482 4782
11733 23966
25837 8619
23966 26220
35847 26220
34897 31800
47513 12012
37675 1861
43049 29879
43450 29879
14259 10824
17274 46255
12275 8729
33739 4744
29828 17792
32007 33834
36562 6320
21830 11206
4744 7632
48156 23966
14526 8998
21830 7403
16492 24433
17792 1861
43747 33834
46255 6206
24433 25509
32709 47544
48400 14709
38633 10824
12360 1299
13484 44595
16806 37285
37690 5584
43049 4362
29828 45558
36562 3089
808 25468
47513 22667
26883 2682
10824 11385
4362 1861
14397 11127
6206 12012
12360 11385
13484 2424
33739 6171
45689 22667
47544 33707
43046 41685
41699 26220
24433 12275
29879 17888
48156 2194
8619 35410
35113 12360
14397 4744
4782 3089
38043 38755
38874 16492
26883 31060
2424 45689
25288 5785
7360 47544
48400 30104
39784 5785
26883 38874
43046 34612
11206 13484
47235 7360
6206 48347
44595 3366
43046 6171
14397 39784
38043 36103
2682 42100
34396 45286
6171 7668
13484 27482
16806 8729
37285 25832
17792 47235
34612 44123
38874 3089
7360 36562
47235 21830
16806 37675
49640 11127
12012 38755
17274 6320
39878 47597
7403 40626
25832 14397
24323 21722
38874 47544
14259 2194
38755 12012
12360 24323
17904 10824
14397 33739
28505 30129
17888 45286
1861 5785
27482 16492
41700 14397
37137 3089
33834 12275
4362 11385
48400 34612
12360 10824
23966 38633
11681 37675
6206 47235
44123 11733
23772 24433
22707 3089
17904 35847
16806 8062
8619 25509
8729 2424
39878 42235
17904 5584
33707 6206
36562 12360
38633 7632
33707 37675
37690 8998
25468 30104
36562 6171
2682 34612
33163 48347
42100 29879
24433 25837
38043 10824
26220 3366
47597 34897
17792 26220
47513 2682
30129 2682
6171 39784
49640 24433
37285 12360
40626 5785
35847 5584
37690 22759
17098 6320
25832 14259
808 43046
2194 26883
13484 5584
11127 30129
6320 28505
40626 39784
8729 3089
3366 47597
41699 6320
14397 17098
40626 48156
45689 8062
25832 33163
44595 37285
23101 35847
24433 6320
17098 47763
25837 12360
44595 5584
23966 37675
32007 37675
27482 2424
12275 13698
47544 808
44595 38043
31060 48156
46255 26220
14397 13484
5785 2424
12012 33163
37690 14397
27482 5785
31060 37137
47235 36562
13484 23772
31060 21830
28460 23966
30224 25832
11127 25837
22707 38874
27482 808
48156 33163
3366 38874
808 8729
16492 8998
39878 42100
6171 13484
8062 7360
41699 22759
17792 6171
7668 7360
42235 38633
47544 32007
25468 47513
28505 43046
6171 17274
17904 37675
37137 35847
37137 4744
17888 23101
32709 12012
2194 32007
14526 7403
7668 31800
13698 47544
47544 22667
37690 38633
47597 40626
13698 7360
36103 8062
30129 6320
11681 12360
24433 16492
17098 42100
16806 11385
7668 17888
23101 21722
6171 23966
17904 21830
33834 37690
28261 13698
44123 47235
29828 1861
37675 10824
16806 7403
30224 39878
42235 44595
46402 25837
25837 31800
47544 41699
34897 42235
32007 28505
39878 6171
33707 26883
16806 14397
32007 11681
38874 1299
25837 17904
17098 33163
46255 39878
11206 14709
23101 23966
38755 41700
3089 2194
21830 49640
16492 26883
7360 37690
41699 35410
25509 11206
28505 33739
34897 5785
33163 21722
26883 47235
16492 8062
28505 35410
46255 30129
21830 2194
36562 33834
16806 43450
17888 11127
28505 31800
12012 49640
47235 42100
37137 10824
46255 7403
44595 34612
33163 12360
25468 7668
43046 24323
16492 13698
11385 40626
30129 4744
5584 24433
29828 25832
41699 32709
24433 23966
43450 45286
29828 23772
13698 26883
45689 42235
38043 29828
16492 35847
33834 34612
28261 38755
43450 1299
6171 39878
37690 8062
28460 1299
28505 11206
27482 11385
38874 41685
23101 40626
25837 14526
42100 30224
47763 48347
14526 7360
40626 30224
32709 6206
41699 48400
16806 17274
48400 38633
25509 22707
11127 33707
22707 45689
2424 42235
7632 17274
21722 49640
1861 4782
5785 23101
1299 41685
36103 22667
7403 46255
21722 6206
23772 48156
25509 2424
33163 2194
34612 34396
23772 39878
11385 36562
17792 25288
33163 1861
37675 8998
41685 47763
22707 42100
17098 46255
46402 37137
30129 47597
4362 31800
24433 49640
28460 45286
7360 5584
41700 17274
31060 2424
35113 47544
45689 16806
14397 8619
34612 32709
2424 11206
24433 21830
30104 23101
23772 13484
40626 35847
12012 14526
7668 33739
41685 808
45689 38043
35847 13698
32007 37285
22667 43450
7403 49640
47763 39878
47597 13484
41685 46255
8998 1299
8729 14397
43049 1861
16806 31060
38755 16492
31060 12012
4782 8062
23966 4782
38755 43046
25837 33834
37690 26883
35113 7632
24323 5584
45558 10824
21830 6171
11206 4782
47763 29828
13484 3366
40626 8998
42235 30104
34612 48156
14259 28505
2682 24433
38755 37137
3089 21830
26220 6206
47513 17098
808 36103
2424 25832
47513 22707
16492 39878
6206 34897
16806 48156
47544 17098
7360 13698
36103 2424
4744 38874
36103 21830
17274 13484
12275 3089
39784 8729
24323 47763
17792 34897
25468 6206
29828 4744
6206 45689
41685 17904
37285 46402
47597 8619
808 6206
24323 28261
34897 33834
43046 11127
45286 17904
35847 2682
5584 45558
17792 5584
22707 8619
17274 43049
47235 38874
7360 29828
30129 22759
37137 41700
3366 14526
35847 14259
24323 48347
44595 17098
23101 1299
14259 30104
7403 24433
37285 5785
16806 43747
2682 45689
37137 49640
14709 28261
10824 8998
38633 17098
3366 35847
28261 1861
44123 41699
14259 13484
47763 8062
48400 26220
43450 47544
8062 39878
14709 37675
4362 35847
44123 36562
38633 14397
2194 39784
41699 47513
32007 38043
1861 47544
47513 38874
30104 22759
11681 34396
46402 22707
39784 49640
11127 39784
48400 36562
33739 28261
10824 33163
8998 23101
45558 38043
21830 28505
33739 5785
33707 23772
47513 40626
10824 41700
43046 13698
38043 14397
45689 21830
29879 22759
28261 30104
22667 8998
40626 31060
34612 4782
34396 47235
26883 5584
37675 47597
24433 28460
22667 8729
17888 47544
44595 30224
35410 46402
24433 1861
49640 36562
38633 12012
8619 36103
13484 42100
48156 34396
48400 29879
21722 48400
22667 23101
43046 25288
30104 7403
2424 36562
31060 28261
8062 32709
11733 41700
46402 34396
28261 11127
28460 35410
5785 28460
14397 17792
5584 47235
25468 17792
11733 14397
23966 45286
48156 1299
21722 37285
23101 42235
45689 7403
3366 30104
16806 25837
47513 42100
38874 38043
2194 23772
26220 34897
39784 26220
35113 39784
45558 7668
8062 23966
24323 38043
16492 38043
12012 17274
43747 25832
12275 17904
4782 27482
24433 34396
31800 28261
30104 22667
33739 30129
11733 37675
2194 29828
5584 34396
12012 33834
30104 31060
43450 16492
25837 1299
42235 37137
38633 23966
11733 11681
1299 43747
14259 4362
37285 38043
36103 23101
22707 31060
1861 42100
30104 40626
34897 11385
1299 28505
44595 34396
28261 25288
30224 14526
21722 6320
29828 3089
45689 31800
17904 33834
31800 23101
17098 808
7668 39878
1299 23772
45689 17274
26883 37675
33707 6320
24323 34612
3089 16806
34897 27482
14259 17098
11206 14397
38633 2682
45689 27482
7403 23772
6171 4782
11385 11206
33834 14259
28505 33834
8062 37690
32007 33739
4782 39784
42100 4744
16806 30129
33707 36562
31800 12360
27482 25468
17274 7668
6320 24433
808 28505
25468 39878
16806 42235
6206 29828
11206 27482
42100 5785
17888 25468
36562 22759
4782 22759
21830 38755
33739 30224
16492 46402
44123 8729
37690 28460
6320 47544
25509 16492
3089 6171
28505 8619
47513 6320
38874 17904
41699 43747
42235 40626
43049 14526
17904 2424
4782 3366
1299 38874
21722 47763
48156 7360
23772 33163
38755 4362
39878 39784
42100 23966
2424 38633
5785 808
21722 2682
25468 4744
4744 34396
16492 31800
38043 34897
11206 28261
46255 23772
12360 47763
6320 12012
4782 6171
35410 23101
5785 34612
25288 6206
11206 39784
36562 17098
25832 30224
14397 3089
22667 14397
11385 47597
39784 31800
45689 25288
11206 30224
47544 49640
33834 37285
28505 43450
32007 48156
48347 22707
12012 12360
38874 48156
28261 41700
43747 34612
21830 30224
14709 49640
26883 30129
48400 23966
37285 14526
31060 43450
22667 35113
6206 39878
47597 25288
47513 3089
46402 4782
7668 21830
42235 11127
22707 23101
33739 11733
45286 14397
6206 42100
25288 24323
48400 21830
25837 21830
31800 35847
49640 43046
23101 33834
28460 32709
11681 14526
45286 48156
33834 39878
4744 42100
37690 38874
3366 8062
7632 6320
33163 17904
22759 14259
11206 25509
23101 2424
26220 33163
10824 23966
11127 13698
28505 22667
46402 36103
43046 17274
33739 43049
27482 12275
6320 33163
28505 47763
41700 48400
26883 1299
45286 24323
12360 45286
46402 48347
47513 34396
22707 17274
25288 14526
6206 43747
28261 30129
38633 39784
11206 38755
27482 41685
12275 7632
14709 27482
43049 36103
37137 46255
12360 8062
41699 6171
24433 45286
29828 3366
11127 26883
22707 10824
38874 34612
17904 41685
47544 23101
26883 45689
4782 25832
38755 25509
11127 47235
10824 34897
11127 27482
16492 22667
31060 22667
42235 22759
16806 23772
49640 17792
28505 38874
38755 26883
28505 1861
28460 17098
30129 22707
21830 12012
28261 48156
47235 32007
37675 31800
8729 22667
31060 47235
10824 45286
23772 28505
13698 47235
38874 25832
27482 22707
8729 14709
3366 33163
46255 33834
31800 24323
6320 44123
24433 34612
28505 12012
31800 5785
12275 23772
35410 6320
30224 37137
17274 34396
30104 34396
7632 11127
43747 23772
47513 11385
5584 33739
45689 49640
32007 34612
39784 47597
11681 43450
17792 41700
21722 42100
17888 6171
3366 2424
10824 28505
11206 43450
25837 35113
28261 29828
17274 11206
3089 3366
21722 36562
43747 37285
11733 22667
11681 25837
33707 43049
26883 12275
2682 32709
49640 5785
41700 3366
7403 41685
47513 33834
41699 30104
33834 43046
16492 2194
14259 14709
11127 38755
43046 37285
25509 42100
48400 13698
31060 6206
11127 2424
47763 25832
2682 46402
8998 12275
11733 13484
25509 46255
8062 12275
7360 32007
48156 5785
24323 41700
49640 43747
22667 41685
3089 14397
38633 8998
8062 7632
43046 8062
30224 2682
14526 2194
5785 34897
7632 32709
47235 11206
30224 11206
7632 23101
38874 42100
12275 39878
6206 28460
7668 17792
36562 24323
31060 25509
8619 45689
24433 7632
24323 38874
1861 30224
24433 14259
49640 37690
5785 42235
31800 48156
34612 8062
17904 34897
39784 37285
14259 45286
42100 35410
29879 25832
45558 7632
37137 5785
30104 13698
48347 22759
14397 31060
11733 16492
49640 42100
30129 2194
36103 47597
43046 23772
30224 2194
48156 26883
35410 8998
21722 45286
8062 29828
13484 4782
28460 1861
17274 45689
24323 30224
41699 35847
32007 48347
34897 14259
6171 2194
36562 6206
14709 17274
13698 33834
33739 16492
32709 12275
43450 43046
25837 3089
2424 26883
22707 808
11127 1299
26220 808
33707 37690
2682 22707
25837 41685
7668 38633
21722 3366
31060 42235
30129 17888
30104 11733
8729 8998
8619 12275
29828 39878
43450 47597
35113 7668
45558 25509
38755 11127
25288 39878
46402 41699
11681 43049
36103 11733
42100 17274
8062 22667
42235 17274
11206 12012
10824 37690
8619 10824
2424 31800
38043 28261
31800 5584
16492 24323
33739 34612
40626 44595
8619 27482
46255 47513
45558 7360
2194 11733
8619 7668
2424 16806
11733 36103
7668 8998
12012 13698
37690 41700
41699 12275
17274 808
33163 17098
48347 31060
43450 26220
17098 41700
31060 7632
34612 38755
48400 4744
29828 33163
33163 3089
48400 33739
44595 8619
7668 37675
14526 32007
35113 43450
35847 808
21830 26883
17274 8729
1861 29879
2424 3089
47235 39784
808 31800
12275 42100
34897 22759
32709 31060
11385 23772
4782 4744
23966 16492
43450 11385
14259 32007
48347 4362
33739 41699
41700 45558
6320 31060
36103 45558
30104 37690
37675 7360
26883 1861
40626 4782
30129 8619
30224 46402
42235 48156
39878 22707
34396 11206
30224 17904
7360 30104
17792 32709
5785 22667
41699 28460
46402 38633
29828 21830
42235 10824
43747 16492
27482 23966
6320 47513
8998 29879
44595 38633
8619 4744
34396 4362
41699 22667
26883 6320
38043 33739
6320 22707
31060 11206
2194 3089
38755 4744
2682 7632
4744 23772
25468 21830
22759 48156
47235 8998
41685 34396
11733 6320
43450 1861
33707 16806
47544 16806
40626 24323
47513 28460
25288 30224
25288 21830
4782 23101
14709 39878
21830 11733
12275 2424
38633 25832
35113 23101
35847 45558
14526 48400
41685 45286
46255 38633
13484 25837
38633 24323
33739 22759
6171 25288
28261 23772
43450 23101
2682 11681
6171 30129
22759 45558
22667 16806
6320 25837
28460 11733
31800 29828
43747 17274
8619 29828
808 22759
40626 14526
40626 4744
25288 43046
25468 24323
34897 25468
12012 5785
17904 14397
46255 34897
45286 38633
12360 25468
28505 43049
17792 40626
2682 27482
1299 8619
10824 6206
5584 22707
34612 4362
16492 25837
47544 39784
11385 25509
33163 41699
14259 11681
28460 47597
3366 43747
7403 1299
17098 35410
8619 5785
33163 25468
7632 7668
44123 33834
22759 25288
41699 11127
36562 25468
35410 6171
35113 37690
35410 1299
13698 3366
31060 8062
34897 17098
2682 2424
43747 1299
24323 43046
7360 34396
28460 40626
48400 33834
16806 26883
33739 17792
44595 46402
41685 47544
17098 8619
25468 4782
14526 44595
28505 43747
3089 47235
33739 46402
7403 13698
45558 48400
23966 22707
26220 7403
47597 33707
10824 11206
34897 11681
14526 47544
32007 45286
21830 34396
48156 29879
37690 6320
47235 4782
17098 11733
33707 34612
25837 10824
17098 8062
7632 16806
37137 30224
46255 12275
47513 34897
8729 36562
41699 43046
44595 48156
45286 31800
808 47513
21830 36562
17904 38633
41699 6206
808 35847
32709 17888
22667 22707
46255 35847
37690 30129
47544 45689
16806 43046
43450 11206
38874 30224
21722 11127
28505 25837
7668 3089
33834 31800
17904 7668
8619 44123
39784 31060
17888 13484
16492 43450
14397 33163
37690 39784
35113 43046
43046 37690
45689 7668
39878 31800
42100 47544
48156 31800
37137 12275
38633 46255
6320 22759
47513 5785
41700 25288
14259 13698
43049 38633
2194 14709
1861 21830
32007 35113
14526 12275
4362 45558
8998 29828
45689 8619
7360 2424
43049 45689
37285 22667
17904 24323
48347 16806
4744 29879
35410 11681
31060 34396
16806 30224
35410 21830
33163 3366
41699 32007
38755 47235
30129 41699
43747 29828
3366 16492
11681 42100
2682 5785
41685 6320
37675 45689
12012 39784
25288 36103
41700 8619
2424 22759
26883 37137
2194 8998
1861 42235
33739 45689
22759 11206
12275 36562
23101 24323
23966 2682
14709 42100
46402 6171
46402 45558
47763 17888
14709 10824
17904 35410
48156 38755
44595 39878
13484 3089
3089 43747
47544 48347
6206 16806
25468 28261
13484 41685
35847 37137
21830 46255
47763 43046
48347 36562
28460 8998
37137 38633
29879 4744
16806 43049
2194 43450
6320 31800
35113 41699
14397 30129
29879 12012
39878 28261
16806 41685
14526 38043
38874 49640
26220 25832
21722 27482
6320 11385
30129 25837
3089 6206
6206 37690
28261 31060
46255 2194
7668 43049
11127 47597
8619 17098
24433 11681
33707 6171
6171 43450
8062 43747
13484 8619
26883 43046
23772 25468
42235 38043
2194 17098
1861 25837
25832 36562
43049 40626
33834 6206
17274 29828
42100 46402
2682 30129
1299 24323
17098 37285
42235 4744
34897 46255
23101 35113
12012 31060
38874 22759
34396 14709
44123 13484
41700 39784
34612 41699
37285 45689
38043 3089
25468 30129
2682 44123
23966 17904
46402 25468
8062 22707
44595 11127
49640 16806
5584 30224
2424 48347
1861 23772
22707 12012
47235 17904
22759 37690
43046 7360
31800 37285
10824 48347
7360 17792
43049 14397
17098 12275
23966 25288
38755 11206
4744 38633
6206 17888
11385 3089
23772 8062
5584 36562
35847 38874
17904 12360
33707 3366
17274 23772
14259 17904
6320 45286
25288 4782
44123 5785
35410 23966
45558 47513
31060 17888
16492 25832
39784 43046
38043 26220
22707 12275
2682 24323
36103 47763
33739 38043
25468 23966
49640 47513
42235 14526
32709 31800
35847 12360
25837 1861
17098 47544
30129 17098
37675 41685
43450 24433
11206 48400
28460 46255
31060 37285
8619 48347
13484 37690
11385 21830
34612 3089
41685 45689
1299 1861
42100 48400
11385 45286
6171 12275
3089 48156
42100 45286
29828 7632
40626 26883
33834 28261
44595 41700
41685 37690
42235 34897
25837 38874
17888 3366
5785 37285
21722 22667
47513 6206
8729 11681
11681 48156
22667 25509
40626 6171
7403 41699
23101 41700
22759 11127
7668 43450
47597 22707
5785 38874
21830 36103
38633 45689
38874 36562
45286 44595
46402 31800
33707 21830
8998 38874
38874 11733
28460 34897
6171 42235
8729 38043
7403 38043
41699 23101
48156 44595
6320 48400
7360 8729
38874 21722
34396 24433
26220 22667
26220 7668
13698 47513
11681 34612
25832 32007
34612 21722
33739 33834
6171 25509
6171 25468
32007 41685
48156 34612
2424 38755
45286 41700
35410 26883
5584 44595
17098 34897
47763 6320
11681 14709
2194 38874
48400 47513
43049 43747
35113 6206
24433 35410
43046 45286
47597 30129
27482 24433
32007 35410
37137 45558
28460 11385
16492 36562
30224 37690
1299 808
24433 39784
47597 22667
8729 46402
33707 47763
28505 7668
36103 10824
16806 28460
17098 37690
44595 3089
45286 4362
30104 37137
12012 11681
808 7668
36562 31800
4744 28261
40626 21830
3089 12275
47235 42235
26883 43450
43450 37285
4362 41699
23772 36103
32007 3089
36103 17098
17792 8729
14397 6320
24323 13484
8619 42100
41700 2194
14709 34612
10824 21722
38043 44123
23772 21830
37137 3366
39784 23101
11206 31060
14259 23101
25288 1861
39784 13484
13484 12012
37285 1861
39878 30224
21722 2194
8619 42235
4782 22707
26220 11681
6171 23772
29879 47235
47597 26883
14397 8998
5584 24323
48400 23772
25509 8062
4782 17904
16492 3366
3366 39784
8062 7668
1861 47597
6320 47763
29879 7632
37137 7632
25509 47544
42235 37675
31800 11733
6206 25468
25832 21722
14709 17792
26883 48347
21722 47513
3366 42100
23101 4362
33739 35113
29828 43747
7668 12275
8619 32007
42100 3366
30224 11127
47544 30104
3366 23772
49640 31060
41699 21722
21830 6206
38633 43049
31800 38043
26883 33707
38633 1861
1299 24433
2194 25832
22707 1861
34897 45689
48156 17888
45286 26883
42100 13484
36103 41700
22707 27482
23772 47597
47235 44595
36103 36562
34396 38874
34396 43450
37690 1299
24323 36103
33707 24433
8998 14526
808 38633
2194 42235
40626 37137
23772 28460
44123 22759
46402 33739
13484 38043
13484 31800
25837 43049
23966 36562
14259 12275
47763 43049
25288 12012
27482 17792
13484 28460
13698 28460
48347 47763
1299 44595
48400 38755
36562 14526
3366 4782
41699 33163
37690 43049
10824 5584
30129 17904
2682 47763
49640 25832
11385 22707
28460 31800
7632 14526
35847 35113
49640 34897
35847 30224
26220 42100
14397 21722
33834 30224
14526 37690
44595 30129
8998 808
47513 2424
25509 47235
12275 38043
49640 48347
8998 17098
4362 27482
12012 16806
40626 22759
8062 17792
45689 11206
34897 30129
38043 25288
11733 39878
37690 37137
4744 33707
28261 11733
47544 29828
41699 12360
10824 25837
30104 30224
28460 37690
23772 17904
41685 6171
14397 28460
3089 13698
3089 42100
48156 38633
47597 14709
34612 12275
4782 39878
21722 33707
12012 25837
12360 34612
29879 28261
37675 23966
33163 8619
42100 38755
14259 33834
35847 34897
16492 23101
33163 11733
14526 30104
13484 42235
43747 28460
26220 26883
17098 41699
1299 46402
43046 11385
7632 4362
31060 24433
7632 33707
25832 35847
22759 12360
41699 47763
33739 43747
12360 3366
11681 5785
16492 4744
45558 14709
45286 14259
32709 17098
11733 30129
17098 12012
44123 2424
24323 16492
37690 48400
36103 39784
12275 31800
37675 11733
25509 45286
23966 25468
25832 41700
47544 25509
21722 5785
14709 44595
46402 34897
41699 48347
808 27482
1861 48347
37285 42100
2194 25468
25837 29828
25468 11206
17888 41700
13698 34897
28460 37285
27482 25288
11127 42235
33707 2194
6171 30224
33834 21830
11385 31060
11681 31800
43747 14259
37690 35847
14259 41700
4362 22759
29828 48400
7668 30224
11385 14526
41700 25509
8729 31800
37285 7668
22707 31800
5584 43049
25288 11385
11681 4362
26883 41685
44123 37690
46402 24433
36562 44595
7403 25837
30224 41700
6320 32709
47235 12275
12275 42235
39784 36103
5584 11127
45558 49640
25832 10824
22667 35410
1299 13484
32709 4362
14397 38043
47763 27482
37285 25468
43450 34612
16806 3089
38755 13484
48156 7403
33163 2424
43046 42100
4362 48347
48156 12275
46255 38043
14526 22707
7360 12012
23966 32007
7403 37285
25468 29828
4744 22707
17274 31800
8619 38633
5785 47597
28505 23772
13698 26220
14709 3089
36103 13698
39784 37137
39878 44595
5584 49640
38043 22707
34612 26220
7360 34612
14709 7360
42100 25509
22759 21830
25837 39878
2424 46255
42100 6171
43049 31060
47763 12275
21830 2424
29879 16806
38043 11385
25837 25288
1299 33707
4362 48400
24323 23772
30129 34897
11206 17792
8619 808
25288 7360
26220 23101
25288 8998
47597 34612
12012 38874
24433 30129
17098 3089
37675 41700
17274 37675
36103 28460
21830 22707
23966 21722
48156 13484
35113 1299
4362 16806
43747 35113
23772 46255
45689 28460
808 5584
1861 45689
24323 10824
14397 43450
24323 42235
2424 32007
31800 13698
48347 28505
8062 30224
4782 6320
31060 35410
47513 37137
5584 30129
17888 35847
33707 45689
28460 12012
11733 29828
5584 8062
44595 40626
30129 10824
47597 14397
11733 11127
34612 25468
8062 12360
8619 25468
23101 42100
32709 13698
25837 37137
29828 25509
14526 31800
24323 8729
7360 14526
8998 33707
39784 17098
30224 45558
14709 7632
21830 47544
44595 45558
13484 6320
33163 29879
5785 47544
2424 48400
25509 47763
38874 6171
12360 45558
34897 32007
808 25509
21722 25468
23101 11385
27482 41700
25509 37690
35113 30224
28261 7632
49640 32007
41700 22707
11385 27482
34612 7668
11206 45558
10824 36562
35410 44123
31800 25509
41700 33834
23966 48156
17904 26883
31800 34396
808 17274
1861 8998
35113 23966
25509 13484
34396 48156
10824 23772
42235 2424
33834 48400
42100 45689
11206 29828
1299 28261
37690 35410
7360 32709
38633 2424
17904 22667
49640 44123
24433 7360
37137 39878
43450 41700
17904 12275
33707 10824
6206 23966
3089 47513
6171 6320
41699 8998
35113 11385
41700 22667
48400 8619
23101 32709
25509 38755
16806 39784
45558 45286
49640 25837
48347 5785
28261 1299
2682 17098
13484 30129
35847 7668
40626 12012
12360 21722
21722 25832
30224 29828
45689 48347
33834 33163
32007 12360
4744 6320
45689 7360
17888 2682
22667 30104
14397 37285
32007 11733
16806 14709
48347 17792
38633 14259
28460 47513
38755 17904
22707 46255
808 25832
24323 5785
8998 11127
7360 44123
42100 6320
37137 37675
21722 41699
17098 29828
41699 29879
808 41685
49640 33707
46255 23966
40626 23966
8619 16806
46402 11206
14397 47235
31800 45558
38755 49640
43747 41699
41700 13698
35113 45558
17098 14397
37675 4362
48347 41700
10824 43747
7403 24323
33739 38755
2424 17792
34396 7668
41700 37675
43049 37137
14397 27482
37137 34396
30104 23772
36562 13484
31060 17792
4782 25509
35847 12275
32709 45689
44595 25832
8062 42100
28460 36562
24323 1861
39878 23101
16806 2682
4782 37675
47597 14259
36103 6171
8729 34612
43046 11206
38874 23966
41685 8729
33739 48347
25468 41699
39878 44123
23966 48347
22667 11681
11206 47763
11206 21830
28261 24323
11127 47763
16806 32709
8729 28261
28505 36562
4782 7668
24323 48156
4744 32007
7632 11385
41700 38755
35410 12360
45286 22707
46402 2424
38043 7632
24323 14526
22707 37675
4782 28505
13484 38755
38874 31060
34612 21830
37675 11127
43450 33739
17098 38043
1299 5785
47597 30224
38755 28261
8729 25509
11385 28460
34396 37690
30224 11681
45286 3366
14526 35847
16492 25468
7403 7632
22667 16492
8998 21830
39878 45558
6320 14709
8619 12360
7668 43046
25468 14526
40626 47597
17098 35847
33163 44123
22667 23772
14397 37675
44595 24323
30104 48156
6206 44595
31800 46255
16492 14526
22707 17792
41685 5584
41685 28460
17792 21830
22707 22759
44595 808
26220 47763
4362 1299
48347 43046
39878 25832
17274 2682
36562 38874
23772 11733
12275 33834
40626 5584
47235 1861
25837 47597
2424 41699
11733 43049
4782 30224
32709 41700
25509 48156
13698 29879
32709 39878
47544 37675
34396 14259
45558 31800
4782 12360
30104 16806
33163 14526
16806 16492
37285 41700
23772 26220
17098 4744
29879 25509
2682 23772
14709 47763
35847 47763
4362 25288
11206 8998
16492 35410
48400 6171
33163 39878
45286 7403
35410 12012
24323 33739
10824 43450
33163 34897
33739 25288
39878 14259
13698 42100
17792 32007
25288 17888
48156 14526
8729 5785
39784 23772
34396 11127
45558 23772
2682 41699
46402 30224
12012 6206
5584 43046
22667 36562
12360 11733
34612 1861
34396 4744
44595 17792
38633 31800
11206 33834
17904 25468
43747 14709
28261 12012
47763 43747
12012 45558
47513 4362
14259 43049
38043 37690
2424 40626
22707 47235
12275 32709
12275 33163
14526 14397
27482 13484
16806 39878
44123 7632
33163 47513
28261 2424
37285 4744
45286 8619
29879 11733
41699 38755
11681 23101
24433 30104
38043 42235
1861 46255
16492 28505
23966 7403
2682 12012
28505 45689
23966 6206
12012 38633
22759 39878
22707 33163
32709 5584
21722 14397
17792 28460
43046 29879
34897 26883
30104 42100
8998 43747
43049 17274
33163 31800
36103 47544
33739 14397
17274 28505
5785 14397
17904 36103
48400 808
37690 34612
23772 32709
17792 38043
4362 8062
46402 38043
21830 5584
32709 8619
47544 6171
23772 40626
44123 21830
31800 7360
48400 16806
22759 16492
38755 23966
41700 25468
43046 11681
25837 31060
36562 47235
40626 17792
44595 42235
38043 25832
34612 36562
37675 12360
17792 39784
43747 36562
35113 8062
39878 47235
46255 16492
47763 7403
35113 46255
12360 11681
11385 37137
48156 46255
42235 43046
33834 47597
45286 34612
38633 17274
45286 2194
5584 8729
22707 25509
30224 25837
33834 1299
5584 14526
44123 46402
39878 5785
2682 22667
30129 45286
6320 36562
4362 44123
30104 41699
23966 33163
44595 32007
47513 28505
34612 16492
41700 14259
43046 14709
45286 37690
1861 12360
2682 30224
30224 3366
8998 45689
11385 808
28261 49640
48156 48400
8062 42235
2424 25468
48347 25468
17904 4782
30104 35410
25468 16806
30129 45558
44595 23101
30104 43747
1299 2682
38874 45689
46402 33834
17904 43747
36562 29879
8619 44595
34396 48400
17888 8998
39784 44595
38755 30224
39784 34396
47597 11733
26220 47597
30104 47513
3366 4362
33834 10824
17904 38755
4744 17098
2194 5584
41700 30129
7632 25509
4362 17904
29879 38755
4782 6206
23101 11127
8729 34396
38874 32709
31800 36103
30129 25468
48156 17904
45286 12012
2682 37675
11681 38755
43046 36103
12012 29828
29879 30104
17904 43049
24433 42235
14709 12012
25288 22667
47544 2424
23772 43747
17098 43450
14259 45558
7360 47235
48347 11385
42235 3089
3366 44123
36103 41699
11206 5785
26220 25837
47513 29879
2682 43046
35410 47544
38043 5785
17792 33163
43747 11681
47597 2682
30129 12012
24323 40626
17888 4362
11127 23772
46255 44595
11385 8998
8729 11206
28505 44123
48347 23966
47235 22667
37690 32007
28261 7403
24323 2682
14259 11385
31060 33707
5785 7632
7360 7668
33834 11206
41699 28505
48400 8729
12360 32709
26220 11385
34897 7632
49640 47763
34612 33707
6206 30224
6171 26883
38633 27482
11733 25837
11385 5785
34396 35113
36562 38043
34897 30224
36562 48400
808 37690
41700 5785
30104 3366
2682 35410
48347 5584
35847 39784
16806 7632
24323 12275
37137 46402
7632 33739
44123 47597
36562 34612
8729 40626
43049 34396
2682 44595
28460 3089
21722 8729
31800 47544
47544 34396
4744 27482
5584 46255
38043 31060
17904 47235
5584 17792
47597 10824
38874 33707
35113 47763
2682 8998
36562 14397
25288 43747
11206 47235
24433 7668
21722 16806
16806 47544
42100 11385
35847 4782
24323 33834
26883 31800
23966 12012
34612 28505
42100 37690
8729 1299
14526 17274
38043 35410
30224 32007
4782 41685
16806 35113
12275 23966
43049 43046
25468 22667
11385 31800
8062 808
6206 43046
48347 37137
2424 25509
39878 35113
38874 24323
14526 21722
48156 32709
43049 10824
41685 30104
28505 48400
42100 17792
43046 12275
7403 34396
44595 26220
11733 35113
35113 4744
48156 24323
38043 24433
3089 30104
49640 46255
7403 17274
29879 31060
39784 29828
11681 24433
13698 11681
13484 28505
12012 26220
23966 45689
43450 12360
32007 23772
43450 808
10824 12360
35113 26883
25509 36103
11733 7403
44123 37137
39878 47513
43049 25837
38043 34612
25509 2194
44595 47597
34396 45558
48400 46255
1299 17904
6320 30104
24433 38874
36562 43046
43747 28261
45558 2424
8998 45286
31060 29879
28261 42100
36103 11127
37285 6171
47544 27482
43747 38755
17904 31060
28505 27482
48347 38043
11385 17888
46255 4782
41700 29828
34897 8729
48156 28460
14259 16806
46255 35113
39878 22667
42235 45689
28505 14259
38755 47597
24323 24433
34396 25468
8998 24433
17904 37285
25468 47763
25837 5584
47513 22759
4744 808
6171 46402
48400 10824
34612 39784
33707 38043
25837 3366
40626 24433
36562 45689
14709 44123
25509 25832
17274 25832
13484 43747
32007 23101
23966 42100
16492 11206
23101 4744
12275 25832
29828 12012
5785 35410
21722 38633
45286 14709
21830 4782
22759 28505
22707 28460
35847 3366
17098 16492
25832 12360
17098 30104
34612 5584
14709 33834
7668 2424
7360 16492
17792 21722
24433 17098
25288 7632
8619 35847
25837 28261
37285 16806
35410 8619
27482 32007
47235 45689
23772 32007
4782 34612
8062 16492
45558 5584
34612 29879
28460 22667
29828 26883
30129 43046
5785 28261
28261 31800
13484 45286
4782 45689
8998 6320
43450 40626
7360 16806
34897 47544
8998 17888
29879 38043
17274 44123
2194 25509
14397 13698
39878 11206
24323 6320
22759 36562
47544 7632
34396 6206
8729 13698
47597 4362
21830 7668
44123 13698
28460 44595
29879 28460
25288 29828
22667 47597
33834 29828
46255 43049
4744 11733
44595 24433
31800 34897
2424 41685
11206 16492
33739 35410
1861 34897
6320 41699
30224 4782
37137 17098
38043 11206
17888 4782
35410 11127
11127 12275
43046 45689
27482 26883
41700 13484
23772 4744
34396 43747
8998 11733
38755 14526
41699 17904
25509 29879
27482 6320
37137 35410
17274 25468
14397 25288
6320 21722
6171 12360
24323 22759
11127 35847
47763 35410
43046 14259
38633 8619
23101 48400
48156 38043
45558 39878
22707 4782
33707 32007
6171 32709
25468 44595
38633 8729
11733 1861
28505 34396
4744 8998
46402 3366
12360 22707
22667 22759
46402 5785
7403 30104
44123 25509
6320 39878
26220 46402
35847 24433
27482 47597
45558 23101
30129 33739
28261 35113
41700 46255
17904 30104
10824 7668
38874 24433
17792 22707
48400 44123
44123 2194
7360 26883
28460 4362
22667 47235
48347 48156
12275 24433
43450 42235
7360 46402
34612 6206
41700 6206
14526 34897
8062 47235
34396 3366
39878 6206
35847 5785
14259 49640
37675 30224
29828 25468
8619 47235
47513 13484
28460 30129
7668 22667
39784 24323
8619 23772
37675 22667
27482 43049
5785 5584
11385 33739
23966 39784
45689 14259
11681 7403
2424 38874
17792 37690
22759 1861
41685 11733
24323 35410
25837 11206
43046 10824
38043 4362
13484 1299
43450 37675
2424 47763
47597 5785
38755 48156
11127 35113
38874 47763
5785 8729
46402 7360
32007 8729
25837 30129
33739 41700
11206 28505
42235 14709
35410 45689
26220 40626
34396 34612
6171 47597
38043 4744
11733 25288
39784 2194
4362 43450
46255 47235
10824 48400
45689 1861
6206 28505
43046 30104
37285 7360
40626 45286
34897 28261
36103 24323
35847 24323
10824 33834
33834 16806
3089 38874
28261 32007
39784 38755
30224 24323
43049 33834
5584 33707
37690 33739
13484 48400
47544 14709
17274 21830
41699 11385
35847 23772
36562 22707
37675 12012
12012 8619
31060 47597
45689 47235
12360 43747
43049 33163
22707 42235
3089 32709
42235 16492
22667 43046
11206 46402
34612 28261
12360 26220
48347 14526
30104 11385
38043 1299
25837 45286
45286 8729
2194 41699
23966 35410
46402 38755
12275 11127
6320 26220
41700 808
33707 11127
26220 38043
7632 31060
17888 32007
25468 43049
8619 37285
14397 2424
2682 4362
47597 12275
4362 13698
7403 37690
36103 45689
16492 37137
43450 34396
29828 37675
7632 21830
3366 24433
31060 22759
17792 30224
11127 7668
16492 808
12275 47235
26883 37690
43049 32007
47513 6171
30224 32709
41699 11733
11385 5584
11127 21830
40626 34396
37137 38043
11681 33834
39878 8998
31060 4744
38874 11206
17792 41699
7403 33707
17888 3089
27482 8062
48347 23772
16806 25288
45286 25837
48347 7632
11681 35847
31800 41685
44123 23772
13484 1861
14259 25509
42235 13484
35410 29879
10824 37137
14259 47763
37675 38633
36103 25509
28505 42235
29879 37690
12360 44595
5584 1299
22667 7403
6206 37285
8729 11385
17098 47235
14259 11127
10824 47235
7360 45558
48400 2682
45286 37675
5785 8998
13698 1861
14526 41700
11733 11385
34612 8619
5584 32709
33739 35847
47544 25832
5785 47513
45558 24433
39784 25468
3089 5785
2682 6320
6171 37285
39878 13484
47544 8619
4782 45286
4782 1861
33834 17098
4744 7668
40626 28505
6320 21830
30104 28261
44595 17904
11206 8619
25468 46255
47235 47763
17904 28261
29879 17274
37285 2194
14526 24433
17274 26220
44595 11681
21830 34897
46402 17792
34897 8062
17792 11206
14259 36103
35410 47513
48156 37690
12275 33707
17904 46402
48347 26220
14397 35113
38874 25837
1299 14526
12360 37285
5785 14709
23772 7360
31060 2194
7668 45286
47544 44123
45558 25468
42235 11733
24433 47597
25288 45689
47597 45286
34612 22667
41700 17904
48156 49640
47763 4362
28261 11681
45689 30129
16492 47763
25509 12275
31060 47513
41700 43747
43046 27482
2194 45558
25509 16806
35847 14526
4362 17888
30224 35410
42100 26220
39878 29828
32007 3366
14397 42235
14259 37137
43450 3089
5584 37137
17098 33834
25468 36562
17888 26883
4362 30129
44595 38874
38633 11127
14397 34612
10824 22759
23966 44595
7360 25468
12360 38874
43049 6320
38874 12275
11681 34897
32007 27482
47235 47513
30224 7632
17888 38043
2424 39784
29828 48156
49640 26883
17904 48156
2194 33707
26220 2424
8062 34897
3366 48156
6320 32007
29879 11206
46255 2682
8729 46255
34396 2194
35847 43049
43747 43049
11385 22667
43450 14526
7403 47597
8619 16492
22759 47235
48347 43747
22759 12275
47513 10824
23772 35410
1861 6320
11681 43747
46402 28460
17904 17792
7403 13484
32007 2424
25468 48156
25288 2682
49640 35847
48156 25832
29879 48347
37137 23772
21830 8062
36103 24433
17888 25837
28460 47763
30104 47235
41685 13484
14397 24433
35410 24433
47597 808
25468 25832
22759 26883
38755 34897
33707 38755
37137 47763
45689 8998
16492 8729
1861 45558
48347 17888
36562 34897
5785 24323
5785 4782
25509 4744
34396 34897
46255 37137
17792 22667
21830 25832
11206 22759
30129 27482
30129 11733
49640 30104
37675 43046
40626 3366
42100 4362
16492 2682
11681 43046
13698 14259
43450 12012
25509 49640
47513 36562
32709 34897
34612 8729
25288 29879
17904 22707
45558 47235
24433 46255
7403 21830
8998 27482
31800 17792
30104 30129
44123 41685
10824 47597
24323 13698
43049 25832
13698 40626
38874 28460
27482 46402
30104 42235
11681 47763
30104 38874
41700 2424
8619 14709
37137 28460
5785 38043
30224 40626
31800 48400
17904 28460
16806 13698
16806 11127
17888 7403
26883 38043
8062 43450
30224 17098
7360 30129
6320 7668
47597 39784
4744 33163
48156 36103
8998 11681
7360 42235
33834 27482
25837 47763
25832 34897
28261 4744
3089 16492
45558 11733
37690 11127
17274 25837
3089 33163
17274 39784
22667 6171
16806 33739
4744 30224
29879 25288
46255 36103
4744 2682
3366 808
11206 26220
47235 5785
31060 35113
11385 7360
29828 47763
22759 45689
37675 14259
14397 5584
36562 7360
36103 37285
25837 49640
49640 48156
36103 2194
37675 23101
43450 5785
7668 4362
37690 11681
25832 22759
28261 37690
28261 25832
11206 7403
37675 12275
8619 29879
32709 38043
44595 7403
1299 49640
37285 28460
25288 48400
21830 39784
41699 13698
21722 34396
17098 12360
47513 37285
33834 36562
45689 26883
24433 22759
6171 35410
46402 43049
4362 8619
21722 41700
43747 22707
14709 2682
43046 17792
32709 7668
33163 36562
4362 34396
38874 28261
39878 13698
25832 14709
3089 28261
30224 48347
37690 37285
45286 47544
48347 22667
12012 34897
42235 2194
14526 16492
40626 33707
23772 49640
46255 48400
25832 48400
39878 1299
47235 14526
7632 40626
30129 7668
2682 45558
7668 10824
38874 39784
6206 38874
35113 3366
13698 32007
17888 22707
42235 25837
1861 48400
22667 25832
39878 47763
47544 4782
13484 14526
23772 34612
42235 38874
1861 10824
31060 7668
14709 33707
6171 24323
45286 38755
33739 47513
13698 38755
46402 47235
37690 40626
5584 46402
22667 26883
26883 808
6206 47513
31800 17274
35847 33163
30104 14709
21830 37690
22707 14709
4782 40626
48347 38874
38043 47763
43747 7360
34897 2194
3366 16806
48156 43046
47763 45689
44595 41685
29879 44595
8619 26220
8062 31060
11733 21830
28261 42235
11127 8998
4744 44595
13698 12360
33163 46402
25509 33834
22759 8729
4744 29828
41685 1861
25509 40626
30224 43046
3366 11206
25837 6171
44595 30104
30104 41685
21722 37137
39784 808
8729 13484
22759 25509
37137 2194
39878 37690
43046 21722
14709 32007
47763 28505
41685 33739
4362 38755
36562 17888
35113 34612
47235 14259
48347 29879
4362 8729
30129 44595
25468 44123
11127 22667
6320 25832
32709 8062
4744 11206
31060 46402
44123 43049
41699 25509
1299 30129
48347 39878
12275 40626
37675 17274
12012 27482
11127 8619
35113 1861
34396 26883
23101 47235
43049 11733
22707 47763
25832 8998
24433 42100
22707 21830
29879 21830
14526 48347
8619 47513
12360 49640
5584 1861
49640 17274
35113 42235
5785 16806
14397 41700
45286 21722
25837 34396
8619 17888
47597 16492
2424 33834
25832 35410
49640 37285
3366 25837
12360 27482
14709 17098
48156 16492
46402 47763
12012 46402
2194 11681
11127 46402
11733 6206
5785 49640
5785 30129
43049 4744
7668 6320
45558 37137
31800 12275
30104 49640
26220 25288
30104 4362
8998 28460
11127 30104
21722 17098
14526 39784
31800 11385
29828 17274
37285 29828
42235 33739
2194 40626
4782 24323
16492 29879
41699 4362
39784 4782
42235 7668
29879 1299
16492 48400
17792 24323
24433 43747
29879 2194
17904 13698
12012 47597
7632 43049
14397 12275
8998 33163
14526 11385
13484 14259
43747 31800
38043 16492
42235 8729
7403 6171
43747 37675
45286 43049
22667 4782
24323 33163
38874 43046
3089 1299
16806 38755
12275 2682
7632 7403
3089 4744
16806 23101
24433 4362
35410 808
28460 808
12275 36103
11733 34612
26220 41685
28460 37675
12012 30224
8062 35847
14709 48400
4782 11385
12360 25837
30129 28460
11385 47763
10824 31060
46402 38874
24433 43046
28505 17904
37285 14397
13484 22759
28261 39878
30224 45286
35410 11206
30224 30129
3089 22759
45286 43747
14526 42100
23772 17792
41700 25837
23772 24323
22759 34897
41685 3366
17888 28505
43046 17098
38633 22707
44123 8998
13698 3089
12012 28261
26883 47513
43049 7403
28460 26883
23772 43046
33739 25832
37137 808
45286 33739
30224 37285
34897 44123
35847 40626
45286 30129
24433 29828
14397 2682
34396 47763
47235 47597
3089 42235
34897 43747
12012 45286
41700 28505
22667 2424
14709 11681
35113 48347
38755 42100
8619 5584
4362 47235
35410 38633
30129 11206
27482 7403
43747 46255
36562 8729
8998 42100
29879 31800
35847 25288
7360 8998
7668 6171
5785 17098
43747 37690
30104 36103
47235 17888
4362 4744
25837 13698
8062 6171
24323 26883
39878 41685
43049 36562
29828 1299
35410 2682
30104 45689
23101 22759
45689 23966
47763 46255
38043 26883
47235 44123
33707 13698
16492 37675
28505 49640
17888 44595
8729 41685
31060 38633
33707 28505
37690 44123
7632 48400
17792 44595
30104 5584
45286 39878
49640 12012
12012 35113
47763 30104
49640 14397
37285 38755
33707 43046
34612 24433
808 26220
28505 41699
4362 808
25468 2194
47763 33739
6320 28261
25837 13484
17888 39784
45689 33707
25509 17888
24433 17274
30129 38633
2194 7632
37285 26883
47235 45558
11127 28505
36562 22667
47544 38633
39784 30224
11681 4744
22707 2194
37137 8729
28261 37285
22707 28261
48400 22667
37285 39878
34396 17904
43450 47235
25468 35410
14259 2682
47597 11681
30104 22707
41700 27482
14259 35113
7360 24433
25832 13698
2194 30129
41685 43049
5584 25509
33163 41700
32709 35847
48156 7632
8619 2424
24433 14397
47763 25468
32709 7360
16806 11206
17792 27482
27482 48400
46255 11681
11127 36103
3366 12360
8619 43049
36562 28505
17274 43450
35847 47513
6206 48400
13484 46255
12012 25509
3366 8729
37675 17904
1861 43747
31800 28505
30224 13484
38755 48400
44595 29828
41699 14397
47544 42100
8619 11385
48156 11206
38043 40626
11385 6171
6206 1861
43747 47544
1861 32709
8729 30129
30129 38874
47544 48156
43747 24323
2194 38755
17792 35847
29879 39784
17792 14709
23101 36562
46255 24433
47513 47597
12360 25509
5584 25832
808 17904
33739 24323
33707 43450
4744 25837
32709 4744
16806 14259
39784 42235
48400 38874
29879 34897
27482 30224
11385 37690
35410 42100
40626 41699
23966 43046
38755 35410
48400 17098
17888 23966
16492 17792
34396 1861
11681 21830
47235 11733
26883 47597
35847 1299
12012 11206
23101 25509
45286 48347
17792 37285
32709 21722
10824 37285
31800 17904
16806 47597
46255 11206
5584 26220
2194 28261
43046 33739
30104 11127
2424 30129
23772 11127
4782 36562
7632 8998
38043 11681
8729 24433
5785 43046
43450 25288
36103 48400
36103 32007
11206 28460
28261 45558
47544 47513
22667 36103
4782 7632
11733 42100
34396 14397
10824 46255
11385 48347
3089 11206
46402 26883
26883 6206
33834 32007
47235 41699
8998 8062
2682 5584
44123 24433
35410 24323
47513 23772
12275 43747
43450 23966
31060 41685
38633 12275
2424 7632
29828 11127
44595 33163
17792 25509
32709 14259
808 38755
36562 1861
4744 39878
21722 42235
43049 32709
7360 46255
12360 33163
3089 29828
11681 26220
17098 11206
23966 43747
14709 2194
25468 24433
17904 39878
25832 23101
11206 43046
17904 45286
23101 17888
16806 49640
8062 30104
24323 34396
34396 10824
1861 7632
41699 3089
21830 8619
30224 25468
2424 31060
48400 16492
21722 32709
38874 14709
37690 4782
13484 33707
8619 38874
43046 34897
44123 26883
24323 23966
17098 33707
16492 14709
13484 45558
43046 43049
2682 29879
43450 25832
47513 41685
23101 16492
2682 8619
6171 22707
28505 29879
30129 26220
43450 7632
14526 38633
33163 48156
48400 41700
47763 10824
47235 37137
22707 11127
30129 26883
1861 29828
26220 8619
43747 17792
5785 25832
8998 2682
43046 32007
43046 808
14709 11385
11681 45286
48347 34396
30224 30104
30104 24433
49640 14709
28261 40626
31060 13698
37690 33707
37690 12360
27482 45558
47544 45286
11681 1299
11127 34612
3366 37675
47513 11206
8998 30129
12360 16806
45558 12012
11681 45689
25832 33739
11385 35113
21830 17098
17792 12012
7632 5785
12360 22667
26220 8729
25509 21722
808 45689
36103 1299
37675 23772
48347 7403
41685 44123
17274 16806
35113 34396
29828 40626
25288 37690
38755 8062
48347 11733
46255 44123
808 42235
1861 45286
32709 4782
25832 35113
12012 37690
26220 16806
7403 2194
16806 8619
37285 34612
17098 17888
30224 21830
47544 42235
23772 45689
31800 43049
17098 1861
4744 43747
5584 7403
14709 30224
34612 35847
13698 48400
47513 44123
21830 38633
25288 17904
48400 4362
37675 17888
38874 5785
43046 16806
12012 42235
25468 38874
47597 38755
27482 1861
41685 7403
17274 48156
37675 26220
35847 11733
7403 35847
6171 34897
33163 30129
2682 17274
25509 33707
30104 17274
7360 39878
45558 22759
29828 11206
21830 8998
8062 48347
11733 17904
14259 29828
37137 28261
11385 32007
37675 46402
45689 38874
25468 26220
47597 6171
13698 45689
8729 17098
24433 28505
43049 42100
45689 33163
38043 43049
25288 25509
23101 23772
28460 4744
30224 7668
29879 33834
11127 1861
23966 30104
37285 31060
37690 43046
11127 48156
29828 27482
45286 23966
45558 21722
8998 22707
48400 49640
23772 7403
45689 10824
1299 25837
29879 8062
45558 25288
47763 32709
23101 28505
13484 47235
38755 38043
46402 4744
44123 38633
33739 28460
7632 22707
1299 45286
45286 16806
22667 7668
42235 6320
43450 17888
31060 34897
38755 47763
44595 12360
45558 7403
7668 46402
2424 24323
31800 21722
47513 14259
14397 4782
6320 38043
33707 7403
1299 8998
41685 5785
17888 25288
7632 43046
17888 30129
28505 8998
13698 46402
41700 48347
31800 23966
7668 25832
28460 33707
28460 6171
46255 14709
47513 23966
44123 46255
47597 42235
46402 6206
3366 22707
7360 37285
28261 7360
43046 47544
47763 31800
23101 29879
4362 11206
44123 12275
45689 23101
41685 40626
40626 7632
28460 28505
44595 16806
12012 47544
32007 33707
45286 46255
17274 11733
37675 38043
47544 46402
24323 43049
43747 28505
23772 7632
41699 47544
48400 45286
42235 23966
12275 11733
38633 37675
36562 45558
45558 4744
11206 48347
12012 28460
3089 46255
17792 7632
8062 28460
22667 46255
22707 5584
8998 48400
34897 17274
30224 5584
7632 17098
31800 41699
48156 2424
28505 28261
33163 2682
32709 48347
7668 34396
12360 29879
13698 38874
23966 1861
5584 22667
22707 24323
41699 39878
10824 32007
33739 7632
11733 35410
8062 49640
30104 33163
34396 37285
10824 25288
46402 808
26883 22667
49640 16492
47763 24433
11681 28261
13484 34396
23101 43450
12012 14709
31800 32709
17098 43747
35410 17098
44595 25288
37137 17792
22759 46402
8998 11206
33707 17098
29879 8729
44595 7360
2682 49640
8062 26220
4744 37285
41685 22759
35410 32709
42100 1861
30129 48400
41685 11206
38633 47763
41700 5584
12275 1299
3366 7403
37285 808
35410 25468
13698 30104
24323 43747
49640 28505
33707 41699
48156 28261
5584 38755
21722 26220
7668 14397
23772 23966
3366 45689
47763 11385
3089 5584
25468 13484
11681 11385
43450 33707
29828 34897
8062 47597
33707 808
6206 14259
35847 4744
46402 2194
6320 37137
16806 29828
4744 21722
16492 48156
47597 41700
24433 11733
34612 7360
14259 17888
25509 31800
11127 6320
17098 6171
27482 37137
36562 23966
11206 32709
7668 43747
28505 36103
31060 26883
25468 2424
13484 21722
35113 47235
29828 41685
28505 46255
808 12360
28261 5785
3089 31800
10824 11733
38043 45689
25832 47513
14259 21722
31060 14397
33834 34897
36103 37690
12275 29828
25288 28261
7360 28460
1299 8062
47597 28505
2194 37285
16806 6206
35410 38043
3366 12275
23772 36562
11681 28505
31800 3366
6171 36103
43450 43049
25832 22667
17274 32007
4744 26220
14709 4744
7403 14397
35847 29828
41699 38043
33834 1861
14709 31060
25468 11385
12360 32007
2194 47513
33163 11681
33163 49640
29828 46255
36562 11733
1861 36103
8062 38043
43049 30224
31060 16806
3089 43049
34897 8998
41699 29828
14526 2682
37675 29879
11127 34396
22707 11733
33707 14397
2424 37285
47597 12012
6206 25837
46402 10824
43049 16806
11681 38874
28261 17904
41699 4782
30104 21722
29828 26220
11733 41699
25832 28460
1861 35410
10824 17274
14709 4782
48156 808
11127 2194
21830 38043
1861 47235
33834 24323
10824 35847
17904 2682
48156 32007
27482 8729
43747 11733
37690 25832
45286 8998
47235 8729
35410 43049
25288 43450
33739 2682
23966 8729
1861 38755
24433 16806
34612 31060
3089 37675
14259 34897
43049 33707
11733 33739
2194 11385
17904 3089
3089 25288
46255 17792
43049 2682
11127 39878
34612 8998
4744 4782
17098 42235
43046 39878
11385 24433
43046 16492
7668 1861
25832 29828
31060 48400
17098 23772
43049 46402
37690 25837
2194 25837
45558 28460
34612 1299
3089 30224
26883 34897
34612 25837
2424 28460
41685 25509
39878 7403
35113 28261
30129 31060
13698 30224
10824 42235
1299 10824
48347 6320
8998 42235
32007 24323
22667 39784
33739 34897
41699 24323
6171 36562
13484 33739
44595 27482
6171 47544
28505 26220
41685 34612
5584 37690
46255 5785
21830 43046
6171 2682
11127 30224
47513 1861
39784 13698
38633 22667
23101 30224
11733 32709
35847 41699
32709 36103
14397 25509
13698 41699
35410 30104
47544 33163
39878 36562
11127 48400
38043 41700
17792 46402
48156 47513
43046 29828
41700 28261
37137 30104
33163 47235
25509 44123
37137 6320
49640 5584
35113 4782
33834 6171
37675 16492
36562 1299
35410 43046
45558 41685
14709 8619
32007 44123
35847 27482
11206 29879
14709 43049
6320 5584
1861 16806
32007 7403
44595 37690
41699 2194
28460 25468
2424 47597
4782 26220
41699 37675
47235 11127
3089 35847
33739 17274
808 48156
33163 25837
8619 37137
23101 41699
35410 30224
8729 8619
10824 46402
8619 17274
28460 44123
12012 48400
16806 42100
23966 24433
41700 8998
11206 34897
8729 48347
47597 17792
43450 13484
7632 39878
24323 3089
8729 30104
33707 45286
41685 17888
32007 21722
34897 48347
41699 48156
8062 8998
7632 47235
38874 11385
47544 7403
33707 4744
24323 17888
33707 7632
28261 43046
43450 14259
22759 35113
48400 33163
47513 16806
45286 13698
35113 17888
11733 27482
14259 6320
27482 37285
21722 808
2682 13484
35410 42235
22707 39878
38633 28460
2424 24433
22707 48400
37675 48347
2424 30104
35113 33739
12275 5584
11385 46402
30104 14259
12360 11206
30129 37285
47763 26220
8729 22759
47597 33739
26883 47544
5584 17098
16492 36103
11206 35113
22759 38874
36562 11127
38043 32709
8619 30224
8729 43450
22707 25468
22667 12360
7668 11127
32709 24433
23101 14709
47763 12012
11206 38043
17904 30224
28505 39878
31800 37690
10824 41685
17274 48347
13698 12275
10824 38633
11127 43049
6206 3089
25837 2424
2194 8619
28460 25832
33739 8729
22759 32007
16492 21830
24323 8619
47763 22759
17274 28460
35410 33739
34897 33739
28505 6320
43450 35410
25468 11733
43046 41699
2682 40626
25288 1299
21722 39784
1299 7360
4782 10824
13484 21830
2424 48156
22667 11385
38043 27482
10824 7360
21722 13484
8729 41699
26220 3089
8619 2682
37690 45689
24323 44123
16806 38874
48400 47763
17098 7403
17098 2682
4782 33707
26883 4362
12012 22707
11733 31060
37675 1299
47763 35113
6320 11681
34897 29828
17098 38874
7632 28505
16806 25832
35113 8998
2682 12360
37285 13698
7668 22707
47597 22759
2424 10824
28505 2424
33739 46255
2194 46255
33739 31800
31800 39784
48400 2424
30224 8062
23101 38043
13698 5785
34897 37285
11681 44123
38043 8619
30224 43450
46402 21722
37137 6206
11127 2682
26883 35410
13698 4744
38874 34897
14526 25837
3366 28460
2424 43049
11681 27482
25468 1299
14526 34396
28261 22667
41700 22759
30129 46402
1861 33707
23966 35847
8062 34396
47544 22707
35410 36562
23772 44123
48347 43049
23966 47763
24433 33163
39878 14397
2682 17792
12012 25288
1861 32007
47544 23966
8729 2194
24433 38043
16806 45558
26883 48400
22759 46255
10824 3366
48400 5584
37690 29879
47513 49640
14709 35410
12275 44123
42235 44123
33739 17888
4744 17274
3366 10824
2424 34897
22707 3366
5584 40626
7668 12012
24323 11733
38043 45286
22707 7403
14397 14526
45689 21722
45689 37690
49640 23772
33707 34396
17888 30104
7403 43049
17792 6320
4744 7360
17904 47544
2424 12012
34612 16806
13484 4362
46255 47763
23966 13484
47763 22667
32709 16806
8062 25509
11127 31800
39878 33707
25509 30129
33707 42100
44123 17792
3366 6320
4362 49640
12360 22759
25288 47513
808 11127
1861 28261
38874 17274
11385 3366
47763 6206
49640 4362
14397 44123
17792 3089
17792 45286
22707 16492
2682 7668
38043 43046
21830 808
33739 17904
49640 43049
1299 38633
11206 26883
26883 17274
37137 32007
43747 25288
8998 35113
28460 38043
12360 47513
11206 8729
7360 38043
36562 33707
7403 29879
11206 13698
35410 21722
47513 39784
14526 37137
4744 41700
17098 14259
30129 44123
11127 12360
4362 6320
47235 8062
49640 47235
14259 8619
39878 35410
5785 38633
808 11733
24323 46402
45558 11127
37675 21722
16492 41685
8062 11733
8729 33834
12275 48400
34612 5785
34897 16806
38755 2424
5584 41700
36562 40626
45689 16492
30129 41700
36562 46255
28261 33834
25468 47544
6171 49640
33739 33707
26883 11733
48400 11385
23101 44123
47235 38755
17792 5785
11385 4362
43049 48400
22707 30129
27482 40626
47763 25509
37675 25468
31800 46402
37137 17888
25832 808
38043 48347
21722 47544
17888 42100
11385 7632
14259 37285
2194 48347
48400 4782
37137 8619
8619 47597
808 12275
11385 36103
14259 22667
48156 44123
26220 10824
2194 39878
1861 43049
23772 25832
49640 12360
28460 47235
21830 24323
14397 6171
14397 45689
2194 17888
42100 28505
5584 22759
11733 28505
33739 48156
43046 23966
11385 33163
22667 7360
33834 25468
47513 24433
43046 30129
12275 34396
31060 36562
35113 38755
16806 32007
2682 31800
17274 6206
34897 38755
24323 27482
21830 35113
2194 41685
43450 11681
21722 25837
28460 14526
47544 33834
37285 44123
14397 34396
17274 47513
16806 45286
23966 46255
39784 43049
37285 47597
34897 45286
5785 36103
26883 3366
7403 28505
34396 31800
36562 37690
38874 38755
4362 17274
37690 7403
8998 47763
25468 32007
2424 36103
6320 12360
808 25837
43747 21830
14709 46402
32709 17274
25509 30104
6171 22759
46402 11681
48347 47235
42235 29828
4782 14709
31060 23772
28505 32007
45286 22667
47597 46255
34396 22759
23966 14397
36103 13484
32709 22667
11127 44123
38633 4744
48156 36562
17792 43747
10824 11681
41685 31060
37690 38043
6206 10824
5785 27482
37137 16806
34612 14526
4362 47544
8062 5785
2194 21830
5785 43747
22707 48347
7360 35847
28505 17888
42100 31800
40626 16806
17792 29828
25832 24323
45286 43450
40626 25468
3366 14259
8729 17888
25288 44123
11681 37137
37285 22759
32007 16806
28460 47544
6206 40626
35113 46402
1299 6171
4362 21830
17274 12275
1861 23101
35113 14526
48400 47235
33707 12275
39784 5584
41685 22707
26883 48156
11733 10824
33834 5584
36562 23101
8998 25832
2424 32709
36103 49640
11733 48347
21722 11681
16806 808
808 22667
41699 25468
38874 37675
49640 28261
4744 39784
1299 31060
41685 10824
36562 13698
14397 12360
49640 24323
21722 14259
22759 6320
6171 48400
11385 25288
23966 41700
2194 43747
17888 46402
44123 10824
28505 17098
808 43049
43747 31060
37690 12275
36103 4362
4782 25288
11681 38633
21830 43450
38633 29879
28261 47235
8729 26883
25468 31060
35847 36562
43046 48400
31800 43046
4744 43049
22707 47513
13698 25468
41699 45689
34396 2682
11733 31800
37285 43049
8619 35113
32007 808
22759 49640
34897 34396
23772 12360
46402 37690
7360 43450
47544 2194
10824 25832
808 11385
8619 28261
7632 45286
45689 14526
8062 25832
8729 42235
49640 44595
32709 37285
17274 17904
22667 34396
5584 41699
47597 48156
22759 27482
34612 3366
47513 35847
24433 41699
40626 33163
4782 31800
32709 43747
33163 45689
23772 48347
36562 5785
39784 10824
29828 12275
2424 2682
42100 13698
38874 46255
41685 4782
23772 47235
13698 47597
14526 808
13484 11127
7403 31060
37690 23772
11681 808
28460 11127
25832 16492
42100 36103
25509 46402
12360 13484
35410 31800
17274 5785
17098 14709
46255 7668
21722 7360
21830 41685
31060 14526
14526 11127
48347 46402
14709 23966
29828 11681
16492 11681
35113 48400
17098 5785
14397 46255
45286 6206
5584 6171
11733 3366
7360 5785
10824 39784
12360 38043
24323 8062
11681 24323
33163 17274
37285 41699
36103 34897
1861 6171
6171 47763
25468 8998
25509 14397
2194 33163
1861 13484
6171 34396
43747 48347
43747 48156
14397 32709
5785 4362
37675 7632
33163 46255
33739 26883
5785 33834
23772 16492
25468 38043
8998 37675
46402 17904
39784 21722
47544 11206
43747 37137
25509 4362
23772 14709
26220 23966
37137 42100
28505 14397
49640 7360
17274 1299
23101 45689
3089 37137
43046 3089
25832 31800
45689 4362
45689 40626
39878 43450
41699 23772
37137 33163
33707 16492
17274 24323
41685 16492
4782 5785
41700 29879
14259 1861
30129 36562
2682 43049
25837 25509
11127 25509
38755 38633
4362 26883
46402 41685
6206 14526
2682 25468
41700 36103
47235 12360
11733 7632
34897 6320
4744 38755
47597 44123
17274 23101
2682 12275
33739 29879
1861 14259
7668 26883
45558 36562
28261 2194
7632 41700
25837 4744
39878 6320
38043 45558
47513 2194
4362 33834
39784 17904
47235 16492
7403 17904
17888 11385
12275 45689
3089 1861
13484 48347
17098 25837
14259 43450
29828 28261
40626 43049
34612 10824
43747 26220
44123 4782
33707 17274
43046 38755
42100 2424
4744 10824
2194 47544
47597 36103
14397 24323
35847 2194
21830 17274
43049 17792
39784 30129
47763 7632
39784 38874
44595 1861
25837 17098
44123 28261
35847 42100
11733 14709
32709 11733
13484 43450
38633 37690
3089 48400
40626 35410
6320 26883
35847 25832
26883 11206
8619 43450
39878 8062
32709 38874
17274 8619
47763 5584
8619 1299
25837 24323
35113 10824
39878 38633
38043 28460
45689 39878
7632 23772
22759 38633
4744 5584
22667 34897
7632 25288
43747 5785
2194 7403
22667 14526
49640 26220
22759 37137
35410 41700
44123 29879
26883 37285
39784 39878
41700 7668
47513 27482
26883 45558
8619 46255
35847 33739
46402 11385
48156 28505
35410 25509
34612 11733
13698 38633
48400 22707
37675 34612
36562 14709
37137 38874
37285 45558
25468 10824
48156 30129
38633 7668
25832 21830
4744 30129
39878 36103
22759 24323
30224 14397
48400 11733
21722 26883
42235 17792
11385 25468
14397 39878
48400 36103
22667 21722
21830 34612
48347 8729
37285 37137
29828 28505
11385 38874
2682 31060
47597 8729
4362 42100
47544 43450
11733 34396
16806 47763
48156 8729
35847 1861
2194 28505
44123 25832
38874 4782
33739 6206
42100 8062
25837 48400
47597 5584
16806 44595
5785 37675
14397 41685
5785 28505
31800 33834
2424 11127
31060 14259
21722 23966
37285 25837
34612 28460
43049 35847
16492 47544
32709 34396
17274 12012
48347 11127
28505 11385
4362 11127
2424 44123
28460 17274
29879 14259
38633 6171
43049 49640
22759 14709
37285 25288
6320 22667
32007 45558
22759 30104
1299 12275
38874 12360
5785 16492
35847 17098
6206 17904
17888 14259
29828 8729
2424 41700
17904 33707
17792 38633
44123 48400
7668 47763
14526 49640
28261 11206
17888 26220
11127 7360
8062 43046
33707 26220
45558 12275
14397 14259
45286 47597
31800 33163
23966 38043
48400 31060
45558 14397
16806 21830
30104 1299
48347 43450
3366 17904
48347 17098
8729 27482
23966 33834
45689 28505
5785 11385
30224 31800
49640 13698
5785 21830
44595 10824
47597 38874
32007 17792
27482 49640
25288 48347
31800 808
38043 13484
4782 16492
47513 16492
38755 14259
31060 23966
808 6171
42100 14709
45286 27482
17098 1299
4744 44123
25288 2424
24323 33707
808 8619
17888 33707
31800 31060
14709 11206
7360 38633
34897 37675
28505 6171
42100 41700
33739 39784
808 16806
2682 11733
33163 16492
16806 1861
8998 47235
17792 41685
2682 28460
7403 35410
10824 23101
8062 35113
30224 41685
2682 35847
25288 22707
47763 47235
41685 11127
14709 47513
33707 46255
45558 12360
5584 39878
21722 23101
11206 12360
33834 35410
33163 11206
29879 41700
13698 35847
17274 14526
17888 38755
29828 41700
39784 4362
4782 43049
4744 1299
1299 4782
34396 17792
30224 37675
25288 3089
17274 5584
23772 12012
13484 22667
28505 13698
14709 47597
26220 7360
2682 28505
46255 27482
33163 35847
29879 6171
17904 12012
41700 31800
38043 25837
45558 35847
24433 8619
6320 17274
8998 4782
8998 46402
37690 30224
24323 6171
22707 36103
22759 47513
31060 4362
40626 11206
25832 45689
8062 41700
28460 32007
4744 12275
17098 2424
38043 16806
39784 16806
28460 33163
47763 12360
34897 2424
17888 34612
23772 4782
30104 46402
36103 48347
47597 45689
21830 37137
45286 7668
32007 11385
8729 7632
36103 5785
34396 12275
14709 36103
36103 39878
42100 38043
38874 21830
11681 21722
43747 39784
33707 13484
41699 27482
25509 8619
1299 16492
6171 11681
3366 42235
2424 6206
2194 32709
26220 11733
23101 32007
11127 28460
17792 31800
26883 42235
47544 30224
6171 33739
24433 37285
23966 7668
25837 25468
5785 26220
22707 6171
46402 12275
30104 4744
7632 44123
5785 7668
16492 12012
22707 33834
16492 46255
25509 6206
37137 26883
33707 47597
42100 43046
22759 3089
26883 38755
47763 24323
38633 37137
22667 11206
3089 808
2682 14397
12360 43450
38043 23772
37137 6171
21830 44123
17098 21830
29828 32007
17888 43046
12360 7360
23966 2424
41685 30224
30224 16806
25468 28460
37675 35847
36562 41699
14709 6320
35410 46255
3089 39878
13698 27482
31060 21722
16806 13484
14526 40626
35847 43747
38874 22667
8729 41700
28261 26883
25837 14709
43049 7632
3366 25468
7360 1861
17792 29879
26220 43747
23966 1299
48400 40626
8619 41699
35410 34612
35410 5785
22707 38633
808 16492
49640 808
31060 1299
23101 17904
7632 22667
28261 38874
6206 33739
46402 28261
23101 7403
6206 36103
36103 21722
25288 43049
17792 2682
48156 43049
29879 34612
25468 35847
16806 48347
12360 4782
14526 39878
25468 808
7668 21722
3366 29879
32007 28261
25288 14709
32007 4744
37675 30129
28261 45286
29828 37690
31800 30224
22667 27482
34897 17888
22667 25468
8998 12012
23772 31800
25837 24433
47597 31060
39784 14526
38755 31800
25509 34612
37285 12275
1861 37675
6171 38874
14259 28460
21722 47597
2424 49640
16806 38633
26883 24323
4744 43450
23101 34396
23101 26883
2424 7360
34897 29879
33834 30129
6320 48156
8619 43747
11385 23101
38874 6320
17098 10824
32709 16492
41700 23772
39784 6206
45558 31060
48347 29828
17888 21830
6171 24433
46255 33707
10824 17792
21830 30129
5584 47597
25509 45689
32007 47235
38874 26883
4362 38043
3366 22759
10824 30129
37137 25509
48156 31060
21830 37675
47763 17792
47235 48400
38633 35847
21722 11385
25509 37285
37675 45286
5785 25837
41685 47597
17904 17274
6320 38874
8062 16806
23772 48400
22707 35410
17098 11127
47544 4744
8062 25468
30129 16492
41700 32007
43046 28505
6206 27482
23966 11127
34897 36562
22707 29828
22759 41699
3366 31060
7668 48156
23101 43049
14709 14259
26220 31060
25832 45558
2194 3366
23101 11733
38043 23101
35847 30104
36562 25837
24433 38633
39878 808
7360 48156
25468 45558
26883 28460
8062 14397
24433 1299
34612 13698
48156 37675
37675 35410
47763 34612
25509 29828
25837 5785
31800 34612
49640 30129
25468 30224
34612 49640
23101 36103
41699 10824
37137 47513
45286 11681
5785 13484
8998 6206
28460 34396
43450 48400
17098 21722
33834 4744
22667 40626
41685 16806
31800 32007
22667 42235
6320 14259
35847 49640
24323 4744
23772 30129
12012 1299
12360 26883
33834 808
22667 35847
7632 1299
32709 1299
25832 27482
29879 7403
41685 42235
26220 6320
21722 44123
38874 11681
23966 12360
41700 26220
45558 44123
36562 2424
17888 25509
4782 16806
39878 25837
12275 6206
11733 36562
47544 24433
5785 33707
33834 8998
42235 41685
30129 40626
31800 6320
28505 24433
37285 3089
36562 808
23101 37675
30129 34396
14259 29879
41699 26883
22759 47597
33163 25509
38755 30129
24433 14709
47235 37675
7632 43450
5584 4362
16492 22707
35113 14397
24433 5584
43450 31060
43046 37137
1861 35847
31800 47235
23966 23772
4782 30129
8062 27482
13698 38043
28261 39784
37690 12012
6171 30104
23101 22707
17888 43450
39878 5584
39784 28505
11733 17098
44123 14397
4362 13484
11385 46255
39784 11127
4744 38043
46402 45689
47597 25837
29879 23101
34897 17904
28460 41685
35410 43747
28261 47763
5584 3366
41700 28460
37690 35113
34897 14709
29828 41699
30104 33707
40626 25832
35410 37285
35113 35410
5785 12012
29879 35410
7632 12360
4362 33707
8619 8998
21722 45558
6171 16492
4362 44595
25832 43049
11733 30104
34396 8619
6320 25468
30129 37675
28505 2194
35847 6171
3366 31800
22759 4362
33707 28460
49640 22707
8729 7360
21722 6171
44123 42235
38633 23101
43747 38874
42100 44123
41699 38874
2194 37675
8729 39878
37137 36562
37690 13698
33834 4362
47513 48347
38755 21830
7403 36103
13698 4782
17098 4782
13484 37137
34396 23101
30129 13698
21722 38755
41700 43450
39784 48347
2682 48156
22707 1299
41699 1299
28261 24433
31800 48347
34396 30104
8998 39784
4362 12012
39878 34612
36562 38755
23772 42100
23966 22667
2194 16806
43046 14526
33707 11681
35847 7360
17888 41699
13484 47763
29828 47513
25468 37285
24323 32007
43450 45558
7403 38633
10824 45689
48156 25837
37137 32709
1861 26883
47235 21722
46255 11127
16806 28505
16806 37690
17098 32709
11385 34612
43049 25468
8729 29879
10824 13698
39878 17904
6320 38755
37137 28505
17098 47597
38755 39878
6171 43049
7632 45558
24433 26220
5584 23966
33163 7632
29828 33834
38874 7360
16492 33739
12012 36103
32007 46402
39878 30104
11127 38043
1861 38874
45286 25288
17274 14709
25837 48156
32709 30224
28505 16806
28460 22759
32007 38874
42100 4782
37285 42235
8619 46402
22707 4744
35410 34897
47235 35113
1299 43049
5584 7360
10824 25509
47597 26220
28505 14526
8729 14526
27482 2682
47235 48347
41685 25837
34612 37137
32709 36562
47597 29828
33739 23966
12275 7403
40626 27482
44595 46255
48400 11127
37690 31060
17792 14526
48400 25832
28505 42100
7403 46402
13698 2682
12275 12360
37675 14526
12012 1861
42100 12275
34897 25832
17274 4782
5785 25509
8729 33739
23101 6206
22667 39878
6206 34612
8729 47544
31060 1861
25837 12012
33739 21722
35410 33163
12275 30224
25468 29879
43450 44595
13698 10824
34897 37690
26220 17888
30224 1299
13698 8729
44123 25288
25837 12275
32007 25468
8998 5584
12012 12275
38043 39878
24323 28505
34897 21722
12360 28505
7403 4744
41699 34612
14709 17888
11681 39784
42235 6171
38633 33163
47235 24433
5785 35113
38755 12275
45558 1299
14709 29879
11127 13484
31060 37675
1299 37285
35847 46402
44595 47763
46402 36562
45558 21830
47544 6206
5785 31800
44123 47513
25837 23772
48156 14709
25288 48156
33739 38633
1299 32709
35410 33834
49640 6206
44123 11206
22759 26220
38874 44123
45558 33707
16492 31060
47597 17888
47597 23772
8729 47513
47597 47544
48156 33834
44123 17888
17888 17792
43046 7632
17904 16492
37285 2424
38755 21722
47513 47235
45286 41699
23966 47597
49640 42235
24433 11206
37675 27482
47235 37285
16492 48347
8729 25832
32007 42100
42235 24433
11127 45558
47513 46402
11385 30104
37137 22667
45558 16492
28460 33739
2424 44595
31060 47544
13698 48347
11681 17792
2424 14259
23101 25832
12275 5785
45286 33707
6320 43049
42235 25832
47513 38043
11127 17274
5584 47763
12275 23101
45558 48156
12275 43046
45689 8729
47513 43046
11127 37137
40626 12360
12275 37285
12360 34897
7403 45558
14259 22707
2424 29879
12012 7668
14259 34612
8619 40626
46255 21830
33163 47597
43747 23966
7668 17098
2424 26220
46255 29828
25837 47513
46402 6320
7360 39784
17098 45689
7668 22759
26883 34612
42235 43450
47597 29879
6206 5785
1299 16806
23772 35113
41685 49640
14397 14709
43450 5584
8619 14526
26220 11206
47513 4782
7403 808
26883 39878
40626 43747
48156 35410
25288 11127
13484 5785
28505 4744
37285 11385
28261 11385
28460 5785
48347 11681
35410 16806
47597 11206
22707 47597
808 32709
44123 14709
35410 25288
41685 28261
8998 32007
41685 48156
42100 11206
4744 8729
25509 43450
14259 41699
8998 28261
21722 1299
23966 26883
48156 45689
4782 13484
16492 11733
17098 35113
13698 49640
41699 14259
14526 43046
17888 11733
24323 14397
13484 43049
12012 48347
33163 23101
45286 36103
21830 23966
13484 49640
16492 17098
42235 2682
47763 47544
41700 33707
24323 11127
7360 41699
36562 47763
24323 45286
47513 4744
7360 45286
46402 4362
11681 14259
14259 28261
37690 8729
45286 7632
16492 11127
30224 25288
47544 3366
47513 5584
43049 2194
37285 16492
45558 30224
30129 5785
8729 17904
26220 14259
42235 11681
27482 35410
21722 45689
28261 28460
16806 8998
30104 25468
17888 1861
35410 14709
41700 4744
30104 48347
11127 49640
37285 36562
14259 47544
4362 43747
47597 37690
11206 22667
1299 11206
47513 13698
47763 46402
14259 3089
12275 41699
13484 13698
47597 38043
11385 44595
46255 37690
12012 35410
42100 7403
25288 6171
22667 44595
30224 47544
25832 5785
34396 33707
4362 34612
25837 8729
14526 23966
12012 40626
28261 45689
8062 34612
23772 11385
14709 42235
7360 34897
11733 12012
43747 7632
47763 48156
5584 12360
43046 5785
46402 32007
37137 2682
5785 14259
8729 1861
27482 7668
37690 30104
36562 31060
47513 17274
35847 17904
7632 49640
29879 41699
23966 44123
32709 24323
7668 25509
37675 37137
4362 30224
22759 33707
42100 28460
21830 45689
7668 37137
12275 17888
16492 25509
8998 34897
8619 31060
23966 5785
16806 33834
26883 35847
29828 2682
35847 25509
47597 14526
30129 39784
34396 37137
47235 11681
32007 43747
34612 17098
26883 21722
24323 43450
29828 23101
13484 37675
21722 30104
6206 41699
24323 11206
17888 23772
12360 23966
41685 45558
43046 41700
44123 40626
27482 7632
30129 2424
27482 26220
48347 45689
2682 46255
3089 33739
43450 6206
43049 47513
29828 39784
32007 46255
4362 37137
48400 14397
34396 13484
41700 21830
5785 46402
41685 39784
48156 17098
17274 47763
16492 29828
37675 37690
5584 5785
30104 26883
17098 26220
30104 47763
13484 43046
26883 11681
33739 36562
24433 12360
37137 24323
44123 34612
17888 22759
49640 11681
36562 33163
13698 2424
34396 49640
6206 11127
11385 11127
45689 48400
17904 36562
34897 38874
7360 25832
6320 49640
33834 2424
47597 21830
34396 5584
32709 25288
43747 32007
23101 5785
28460 2424
42235 29879
33739 11681
14709 4362
38755 45558
38633 43450
7403 11733
25509 48347
47235 22759
4782 38874
47763 1861
5584 28261
2194 6206
45689 35113
38755 25468
12360 2194
47544 45558
17274 47235
7632 26220
3366 22667
37137 12012
6320 14397
48156 47597
6206 39784
25837 38043
14259 8729
44123 14259
5584 38043
44595 11733
2424 6320
37137 47597
32709 49640
30104 45558
2194 2424
7668 8729
21830 16492
3089 35113
7360 28261
30129 7632
808 30224
22707 8998
34897 13484
17792 25837
24323 31060
23101 14397
5584 23101
28261 35847
23966 30224
38755 7668
32007 17098
16806 12360
34396 2424
48400 29828
7668 32007
25837 11127
4362 34897
17904 26220
2194 2682
46402 8062
43049 8998
30224 8619
36103 3089
1861 14397
47235 28505
27482 30129
25509 47513
37285 43046
35113 5584
45286 41685
8729 17274
27482 43046
38755 2194
33739 47763
43049 31800
13698 17098
24323 38633
808 38874
33707 30129
38633 14709
37690 1861
30129 36103
6320 27482
47544 36562
49640 22667
30104 16492
33707 7360
17274 32709
34396 23772
1299 17888
11733 5584
37285 43747
46255 7360
46402 31060
25837 46402
14259 40626
33739 3366
1861 39878
14709 22667
37675 11385
25837 46255
36562 28261
1861 39784
22667 6320
17904 42100
44595 23772
5785 21722
3366 11127
11681 7632
11733 1299
4362 25509
5785 32709
41700 36562
26220 41700
7632 41699
16806 35410
34612 11681
4744 14259
24433 32709
35113 37675
17098 45286
36562 12275
3366 47235
2424 30224
22759 44595
13484 25288
7668 14709
4744 35847
16492 34396
43046 26220
3089 35410
30224 12275
24433 24323
7668 6206
7632 39784
45286 6320
48347 25509
11733 22707
17274 12360
16492 23966
25837 32709
37137 1299
17274 38633
13484 37285
4744 35410
37675 47544
2194 41700
37690 45286
5785 11733
26220 7632
27482 28505
33707 38633
8062 11206
35847 11385
14709 14526
3089 25468
42235 47513
8998 38633
48400 34396
44595 2194
25509 11127
48156 6320
17098 13484
43747 30129
36103 33739
45286 37137
11206 17098
27482 22667
6171 1299
14259 11733
12360 31800
37285 6206
37675 46255
33163 33707
41685 22667
10824 36103
33163 48400
45558 8998
37675 17792
43450 16806
11733 37137
48400 30224
25509 26883
38633 4362
30224 26883
44123 38874
42235 45558
41685 39878
17274 45558
16806 29879
7403 23966
36103 37675
11385 22759
38043 2682
25837 28460
2194 14259
46402 42235
1861 14526
4362 23772
46402 14709
45558 43747
1299 31800
21830 25837
5785 38755
42235 12275
44123 32007
11385 48156
34612 45286
21722 29828
34396 45689
22707 23966
32007 14526
41685 48400
43747 35410
1861 16492
43747 33707
48347 34897
12360 7403
22667 7632
808 43450
41700 7632
45689 11733
8998 43450
45689 32709
29828 47597
21830 14709
25509 14526
6206 48156
26883 2424
6320 13484
30224 24433
47513 48156
44123 23966
17792 48400
29879 2682
17274 2194
45689 25509
11206 36103
25832 6320
2194 17274
44123 4744
47763 40626
8998 23966
47513 39878
36562 43450
33163 44595
25832 46402
28460 22707
8998 41685
30129 14526
39878 48347
8998 13698
29879 43747
8619 43046
13698 39878
45558 25832
37137 29828
37137 31060
12275 17098
48400 45689
5785 10824
37690 39878
40626 38755
31800 28460
7360 29879
25832 2682
14397 32007
2424 8729
27482 29828
49640 12275
45558 6206
48347 8619
11206 17888
23101 47597
44123 21722
25832 39878
8729 2682
34897 11206
25837 808
47544 34897
45689 43046
21722 17792
43049 30104
37675 3089
11681 42235
17792 8998
46402 3089
32709 41685
6171 14397
32007 36103
17098 38755
35410 34396
16806 47513
16806 36103
11206 47544
14709 39784
28505 33707
44595 12275
17274 10824
14709 40626
34396 48347
47235 1299
38874 45286
8998 14259
2424 16492
23101 11206
30104 48400
4782 37690
25288 8062
14397 43747
24433 43049
12360 33834
11681 1861
47235 33163
14259 33707
17792 17274
7403 10824
28460 48400
49640 27482
35410 48156
33163 30104
43049 24323
5785 48400
30224 11733
7632 23966
26220 47544
7632 24433
42100 38633
48347 45558
35847 17792
34612 11206
25832 48156
21722 7668
11127 6206
34612 37285
34612 37690
48156 3089
2424 14709
38043 30104
34897 24323
23101 12360
35113 35847
38874 14259
25288 30104
33739 37675
12012 44123
4362 8998
3089 25509
1861 24433
36562 8062
36103 8729
2424 17098
37675 6206
17098 28261
33739 42235
38043 38633
17098 14526
8729 32709
12275 11681
36562 37675
47544 6320
47544 35113
7360 43049
37675 47513
30129 21830
12360 47544
31060 43049
48156 2682
7360 44595
17098 48156
11206 25837
12360 30224
22707 11385
8998 7360
12012 32709
12360 35847
31060 38874
47597 25832
28460 35113
3089 8619
29879 43049
27482 12360
45286 34396
38043 44595
34612 33834
2194 22759
43450 7403
32709 3366
32709 3089
7360 36103
45558 8062
29828 28460
14259 8998
16492 33707
4782 12275
44123 38043
34396 25832
25468 47597
48400 6320
35113 13698
37285 11681
3366 40626
38633 23772
33163 14259
36562 36103
12012 26883
43450 46402
44123 28460
44123 11385
17888 14709
36562 35410
43049 44595
40626 13484
48347 13698
3366 8998
37137 11127
22707 14259
808 33163
26220 14709
808 26883
45689 35847
45689 12275
47597 3366
49640 30224
29879 37675
37675 31060
45558 11681
25288 17098
44595 5785
32709 22759
8998 2194
2682 11206
17904 41699
44123 35847
11733 8062
11733 4362
38874 45558
14526 33707
46255 41699
8062 41699
1299 30224
25837 43450
35410 25837
3366 29828
35113 30104
25837 11733
33834 5785
25468 39784
28460 46402
11385 16806
808 1861
30104 12275
33163 27482
12275 14259
35113 33163
36103 22707
37285 35847
32007 31800
43747 24433
41685 28505
7360 4782
12012 2424
5785 30104
41699 7668
6320 33834
21830 45558
33163 43450
39784 11733
42100 17098
27482 42235
40626 3089
4782 43450
2682 33739
5584 25468
43450 3366
42235 35410
22707 17888
36103 35847
22707 44595
23966 34612
30104 25288
11681 11206
35847 11127
33834 13698
47597 39878
12012 43450
40626 47235
42100 22759
36103 26220
31800 38755
44595 41699
26220 24323
44595 8998
37690 14709
7360 11681
44595 45689
13484 34897
2194 37137
7360 23101
21722 34612
35113 16806
30129 24433
35410 43450
6171 43046
35410 4782
40626 8062
33707 8619
8729 3366
34897 23966
14397 34897
28261 16806
4362 5785
47513 3366
26220 33834
40626 2194
6171 35847
1299 35113
47763 6171
46402 8998
42100 3089
39878 4744
2682 23966
7632 38874
23966 17274
45558 47544
13484 48156
7360 41700
47544 41700
49640 3089
38633 32007
17098 25832
34612 42100
4744 14526
30104 5785
12275 44595
7403 17888
11206 14259
32709 23966
40626 17274
43450 49640
23772 27482
24433 47235
12275 2194
46402 47544
11733 47513
12012 11385
23966 33707
35847 36103
48156 30224
808 13698
25832 23966
6171 45558
8998 35847
38874 30129
38043 808
44595 8729
38633 43747
14259 5584
40626 808
11385 32709
2682 41700
14526 8062
5584 2424
41700 35410
17888 21722
23966 7360
46255 34396
11206 39878
37137 17904
39878 43049
34897 26220
35847 11206
5584 3089
45558 17792
7360 37675
44123 7403
38874 44595
3366 14397
36103 28261
3089 11733
11127 36562
32709 28460
16806 36562
12360 14397
35847 6320
48156 21830
4782 11733
28261 14709
26883 41699
8619 31800
6171 8619
45286 28261
42100 14259
35113 22759
14709 11127
8619 14259
23966 8619
17792 12360
11681 25509
17792 808
14709 46255
34897 25288
16806 40626
25509 44595
14709 6206
38874 43450
4782 11681
4782 4362
8729 48400
4782 28261
23772 43450
48347 17274
38043 30224
34396 16806
12360 30104
11681 7360
7360 24323
6320 2682
45689 1299
33707 39784
6320 46255
38874 47597
35410 17888
25832 48347
42100 17888
47544 47763
4362 39878
46255 22759
8619 36562
34396 35847
2194 12275
36103 11385
48400 22759
37285 11733
40626 38633
5584 34612
2424 17274
42100 25837
28261 28505
47513 25832
41699 39784
6171 12012
30104 2682
25468 4362
2682 25832
4782 38633
42235 33163
21722 43450
8729 25468
33707 47235
46255 47544
28460 37137
17098 25509
8998 3366
40626 30129
17792 48156
43046 38633
42100 37285
14709 26220
38755 10824
23772 13698
17098 34612
3089 33707
14709 11733
7360 17274
11127 42100
23101 45286
1861 25832
27482 37690
38874 17098
21830 43049
31060 36103
37690 41685
33834 42235
7403 26883
43450 47763
43450 28460
42100 25288
8619 25832
11127 22759
45558 22667
45286 29879
36562 2194
7668 17904
14259 17274
13698 11733
13698 22667
11385 17098
7403 32007
14259 21830
31800 43450
29879 26220
33163 43046
36562 42100
23101 808
38755 28460
17904 22759
25468 12012
8619 30104
11127 5584
14526 36562
22667 37137
45286 25832
37137 36103
47544 47235
37285 47513
45286 21830
32709 7632
2194 44595
1299 21830
41700 46402
43747 44595
31800 11681
7632 3366
24433 37137
7668 49640
24323 35113
5785 1861
36562 16492
32709 21830
12360 33739
25832 42100
22707 11681
24433 22667
13698 4362
28261 14397
17792 28261
21830 31060
23101 45558
5584 808
22759 7632
7632 28460
35410 28261
3366 41685
35847 31060
8729 45689
5785 47235
