736
17694 43383
2788 7131
45242 46252
10745 12973
2395 34822
9961 30674
2788 32372
38457 10043
9785 21950
17694 30674
14133 41123
2395 21609
34408 32385
12973 41423
14399 38002
38002 2395
12973 34426
41423 24728
19357 17670
34079 38457
30099 39200
17694 34426
43383 41358
32662 11271
17694 15662
32662 15982
7131 12973
32662 15542
44341 21950
34426 15662
11790 17670
47746 44341
10745 19357
21950 15245
32941 39136
2395 32662
17694 39200
41123 8582
41358 43383
34079 5800
17407 44341
32941 33303
15982 41423
22094 39200
21695 21609
47746 41123
41423 9632
32941 16627
38002 7131
9785 32941
34079 46252
2395 27701
10043 34079
10745 39200
19357 9785
45242 17694
33303 12973
47746 12973
43383 12973
16627 2395
32385 12973
24728 2788
33303 47746
7131 32372
34822 34079
33303 39200
17694 9632
16627 15982
34426 14399
11271 43383
11271 34408
17407 9961
41423 21695
32385 17694
15982 44389
15245 5800
8582 47746
34426 43383
17694 9785
17407 9785
33303 17670
11790 9128
32385 27701
16627 8582
17694 17407
9128 22094
2788 32662
43383 15542
34822 5800
2788 15982
32385 45242
9128 38002
16627 34408
9128 21609
27701 13644
13644 45242
10745 2395
5800 19357
27701 14133
44389 41123
34408 15245
34079 27701
30099 32941
32662 2788
13644 34426
21950 11790
38457 30674
15245 15662
41358 9128
17670 30099
8582 21609
14133 34426
32385 38002
30099 9632
32372 45242
33303 7131
47746 46252
13644 12973
17670 41423
9961 39200
39136 17694
47746 34822
34426 10745
41423 21609
47746 9785
13644 32662
33303 30674
13644 38002
13644 15542
30674 33303
14133 19357
9128 17694
10745 45242
34408 34426
9632 15662
43383 32941
17694 32385
44389 38457
2395 22094
9632 41358
15982 39200
17670 32662
10043 22094
22094 14399
21695 9961
12973 15245
33303 44389
38002 39136
2788 17670
39200 19357
9128 14133
11271 30674
24728 15245
19357 10745
15662 15542
10745 17407
5800 24728
9128 32941
15542 32385
21950 38457
27701 21695
15542 7131
8582 32662
9785 12973
21950 33303
22094 21695
32662 46252
32372 34822
30674 17694
17407 9128
44341 32372
34426 15542
19357 32385
41358 22094
33303 32941
34079 44341
9632 5800
12973 41358
21695 10745
7131 32385
11271 34822
12973 2788
11790 34822
41123 9632
17694 17670
30099 34426
32941 43383
41123 30674
14399 12973
24728 9961
33303 34408
38002 47746
11790 44341
15245 17670
13644 38457
24728 41123
34079 21609
44341 9961
10043 14399
10043 43383
39200 41423
33303 15662
32385 39136
32662 21695
21950 11271
10043 21695
9632 34822
11271 19357
32941 21950
38457 15982
38002 15662
34822 45242
32385 15982
47746 38002
14399 34079
45242 44341
46252 14399
38457 11271
10043 21609
13644 9961
32385 43383
21609 21695
34822 41423
17407 39136
32662 43383
14133 34408
32662 38457
41423 41358
14133 21695
32662 32385
22094 44389
34822 44341
9632 33303
32941 41123
9961 33303
14399 17670
44341 24728
21695 19357
11271 39136
2788 15662
12973 11271
11790 15542
46252 17694
41123 21695
38457 32372
27701 24728
30674 9128
13644 47746
41423 11790
33303 44341
32662 41423
9632 10745
45242 47746
19357 39200
11790 12973
5800 15662
46252 11790
14399 9128
14133 9961
15982 19357
15245 39136
17694 2395
8582 38457
32662 21950
38002 30099
10043 27701
32385 9632
39200 41358
41423 5800
11790 41358
30674 5800
34822 15982
11271 32372
39136 41358
24728 32385
34426 21695
2788 10043
24728 33303
44341 38457
34426 9632
32941 41423
9785 46252
32941 17694
9961 17694
38002 34079
21950 34426
15662 10745
21609 15982
17694 38002
41123 12973
32385 9785
15982 39136
47746 14399
38002 45242
32941 32662
27701 9785
21609 32372
43383 7131
39136 44341
30674 9961
27701 34426
2395 15662
32372 12973
10745 15542
47746 8582
21695 41123
41123 15245
15245 32941
41123 30099
41358 45242
46252 14133
41423 21950
15245 41123
32941 21695
32941 15982
33303 2788
17694 22094
32941 46252
38002 38457
2395 41358
12973 10043
43383 17407
9785 14133
24728 47746
34408 11271
32385 30674
34426 39136
9632 11271
5800 15982
33303 41123
30099 17407
14133 9632
45242 38002
34426 38457
17407 2788
21950 34822
34079 34822
41423 15662
39136 32385
30674 45242
38002 43383
9785 44341
21695 46252
34822 15542
15662 39136
39200 32941
2395 14399
5800 7131
14133 22094
2788 15245
24728 34079
8582 41358
32372 16627
19357 30674
14133 39200
15542 8582
22094 17670
24728 13644
34426 32941
8582 17407
30099 32385
19357 11271
32385 9961
32372 32385
17694 34079
32662 21609
15982 17694
38457 45242
21609 38457
41123 19357
17670 15982
10043 13644
27701 38457
9128 5800
47746 10043
24728 17407
34079 34426
2788 38457
34426 47746
8582 34426
17407 22094
9785 17694
32372 32662
38457 9785
39200 22094
17670 15662
24728 41423
15245 27701
10043 41423
32372 15662
9128 11271
16627 9961
10043 21950
32941 14133
11790 21950
24728 17694
9785 34408
30674 32385
32385 46252
12973 9632
17407 21695
13644 46252
41123 21609
11790 41123
22094 15662
5800 34408
34426 17694
21950 22094
32941 2395
21609 24728
14399 32941
16627 44341
14399 15542
7131 44389
34408 21950
15662 9961
17670 24728
9785 19357
27701 44341
32372 10043
16627 21609
21609 11790
30099 19357
44341 13644
44341 41123
15662 15245
11790 32372
27701 17694
17407 21609
41423 34822
39136 9785
34079 32941
30674 17407
30674 21695
15245 41358
15662 38002
10745 8582
44389 17670
41123 45242
14399 38457
2395 15982
32662 27701
14133 38002
32662 34822
14399 11790
19357 21609
17694 7131
17670 5800
9632 43383
44341 11271
30099 2788
10745 22094
27701 16627
38002 17694
41123 10745
32662 11790
30099 9785
16627 15542
17670 46252
44341 14133
33303 11790
34408 39200
38002 10745
7131 44341
15245 24728
2788 39136
46252 38002
38457 15662
9128 47746
15542 21950
2395 34408
41423 41123
34079 39200
33303 43383
9785 17407
15542 39200
43383 13644
15982 34079
30099 46252
32941 34408
45242 15542
21950 17694
24728 41358
41358 30674
17670 17694
38002 33303
32941 11790
21950 2788
32385 22094
15542 15982
44389 39136
10745 33303
45242 11790
19357 14133
2788 47746
21695 15245
39200 43383
5800 14399
8582 39136
15542 2395
34079 2395
14399 34408
21609 19357
7131 47746
22094 9961
14133 13644
38457 34408
30674 11790
47746 34408
43383 38457
10043 39200
5800 21609
14133 9785
16627 17670
34426 34822
7131 34822
47746 22094
11271 5800
17694 10745
15245 34822
43383 14399
21695 32385
38002 9128
8582 7131
24728 44341
38002 34822
41123 32385
11271 12973
16627 17694
34426 32662
7131 22094
15982 45242
11790 32385
22094 34079
33303 17694
9961 34408
39200 17694
39136 44389
21695 38002
15982 46252
43383 47746
24728 12973
15542 10745
46252 24728
34408 15542
30674 34822
17694 16627
10043 34426
2788 30099
9785 2395
12973 45242
9785 34426
22094 32372
32385 19357
38457 21950
2395 14133
27701 41358
11790 17407
27701 30099
17694 2788
9632 2788
16627 30674
9128 38457
39136 41423
43383 9632
15982 16627
44389 15662
17407 24728
41123 44341
30099 15662
9632 14133
21695 15542
32941 9632
17407 15662
38002 44389
47746 9632
45242 2395
43383 21609
32941 12973
41123 46252
2788 15542
9961 39136
10745 41358
16627 9128
15662 38457
33303 9961
21695 44389
10043 17670
39200 32372
2788 19357
46252 32941
17407 41358
8582 41123
30674 14399
44341 47746
10745 47746
15245 11271
32385 34822
30099 15245
9632 47746
39200 10745
44389 47746
34079 15542
32385 32372
46252 17670
15245 16627
21609 15542
38457 13644
8582 34408
47746 15982
44389 2788
21609 34426
2395 47746
9632 13644
21950 15542
34822 32662
44341 12973
34079 9961
34822 34426
13644 17694
45242 27701
44389 5800
32385 30099
15982 21695
32662 33303
2788 9785
21695 47746
21609 9961
44389 41423
15245 8582
24728 32941
14133 44341
9632 32385
43383 15245
41358 14133
22094 21950
45242 34426
14399 8582
10745 44341
10043 11790
16627 24728
10043 39136
15982 32941
15662 22094
15245 2395
13644 9632
8582 9961
2395 13644
9128 30674
21695 9128
15245 41423
38457 41358
10745 34426
22094 17407
9128 27701
2395 38457
34426 16627
30099 13644
38457 22094
44341 43383
17694 39136
41423 16627
5800 38002
15542 43383
47746 39200
19357 2788
34408 38457
14399 22094
24728 5800
19357 16627
21950 21695
32385 34079
32941 44389
17694 38457
2788 24728
5800 30674
2788 34079
34408 10043
15245 38457
43383 38002
32941 32385
9961 46252
10745 11790
46252 39200
21609 43383
27701 46252
45242 15982
38002 15245
19357 9961
30099 14133
21950 32372
34079 11271
38457 34822
11790 30674
7131 21950
47746 44389
32941 14399
9785 41423
34426 7131
16627 44389
7131 38002
17670 12973
44389 34822
17670 21695
2395 5800
17694 33303
12973 33303
24728 21609
44341 17694
32662 38002
47746 41423
11790 30099
12973 17670
34408 46252
39136 15245
30099 12973
17694 34822
17407 12973
15245 44389
21609 45242
38457 44389
14399 44389
41423 46252
9785 39136
41123 39136
32662 47746
21695 11790
17694 46252
9632 17407
9128 45242
19357 5800
41123 34822
5800 9785
47746 15542
10043 2788
30674 2395
