7917
48400 9192
2564 35989
40011 46773
6313 629
5055 22519
9367 38754
32831 46749
46773 44512
42238 27569
16710 49016
33879 38157
25487 18045
35989 19357
24942 32831
9057 22519
16800 36251
2984 42476
49949 33533
8019 22670
33322 629
35147 9192
42238 44785
13539 33365
33322 15327
32249 7146
31369 36282
9057 19004
26799 1470
38305 8405
6313 41938
2564 26159
30236 46773
34539 29421
3633 19357
34169 13109
1252 7146
38305 34539
34539 37422
36851 3633
20939 45323
1532 34169
16222 29861
12561 16658
35147 8068
33879 49007
35989 1252
21603 40011
45816 29253
2702 48949
31008 2702
31008 43637
1532 43637
27349 48949
48949 20539
22449 48882
35989 25685
22519 16658
9192 31369
6087 26622
21195 48882
20027 1111
16222 19357
43637 18711
22904 26622
12561 18711
40011 29253
38305 9817
46773 14372
8264 9057
38750 15327
49016 44785
42238 46289
18045 30236
21603 33322
21594 25685
48400 33879
36851 16222
45950 2564
31369 29861
43637 13109
29253 24942
35147 26159
46577 9057
6087 27349
16799 45950
41396 629
2984 2613
49949 16710
33533 27929
33510 38305
35147 25487
30236 48882
25141 46749
11372 36251
48949 49007
629 29253
19357 29861
9817 1470
16710 16658
33322 34539
22897 21594
10749 36851
9367 16710
34539 23638
29421 10660
29861 12561
2702 44512
24717 1111
45950 17009
49949 46577
34169 30236
1613 33533
37902 49007
34169 45816
30236 14372
12561 31008
22897 2564
24717 16222
9192 38157
36282 26622
1252 38305
28480 46773
42238 10749
26622 22897
37422 48882
13109 33533
27569 26159
36851 9817
13257 16658
1470 3633
39700 45061
2613 22449
27929 34427
37422 42476
20027 30236
45816 1252
13109 46289
39700 22003
8264 48882
33365 33322
27929 31008
19357 48400
25685 36851
49007 1111
48400 46773
35147 10660
21195 41396
25141 10660
15327 46289
37902 45061
29253 9192
41938 16236
18045 49949
10749 16222
26799 22449
20027 19004
26159 25685
23344 16222
26159 6313
5055 26622
21603 35989
1111 26799
27569 34169
31008 1175
15327 21594
26159 15327
31008 25685
49016 24942
19004 32831
3633 41396
33533 3633
1252 27929
22519 6087
6087 28480
25685 31542
6313 23638
43410 21603
1532 22897
30236 21594
24836 42238
8264 13539
8264 31369
18045 49016
9192 22449
14372 8264
9192 49016
27929 41396
42476 1111
26622 49949
33365 36251
33365 24836
35989 46289
42476 45816
45950 9817
17009 33879
33510 13109
49949 38157
33533 26799
16236 32249
48882 44785
46577 38305
26799 48949
2984 24942
38305 21603
8068 8019
27569 15327
22449 33322
9192 9367
5055 31369
16658 8405
2564 18045
21603 27929
31542 21603
17009 8068
46627 27569
26159 42476
9367 2984
46577 42238
45323 1613
36282 44512
15327 30236
40011 9192
45061 19357
20539 22897
13109 37422
31542 35147
41396 20841
36851 26799
33510 20841
46577 12561
22449 37902
38750 33879
34539 44512
41938 45816
26799 13257
9367 49007
38750 31369
34169 26799
22519 35147
16658 31008
40011 43410
19357 34427
22904 33322
39700 49016
32249 16799
20539 48400
2564 1532
28480 1111
49007 14372
29421 8264
10660 31542
8019 35989
9367 26799
9057 22670
16799 46627
32831 35147
25487 13257
46289 24717
34169 37422
1175 42476
27929 2702
27929 48400
1111 20027
20841 24717
16222 33879
27929 16222
7815 20939
2984 13539
1470 10660
43637 34427
11372 33510
22449 16222
20939 6087
35147 1470
49949 25487
35147 16222
35989 37422
43637 16658
13539 46577
19357 9817
9192 17009
49949 43637
36282 3633
36282 13109
20939 1175
32249 16236
16710 23344
32249 20539
26159 26799
43637 43410
13109 44512
2984 45323
24942 43410
38750 44512
29253 3633
21603 36282
8019 22897
22897 49007
38754 16800
1175 46577
16799 27569
9367 37422
37902 1470
1252 9817
22519 16710
35147 20939
41396 29861
31008 34427
21603 629
11372 16799
6313 45323
18045 46627
29253 46773
24717 25487
16800 36282
20939 1470
49949 20939
38754 40011
26159 8405
25141 9817
22904 45061
2702 45950
45323 28480
29421 31542
9817 22904
32831 48882
35989 18045
46627 45816
26159 6087
37902 12561
22670 13257
2702 27349
12561 26622
23344 32249
41938 45950
35147 11372
32831 46627
23638 16222
36282 27349
44512 20539
17009 44512
1175 12561
40011 36851
6313 43637
16710 22897
9817 22897
29253 32249
16710 31369
33322 48949
16799 38754
31542 11372
2564 32831
49949 22003
22003 22519
27349 46773
21195 3633
46773 13109
10749 29861
28480 31542
2613 45323
23344 38305
48882 20539
21594 46289
46577 46773
35989 33510
1532 44512
29861 629
36282 22904
18711 22003
16710 32831
16222 13109
37902 10749
45061 46749
629 22897
35147 17009
26159 29421
13539 32249
41938 36251
37422 1252
29421 34427
1532 28480
19004 6087
26159 21594
32831 9367
9057 39700
2702 21603
22449 5055
7815 44512
46627 11372
18045 22003
8019 8068
46627 31542
22519 37422
28480 33510
16236 38157
38750 9367
22904 29421
22897 34539
6087 2613
46577 5055
21195 1532
33533 45061
22449 39700
9817 27569
2564 45816
2613 18711
41396 16799
8019 42238
22449 46289
29421 41396
27929 19004
21603 31008
49949 41396
36251 22904
16236 28480
11372 48882
44785 9817
26159 37422
1532 46289
45323 16658
629 6087
22003 20027
36251 29861
43410 22904
46773 38157
2702 9367
24717 32831
36282 23344
49949 9057
20027 46749
36251 28480
38157 24942
42476 15327
34539 43410
29861 22904
25685 39700
2984 1532
37902 45816
38157 38750
33533 42238
25487 49016
8068 25141
27349 45816
13257 18711
21603 3633
9367 1470
21594 6087
7815 45323
10660 31369
22897 22519
22897 18711
45061 28480
29421 22519
16710 43410
49007 24717
45950 13539
49949 13257
49016 18045
29421 2984
3633 27349
38754 26799
8068 37902
29861 33533
16800 38750
19004 44512
9192 6313
33533 26622
31008 46749
49016 629
44512 7815
36851 7815
26799 21195
2564 12561
26622 44785
19357 20539
34169 9057
31542 34539
12561 48949
24717 1175
16236 14372
9057 13539
48400 22449
48949 27569
13257 49016
22519 30236
16236 23638
21603 31542
16658 32249
29861 41396
26622 16799
21594 40011
25685 44785
24942 42476
16800 33879
22897 45816
31542 14372
10749 46577
22519 46577
31542 8264
18045 38754
9817 11372
16658 26799
21195 49007
38157 11372
46627 23344
16222 1613
16799 6087
37422 20539
27929 20027
44785 33879
34539 20539
13539 11372
46773 11372
20027 1175
27349 21594
44785 2702
41938 38750
28480 1175
8264 41396
25685 26799
1532 27929
32249 10660
9057 8068
26799 19357
25685 8068
42476 11372
38305 11372
45323 45061
2613 46577
2564 1111
46577 20027
34539 27929
45816 25685
13539 49007
1470 16799
26799 18045
13257 16800
36282 32249
22897 49016
11372 32249
6087 29861
34539 46773
18711 44512
43410 22003
8019 3633
48882 29253
46749 41938
34427 41396
45323 45950
25487 27929
33365 3633
34539 25487
9192 36251
46627 16236
33533 38754
31369 22897
27569 20027
24942 16710
22897 9817
40011 8264
37422 44512
2702 1252
24836 22003
32831 45816
7146 45061
12561 14372
9192 33322
32249 36282
36251 16236
27929 18045
13539 20939
27569 22449
1532 21603
22897 31542
21603 19357
10749 32249
19004 16800
25141 49949
18711 11372
46289 44512
22670 34427
14372 22003
49949 22670
46627 38754
37422 31369
45061 42238
44512 26622
33510 10660
6313 29253
8068 36282
28480 10660
17009 21594
629 18711
29253 27349
2564 19357
21603 46289
22897 46749
2984 40011
49007 44512
9192 45816
49007 45950
9192 23638
16800 21594
46289 36251
8068 38754
37422 5055
2613 16800
45061 44785
22670 20939
33510 33879
46627 36251
7815 24836
36251 24836
27349 19357
32249 46627
33322 24942
25685 32249
46749 2613
5055 49949
21594 25141
48400 21195
21594 34169
22003 42238
22670 32831
45061 31542
629 36282
45816 16658
44785 29421
43410 5055
29253 1613
21195 16222
45323 22449
24942 34427
13257 43637
2564 15327
26622 46627
38754 31369
24836 38750
2564 11372
11372 16800
41938 9817
16799 22904
22897 29253
33510 25487
38305 29421
8405 41396
9192 35989
37902 27569
33879 31542
25487 34169
1532 8019
5055 1613
20939 16236
11372 21195
38305 20027
3633 22897
1613 34169
7815 27569
43637 25685
2984 12561
10749 38305
18045 11372
14372 24942
31542 17009
8264 16799
9817 20841
41938 20841
45323 8405
32831 10660
35147 1175
31369 46773
31542 26159
45061 18711
7146 28480
38305 2613
30236 38305
35989 49949
46577 8068
29253 34427
1175 49016
26622 2702
1470 27569
15327 35147
22670 13539
38157 16800
34169 10660
37422 32249
20027 18045
46749 2984
1613 31542
16658 11372
24836 38754
31542 45950
27569 38754
45950 36251
20539 34169
25141 46773
6313 35147
31542 10749
11372 1252
43637 16799
8068 24942
8264 16658
49016 6313
25141 38305
7146 29253
48882 16236
16222 37422
1252 10749
16658 18711
45950 26622
1532 9192
31369 17009
11372 25685
1252 38157
21603 21195
20027 22449
19357 49949
27929 21594
1111 23638
21603 2613
38754 10660
25487 9057
16658 20027
13539 23638
2613 37902
46289 38305
10660 18711
1532 33322
24836 22449
41396 32249
20027 13257
38754 20939
48949 8068
12561 38750
12561 27929
2702 1613
44785 23344
1532 6087
32831 8405
45061 44512
45816 44512
45061 49016
26799 38754
21195 13109
9192 33510
26159 22449
48882 35989
9817 45950
44785 38750
5055 38750
21594 36851
24717 8264
20027 42238
7146 16799
38754 36251
10749 38157
41938 18045
1175 8068
31542 19357
26159 31008
23344 8068
35989 21603
31369 28480
22449 16799
42476 7815
22904 37902
37422 41938
45816 28480
49949 10660
38157 21195
46749 31542
29421 10749
1532 33879
27569 46773
28480 24717
25685 45323
6087 43637
34169 38157
14372 2702
34169 46577
46749 48882
27349 13109
6313 27929
29861 6313
18711 37422
32249 30236
29253 45816
5055 16658
11372 9817
18045 1252
9817 30236
31008 629
36282 48949
33879 39700
6087 32831
1532 34427
46627 2613
16236 39700
20939 22519
25141 18711
20539 1613
9057 35147
34539 40011
34169 25141
7146 20841
48882 46749
13257 36251
37422 25487
34427 34169
36251 26159
42238 16236
33510 44512
23344 20939
48882 18045
44512 24942
28480 22897
33879 28480
9367 12561
8264 36282
26799 2702
15327 21195
36282 25487
26159 7815
46627 26799
24836 26159
24942 5055
29421 13257
41938 24717
6313 44785
45950 2984
30236 43637
49007 28480
23344 25141
12561 45950
49016 20027
33510 16222
13109 22003
45950 20841
38754 21603
26159 31369
48949 14372
35147 20539
20841 18711
9057 24942
23638 9817
24942 48400
16800 20539
629 38754
24836 24717
48882 10660
36251 1532
45950 9367
48400 29861
16658 16800
7815 9057
32831 48400
46773 33879
46627 36282
22449 22897
46577 35147
28480 16710
38305 28480
9367 16799
44785 49016
27929 19357
48400 37902
18711 32249
49949 2613
33365 13109
22897 13109
29861 20939
37422 16710
29861 44785
16236 11372
36282 9367
26159 13539
41938 3633
1613 8264
629 20841
1613 24717
27569 27349
16236 33510
7815 48882
34169 16658
8405 33365
22897 45323
13539 43410
38157 1175
43410 26622
21594 13109
16799 25487
1111 43410
9192 44512
40011 18711
13539 27929
8264 43410
37422 2702
34539 21195
46749 22897
24717 27929
20539 48949
2984 1111
13109 9057
38754 21195
14372 22519
20939 27929
40011 34539
9192 46749
36282 33510
23638 32249
31542 39700
11372 27929
33510 9057
46627 2564
13539 1532
43637 8405
23638 16799
42476 2613
1613 39700
43637 1111
9817 48882
9817 18711
11372 9367
31008 7815
6313 49949
46577 7815
20841 43637
35147 44512
16236 49016
34427 9057
22670 33322
45816 16710
17009 46773
32249 31369
45950 39700
39700 13539
7815 28480
6087 40011
15327 31369
31369 8068
49016 16236
18711 38157
11372 2702
19357 1111
13109 33322
44785 24942
38750 34539
22897 1613
41938 14372
38157 31542
36251 22449
24942 24717
19357 46749
36282 39700
11372 46289
15327 42476
37902 46627
1111 36282
26799 1111
629 46627
14372 34539
1111 41938
33322 1175
35147 15327
37422 45950
20939 40011
8264 40011
2984 41938
48882 32831
36251 11372
49007 32831
40011 11372
37422 16236
33365 34427
31369 2702
45816 32249
1111 40011
20539 7146
39700 27929
11372 20939
26622 8019
30236 8068
49949 2564
16800 31008
2984 16236
8068 23344
44785 629
33510 1111
36282 16799
45816 38754
25685 7815
31542 10660
41396 9192
31008 9057
23638 10749
8019 37902
33365 8068
9817 27349
33879 46289
33510 29861
21594 12561
16800 20939
1175 22003
9057 27929
8405 44512
16222 7146
43410 8405
33365 20939
48949 46749
1111 1470
41938 48949
18711 46289
49007 45061
20841 40011
27929 13109
38750 16236
2702 20027
9817 43410
22449 38750
38305 23344
8264 10749
36251 49007
46773 46577
22003 9367
46289 43637
33533 49007
16710 27569
38305 31008
9057 34169
7146 16800
46627 30236
7146 25685
8019 629
1613 20841
16222 8264
9192 14372
37902 6313
34539 24717
21594 45950
42238 16800
38157 49949
36851 8405
37422 36282
30236 38754
1470 45323
629 45323
43637 2613
22897 32831
13109 22519
12561 39700
26622 33510
32249 13257
44785 21603
43637 27349
20939 16710
21603 23344
2702 11372
23638 33322
26799 36282
27569 16222
24717 44512
33322 6313
27349 38754
16222 38750
13257 33365
9192 2984
20841 27349
1175 33510
42476 8068
28480 27349
1111 48949
42476 16799
12561 1470
16800 42476
26159 8068
30236 36251
34169 36251
1470 32831
46749 21594
34539 41938
10660 8405
44512 22519
15327 36851
33322 33533
21195 33879
27569 21603
40011 9367
44512 36851
1175 28480
2702 31369
12561 33365
42238 43637
23344 45950
26622 7815
45950 34539
33322 46577
37902 21195
38750 6087
16800 29253
46773 7815
33533 44512
30236 22904
22519 45323
42476 7146
14372 38750
22003 48882
33879 8068
45816 37422
40011 24717
31369 49949
49949 28480
30236 40011
10749 41938
32249 11372
26799 26159
22897 1252
34427 49016
41396 33879
29253 19004
28480 33365
16222 22670
27929 1532
48882 36251
41396 22904
13257 9192
24717 38305
6313 22003
1613 26159
48882 22904
6087 12561
25487 29861
8405 45061
6313 13109
35147 34539
31542 48949
23344 22904
13257 21195
16800 27349
6313 37422
26622 18045
16658 45950
33510 6087
19357 45061
22670 10749
38305 26159
13257 21594
43410 12561
45816 46749
2702 18045
9057 49016
6087 22003
43637 24836
1470 16710
46749 27349
31542 44785
36851 15327
43410 31008
36282 36251
26622 49007
1175 17009
1252 31369
1532 23344
24717 9817
24717 21594
16800 46627
35989 7815
20841 42238
19004 7815
24717 38750
44512 34539
33510 3633
29253 29861
16800 42238
48400 12561
22904 22670
48400 6313
37902 18045
1111 49007
15327 25487
12561 46289
49007 41396
21195 7815
8264 2984
18711 46627
17009 34539
27929 38157
42476 33533
27569 2564
29421 16710
34427 48400
9817 31008
46577 22897
14372 8068
7815 34427
41396 19357
24717 46627
40011 32249
26159 16710
2984 22003
1613 36282
9817 10749
29253 38305
7815 34539
9367 9057
16236 22449
38750 9192
5055 33510
22449 16236
34539 28480
30236 8264
29861 46627
13257 23344
24717 35147
21195 31542
24717 7815
35147 629
3633 23638
38305 9192
12561 36851
22670 13109
35147 48949
19004 41396
1470 46289
16658 33533
8019 18711
1175 24836
38750 14372
16800 22449
1613 34427
6087 22519
8019 14372
11372 46577
37902 10660
31369 5055
25141 16236
25141 26799
33365 19004
22670 10660
32831 20539
41396 9057
8264 15327
7146 1175
45323 19004
34427 11372
38750 29421
1532 27349
25487 27569
36251 38754
33879 16710
22904 43410
44785 31369
31369 49007
43637 34539
45323 21594
12561 35989
37422 35989
49949 44512
22519 31008
43410 629
38157 1532
38157 34427
32249 27349
29861 13109
1175 48882
1111 38157
8264 20539
9817 1111
41396 36251
26622 8068
42476 31542
2984 26159
33533 34427
20841 27929
37902 44785
35147 23344
29253 36282
2564 36282
38157 25487
15327 27929
35989 24942
25487 22904
21603 22449
9057 35989
36851 38157
1111 22897
7146 45323
8019 22449
39700 33322
43637 27929
46577 43410
10660 25487
10749 27349
36282 16222
25141 2613
21594 49949
15327 34427
10660 7815
44785 20939
9817 13257
29861 31542
8068 39700
46749 2702
32831 44785
7146 13257
29421 25685
1470 23344
39700 24836
38157 33365
35147 19357
8264 17009
38305 26799
23638 7146
20027 22670
629 15327
34539 17009
21195 42238
26159 5055
49949 21603
16710 9817
43637 13257
19004 21195
48949 24836
49016 23638
46577 18045
16236 9367
23638 24942
38754 24942
10749 30236
29421 19357
1470 41396
36251 26799
48400 34539
13539 45816
20939 24836
48400 13539
20027 33510
33510 48400
1111 9192
2613 33322
1111 16710
10660 12561
29861 45323
33365 31542
5055 32831
13257 37422
26799 43410
20539 38750
30236 9057
36251 49949
6313 16236
22670 28480
16799 33322
9817 21195
22897 14372
8264 7146
22904 6313
25141 22003
29861 49949
3633 33322
38754 27569
10749 48949
24717 45950
8068 13109
45816 20539
17009 35989
22904 16658
26159 41938
40011 43637
32249 41396
44785 33365
17009 38750
35989 38750
34427 49007
37422 21603
1175 49007
34427 25487
22003 1175
10660 36251
21603 45816
38157 38754
13539 20027
48949 6313
6087 1613
27349 39700
20939 32249
1532 9057
49949 35989
17009 22897
1532 33510
31542 13539
25487 2702
1252 20841
48882 16710
31369 22003
16236 22519
9192 38305
21603 46627
20027 21603
21195 48949
32249 36251
13257 23638
25141 20939
28480 20939
45816 1175
27349 3633
14372 34427
13257 629
21603 43637
22449 1613
29421 37902
9817 49949
10660 13257
21594 22904
16799 1532
38305 49949
29421 48882
45950 16222
46577 27929
8019 8264
15327 46627
25685 8405
23638 44512
46289 16236
1613 48400
33510 31008
34427 38750
48949 33510
21195 6313
45061 48400
19357 31542
22003 43637
27349 35147
42238 21603
1470 24717
34169 25487
18045 39700
22897 19004
19004 6313
46577 23638
31008 5055
20841 39700
20841 46749
20939 49016
20939 26799
38305 46773
24942 38750
33879 18711
29253 16710
8264 13257
20539 8068
8405 46773
35989 22904
8019 2613
21594 33322
22904 22003
42238 12561
33879 12561
46289 1175
38157 2984
48949 25141
48949 19357
2564 33365
31369 45950
21594 9817
27349 45323
30236 25141
48400 46289
49007 1175
37422 46577
21603 42476
18045 27569
19357 49016
41396 1252
1111 27929
13539 46289
27569 1111
33879 44512
31008 40011
1532 20539
42476 22904
629 1111
46577 14372
48400 1613
24836 49016
13257 25685
2613 42238
2984 33322
34539 32831
37902 1532
2564 22670
31008 26622
8019 44512
22519 46749
27929 39700
34539 35147
46749 17009
7146 32249
1613 49007
18711 41396
45061 13539
20939 48400
9367 34169
2613 22003
36251 34169
12561 24942
32249 19357
34427 37902
43410 45950
16799 37422
46577 33533
33879 22449
29421 46773
33879 2984
48400 43637
18711 13257
25685 43637
45323 13257
49949 26622
2564 40011
38750 46289
21195 36251
23344 45323
29861 46577
9057 1111
29253 16658
48400 7146
3633 33879
22003 18711
11372 34169
6313 39700
22449 46749
38750 16222
38754 46289
38157 2613
26622 43410
29861 48400
12561 37902
33879 16658
37902 43637
13539 33533
46773 34427
3633 13257
12561 11372
44512 38750
6313 45816
35147 42476
28480 18045
17009 16710
27569 22003
38305 46577
46577 45816
41938 27349
7815 48400
46749 32831
48882 28480
7146 48949
20939 3633
43410 45816
41938 10660
25487 26622
36851 37902
32249 33510
43410 25141
18711 31542
6087 38305
32249 37422
21195 26799
22897 46773
43637 1252
20841 9817
22904 44512
27569 10660
28480 36851
34169 24836
38305 7146
49016 19004
1613 43637
46773 629
22449 8405
8405 34539
22449 21195
7815 22003
19357 13257
1470 9367
22003 1613
46289 26622
33533 1613
36282 45816
13539 16800
1613 48949
43637 46577
45323 40011
41396 27929
43410 40011
31542 1470
36251 33365
7146 38754
38750 27349
11372 26622
16800 13257
27349 29253
8405 16710
22897 13539
15327 7146
8264 1111
9192 1111
41938 22449
2984 8068
8019 1252
3633 18711
27349 31369
16800 19357
21594 1252
16658 12561
7146 1252
24717 8068
28480 2564
42476 26622
2984 6087
25487 21195
24836 39700
16799 7146
37902 34169
45061 1470
46627 15327
25141 22904
1175 16236
48882 31542
28480 48400
16710 33510
13109 27569
1470 1532
1175 23344
21195 42476
13539 46627
40011 9057
29421 20539
8405 1613
26799 45950
32249 20841
9192 9057
41396 36282
33533 2613
10660 2613
10660 24942
45323 33533
48400 17009
45950 40011
48882 2613
48949 20841
33510 44785
18045 36851
9057 23344
24836 1613
37902 40011
41938 32249
16800 46289
49949 20027
35147 22449
39700 16800
35989 45061
3633 48949
18045 36282
38305 32249
48400 32831
10749 35989
30236 25685
1613 1470
24717 20027
8264 9367
1613 46577
27569 45323
32249 1175
31542 1532
22519 13109
44512 20027
36251 46749
11372 22670
33322 9817
2702 35989
26622 1613
29421 23344
25685 45950
25685 9367
48400 13109
37422 27349
34169 2613
48400 42238
1532 43410
37422 8068
2613 13109
9367 26622
31369 42476
23638 11372
7146 2984
33533 24717
34427 17009
18711 22449
30236 27569
22904 33879
49016 8068
27929 31369
19357 29253
1111 24942
9817 14372
13257 31542
6087 18711
38750 34169
35989 38305
22897 20539
48400 45950
46289 8405
46289 40011
45950 16710
19004 48400
1470 27349
49007 19004
33533 16800
49949 1613
37422 8264
38305 48882
2564 16658
48949 35147
10749 38750
9367 629
22003 28480
18045 16800
38157 34169
44785 9192
13257 21603
34427 13257
36851 24942
26159 11372
25487 31542
45323 43637
49007 21594
46289 24836
6087 38750
49949 5055
629 49949
46577 34539
9367 20841
34169 34539
3633 9367
37422 13257
1252 49007
46289 23638
44512 6087
33322 8068
22670 48400
37422 2984
9367 33365
7815 48949
24717 48400
35989 30236
48882 22670
9192 29861
6087 7146
44512 20841
37902 8068
43410 44785
23638 2702
16799 9817
29861 31008
44785 5055
43637 46749
27569 29861
2564 27569
9367 31542
1470 48400
49949 31008
45950 20539
22449 2564
11372 34427
10660 45323
23638 9057
43410 8264
48949 26159
46749 16658
22897 16800
12561 46773
2564 33879
11372 7146
13109 37902
16222 32831
27569 7815
13539 34169
13109 9817
41396 42238
1252 36251
46577 38157
10749 20939
15327 40011
19004 2702
26159 44785
16236 44785
23638 13539
5055 21195
40011 7146
16236 45950
6313 16710
27349 26159
18711 46773
42238 2702
34427 2984
8019 31369
31008 35147
25487 33879
1532 16710
33533 24942
3633 45061
31369 23344
37422 48949
25685 629
45816 31542
24942 49007
8068 49949
25685 43410
9367 36851
26159 2564
6313 2702
22670 44512
38305 46627
44512 46749
13257 22670
13257 35147
36851 6087
1175 44512
6313 18711
8068 35989
33365 16799
9057 46749
29421 3633
27569 27929
45950 25685
22904 38754
20841 11372
25141 2702
33510 34169
46577 44512
33533 48400
46289 49016
28480 29861
31542 12561
31008 13109
25141 44785
16710 45061
1613 33322
24942 9057
40011 27349
20539 16800
21195 32831
11372 8068
16222 32249
27349 30236
19004 19357
21594 32831
45816 33533
25685 13257
25685 22003
2564 6313
37422 21594
48882 20027
34539 27569
49949 7146
12561 23344
1175 45950
31369 25487
31008 46627
41938 26159
45323 1175
15327 27349
2702 1111
7146 24717
1532 36251
35147 22670
36851 28480
13257 44512
5055 18045
33322 18045
36282 37422
16236 23344
30236 16658
16658 22897
25487 8019
16800 6087
33510 2984
46577 26622
33533 44785
33879 20841
43410 1470
33365 36282
14372 39700
629 18045
22519 17009
1532 629
48882 41396
15327 41396
2984 1252
34169 21603
23638 39700
22003 2702
23344 20539
45816 40011
44785 41938
41938 33510
13109 29253
22897 1111
45323 34169
21594 11372
37422 9192
5055 22003
9192 19004
44785 18045
21594 1532
16710 46773
32249 45061
34169 13257
7146 8405
29861 25487
45816 48949
1613 33879
20027 13109
26159 49949
40011 25141
43410 37902
42238 33365
6087 44785
41938 8019
23344 48949
49007 27349
45061 38750
16236 9057
16658 10660
31369 22519
45061 16800
36282 33365
32831 32249
35989 46577
35989 5055
1175 36851
25685 24836
28480 10749
26799 31542
29861 31369
2564 36251
21603 8264
48400 36251
25141 25487
48949 21594
20539 20841
8405 26159
1470 19357
36251 13539
31542 46773
41396 21195
9057 33365
48882 12561
37422 1111
27569 39700
33322 25141
7146 22003
38750 16710
29421 31369
23344 9057
22897 33365
42476 20939
35989 23638
21603 39700
45323 21603
14372 30236
3633 22904
1470 2564
11372 8405
38157 29253
16222 24836
29861 2702
1111 1175
29253 21603
1252 35989
7146 34539
23344 16236
37902 38305
22519 25685
34169 24942
37902 44512
24942 6087
45816 2564
8019 46749
28480 38305
20027 28480
46773 19004
29861 25141
48882 8264
36851 2564
27929 16236
13109 24942
49007 9817
45950 19004
13539 16710
36251 41396
9192 1532
29253 26799
6313 38750
42238 33533
11372 37422
1252 3633
46577 13539
43637 38157
34169 32249
28480 24836
9192 40011
44785 45950
40011 1252
7815 25685
45950 22904
32831 2702
44512 36251
31008 18045
20841 22904
49016 8264
35147 41396
2984 43410
16236 9192
34539 21594
27349 23638
30236 32249
33365 1252
9817 9367
45323 14372
1175 37422
45061 629
11372 1532
20539 27929
22449 34169
46577 16799
1175 36282
16222 27929
25685 38157
46773 9057
23638 18711
12561 9367
36282 45061
27569 1175
27929 24836
22670 9817
16658 22904
16658 7815
31008 22897
38754 629
16222 1252
38754 45323
15327 43637
34539 29861
46749 49016
41396 34427
41396 34539
8068 16799
16799 8068
42238 20939
16800 12561
23344 44785
49016 31369
42238 3633
43410 1111
10749 35147
37422 36851
19357 15327
46773 12561
24717 13257
25685 14372
43637 20841
37422 22670
25141 29861
33322 28480
42238 8405
1175 25685
22670 49007
3633 44785
2564 9057
20939 34539
33533 26159
19004 27929
21195 49949
46627 17009
22670 20027
29861 9192
16236 1532
31369 32249
22003 48949
20027 5055
26799 36851
16658 34539
42476 16658
9817 33510
32249 43637
42238 41396
49016 23344
24717 19004
9057 7815
14372 48949
11372 2984
15327 20027
35147 22519
36282 45323
42476 16800
36251 1252
33879 29421
13257 2613
30236 38157
41396 31369
1111 34539
49016 1175
22449 49007
20027 41938
39700 37902
20939 29253
1532 48949
14372 25141
2984 32249
48882 19004
22670 20841
42238 1175
15327 33510
22897 27569
43637 33879
45816 1532
1470 22897
20539 26799
9192 11372
5055 9192
24942 8019
27929 22670
35989 39700
28480 629
20027 38754
13539 22904
22003 20539
9192 8405
7146 6313
20539 23638
12561 26799
629 45950
45950 46773
49016 20539
49016 48949
19357 36851
46773 27929
33879 20539
29253 48949
9192 8068
42476 9817
9817 6313
31369 46577
26159 21603
17009 38157
7815 45061
2564 34169
26622 24717
43410 32249
2564 25141
45816 33510
3633 42476
30236 36282
26159 36851
27929 37902
49949 38754
32249 22519
1111 36851
42476 48882
30236 16222
23344 17009
33879 1613
2984 46773
20939 35989
24836 21603
14372 19004
1111 22670
26799 5055
46627 49016
31008 16800
22670 25141
1252 1613
49007 31008
16800 13539
45323 30236
12561 9192
6313 23344
26799 24836
44512 16658
8405 43637
9192 49007
40011 44785
26799 7146
46749 9817
33322 43410
20939 33879
25685 16658
31542 20027
5055 21603
42476 20027
32249 46577
41938 17009
26622 15327
29421 16799
49007 19357
22003 29861
10749 22003
7815 16236
36282 38305
33879 13109
9192 48882
9192 48949
3633 36282
20939 22897
20841 20027
25141 36251
45816 8264
19004 16658
22003 32831
22897 48400
38750 31542
30236 22670
34169 24717
36851 1532
28480 44512
33510 36282
27569 9192
32831 26799
6313 31369
13539 629
5055 13257
35989 2702
18711 1252
1532 22519
10749 25141
8264 21594
21195 33510
29861 8019
26622 38754
1613 27569
19004 27349
12561 8068
18045 1111
27569 22519
32249 48882
32249 5055
34539 11372
2702 36282
38305 8264
22519 44512
41396 36851
34539 22904
28480 13109
44785 46773
41396 16658
17009 9367
32249 41938
2564 6087
42476 24717
38754 23344
38754 33533
2613 6087
14372 49016
33879 2613
23638 20939
34427 33879
41938 24942
24836 1532
38157 27349
36282 8264
24836 37902
29861 38750
8264 10660
9817 1613
26622 46749
38750 1613
35147 13109
1252 17009
22003 30236
46773 2613
29421 2564
32831 20841
24836 38305
41938 22670
46749 49949
31008 22449
31542 16236
38750 7146
43410 41396
33879 27569
2984 41396
43637 12561
22519 13539
49016 16799
46577 24836
7815 2613
19357 1613
32831 41938
35147 38750
1252 20939
16799 1470
22519 31369
33510 22449
49016 9057
24942 18711
21603 22904
42476 6313
8019 41396
24717 43410
629 41938
35989 31542
34169 17009
43637 11372
48882 13109
20841 30236
36851 16658
26622 28480
40011 26799
2613 19357
32831 21195
34427 6313
16710 8068
27569 35147
27349 16710
19004 36851
14372 42476
25685 6087
34169 14372
22897 25685
21195 35147
32249 9192
11372 5055
8019 6087
24717 17009
39700 26622
13539 20539
29421 13109
9367 48882
8068 26159
7815 36251
46749 45816
20841 20939
33533 30236
34539 46627
38157 12561
8405 9817
29253 34539
36282 29253
34169 9367
37902 20841
34169 23638
16800 41938
42476 17009
32249 45950
45061 38754
11372 35147
21195 36282
37902 27929
2702 21594
33510 31542
20027 3633
22003 16799
16800 1470
37422 26622
46627 24942
2564 27349
7146 3633
22003 26159
36282 38754
16799 2564
24836 49949
16799 2613
9817 26622
46773 33533
27349 1111
32831 18045
8068 16222
43637 38305
2702 24942
37902 11372
14372 45323
41396 1111
28480 29421
35989 22519
49007 27569
33510 7146
14372 1175
44512 38305
6313 33365
7146 22904
37902 48949
38157 48882
18045 16799
46749 38305
46577 35989
46773 48949
25141 24836
33510 46577
49016 10660
45061 23344
32831 5055
10749 9192
31369 31008
1252 16799
9817 34539
19004 48949
13109 10749
33879 44785
31542 36282
9192 27349
38754 34169
20027 24717
45950 1175
10749 45323
25141 30236
46289 36851
38750 18045
31008 26799
46749 45323
26622 16236
11372 46773
29253 1532
1111 31542
12561 48400
1252 35147
22003 10749
16658 43410
6313 9192
16799 22449
33533 45816
12561 9057
28480 1613
45323 629
13257 20027
13539 36282
3633 31369
21195 46627
8068 22897
26622 48882
38157 26622
16236 36251
20027 29421
9367 32831
30236 39700
48400 44785
29861 8068
48949 36851
8264 1613
33365 20539
36282 31008
16222 45816
46627 629
41396 8068
629 26622
20841 15327
34169 20539
22519 21603
42476 41938
20841 29253
22449 2984
40011 41938
49016 27349
7815 16710
1470 41938
33322 31369
15327 1613
37902 13539
2564 49016
27569 45816
13539 48882
45323 26622
42476 32249
21603 36851
38750 26799
36282 5055
43410 38750
1470 49949
629 21195
25487 46773
45950 38754
15327 37422
34539 32249
26159 13109
8264 35147
13257 37902
33879 1532
22449 49949
18711 22519
18711 35989
3633 16658
13539 29253
36851 29253
7146 46749
39700 8068
19004 42238
21195 49016
38305 16710
22519 16222
19357 33533
9057 16658
16710 8405
46749 29253
25487 1252
20841 26799
23638 36282
41396 29253
2564 49007
48949 31008
33322 7815
22897 5055
38305 27929
41938 32831
18711 49016
18045 9057
41938 33322
1252 31008
22519 2613
45323 8264
37902 15327
1613 18711
22904 46577
22003 1111
34539 22449
16799 21603
38305 45323
46749 13257
30236 45816
42238 44512
2984 10660
49007 16799
16658 46577
21195 11372
22519 42238
13539 3633
31369 16222
49007 38754
9057 2984
2613 12561
45061 22670
18711 26799
40011 46289
24942 14372
25141 38157
36282 8019
45061 27929
34169 45061
2613 18045
49007 16236
33322 45061
27929 8264
38157 13539
16800 27929
13109 44785
27569 8264
46773 22003
46773 38305
13109 6087
46289 46577
7146 26159
22904 9367
2984 7815
2702 13257
7815 23344
1111 22003
8264 22670
41396 12561
49016 46627
44512 14372
6087 30236
1613 10660
17009 38754
1252 18045
38305 13539
46773 42476
32249 36851
24717 1470
16222 44512
10749 49016
16799 8019
22519 34169
3633 6087
20841 12561
33510 34539
22897 45950
49016 1613
46773 16658
27569 30236
33322 35147
44785 17009
43410 49949
1470 49007
1111 12561
36251 31542
2702 33510
36282 42476
20841 1470
1613 22670
42476 20539
40011 22003
35147 35989
2613 40011
48949 9057
29253 16236
40011 45061
20841 18045
46749 24942
16658 13109
25685 35989
49016 35147
31542 1613
18045 20939
38157 1252
19357 44512
1613 13257
31542 46577
2564 48949
22519 29421
32249 2984
27569 25685
2702 29861
2564 23344
25685 2984
22904 14372
13109 31542
46773 1252
16658 21195
38305 6087
22897 1470
43410 9367
22449 35989
2564 24836
37422 1175
629 34539
5055 33533
36282 48400
1175 3633
33510 18045
7146 14372
26799 16799
21195 46289
31008 36251
20939 37902
33533 24836
28480 38750
21594 38754
9367 8068
31369 41938
48400 35989
42238 6313
39700 35147
2984 9367
30236 20841
46749 1252
20027 32249
36251 16710
38750 25685
18711 19357
38750 22670
46749 13109
29421 27569
22904 20939
18045 19004
14372 46627
39700 1175
33879 19357
44785 1175
3633 16799
1613 1111
33365 15327
33533 34169
16710 33879
24836 9192
629 33365
33879 33510
9817 44512
18711 2702
24836 20027
629 44512
32249 12561
28480 24942
32249 33322
48949 9192
33510 6313
2984 35147
13257 33533
6087 24717
49007 10660
31008 29253
33510 36251
35989 1470
2984 49949
46627 1175
22904 7815
7146 38305
21195 1252
16658 24836
35147 33322
22670 34169
46773 25141
27569 35989
38157 41396
36851 43637
26799 29253
34169 43410
31369 21195
42238 9057
36282 30236
20539 1175
44512 16800
24942 46289
8264 8405
13257 11372
16222 2984
26622 45323
20841 34539
41938 34169
25141 36282
27569 31008
49016 33533
40011 37422
1470 30236
24836 1175
45323 2564
46749 629
49949 31542
9192 8019
36282 24942
10749 23638
16236 33879
3633 15327
49016 24717
36282 9817
38754 34539
8264 29861
34539 25141
13539 8405
48400 23638
49949 10749
28480 25141
39700 42476
21195 43637
11372 43410
46627 31369
33510 45950
35989 26622
21195 26159
29421 19004
48882 1470
18045 16222
24836 17009
17009 31542
38157 36282
49007 21603
36251 30236
30236 31542
33533 39700
10660 20027
19357 35147
19357 38157
8264 18045
46577 25487
31008 19004
629 36851
20841 16236
49949 8264
27349 31008
1532 22904
21594 1470
16799 31008
26799 35147
3633 40011
1252 42238
6087 36851
8068 37422
28480 38157
21603 24836
46577 16710
28480 13539
23344 25487
24717 49949
26622 19004
26799 39700
25141 8068
44785 7815
15327 16710
6313 40011
12561 19004
1175 34539
9192 25685
33322 37422
48400 16236
34539 1532
10749 1532
44785 48949
20939 27569
1111 1532
1252 1175
48949 38157
5055 16799
27929 48882
8019 29421
9057 36282
39700 2984
1111 21594
40011 45816
45816 7146
29253 49016
46627 39700
9817 12561
6087 49949
16658 37422
25685 22670
33510 24942
16799 25141
40011 42476
8068 12561
18045 33879
11372 24836
48400 31369
13257 32831
42476 14372
45323 3633
45323 46577
48882 2984
49007 8068
7146 22519
42476 1470
8264 7815
20027 33322
16800 14372
36851 46749
10749 26622
34427 13109
1111 31369
9367 17009
48400 16799
24717 33879
9367 8405
22519 38305
20027 37422
48400 29253
45950 7815
24942 22670
18045 20539
45061 16236
48400 25487
19357 8264
33510 16799
25685 7146
35147 46289
19357 24942
13109 1252
33510 40011
36251 7815
44512 27569
42476 10749
1111 27569
22670 22003
49949 26159
37902 24942
22519 36282
46289 30236
23344 10749
46627 18045
20539 46749
32249 27929
36282 41938
10749 48882
23344 48400
13109 2702
32249 32831
8264 49016
49007 46627
36851 32249
35147 24836
44785 1111
23344 16800
18711 41938
32249 46749
6313 31008
31542 33533
2702 23344
2613 32249
10660 43410
27929 2613
7815 33365
45950 20027
40011 20841
46627 23638
629 24717
25487 1111
19004 22519
29861 25685
18711 16222
45816 27349
8068 48882
9057 24717
33533 49016
38305 48400
26159 1532
9057 30236
45061 15327
22519 45816
21195 7146
26622 46577
48882 33510
38157 10660
35989 46749
17009 32831
19357 33365
12561 16800
24717 9192
10749 25487
10749 629
41396 42476
26799 46289
2564 41938
37902 22519
33322 29861
38754 18711
30236 34539
44512 27349
45950 46577
33533 13109
45323 22670
22519 20539
46749 30236
1111 49016
31369 26159
18711 21603
6313 24942
629 16236
1175 6087
18045 2564
22897 44512
45061 9367
16800 49016
16658 6087
24836 46773
23344 33365
13539 29421
25685 37422
20027 42476
33322 36251
38157 35147
8068 1175
38305 36851
14372 1470
22449 1532
33879 48882
25487 9192
27569 2613
7815 46577
27349 13539
35989 42476
45950 18045
2702 14372
19357 22519
38157 22897
2564 33510
13109 49949
20027 1532
1111 38754
20939 10660
42238 8264
44512 43410
22897 40011
16710 29861
41396 49007
11372 36282
41938 48882
22670 8264
19004 1470
18045 46577
16658 13257
31369 1175
9057 38754
22670 34539
45816 2613
17009 26622
27349 16236
7146 26622
25487 12561
41938 34427
46773 45950
25487 33365
16222 7815
45816 45950
26799 40011
21594 19004
45950 48400
33322 16658
8405 1532
18711 33510
48882 22003
1470 1252
1252 14372
39700 38305
38754 29421
33533 48949
29861 36251
13257 46773
26622 29861
49949 32249
37902 7146
22904 41396
39700 43410
16710 6087
10660 1252
23344 24836
33879 11372
41938 16658
49007 1470
13257 12561
10660 18045
629 23344
17009 13257
24942 35147
22670 23344
25487 7815
42238 16799
33322 48882
21594 17009
33533 29253
1470 20841
2984 42238
49949 7815
30236 33879
22003 25685
46577 22003
13539 14372
34539 23344
6313 31542
629 8405
8264 2702
42238 9817
33533 36282
26799 31369
10749 37422
42238 35147
11372 28480
28480 7146
2613 25487
26799 49016
27349 2613
31369 14372
2564 629
16236 44512
16800 1175
40011 49016
13109 29861
23344 19357
22670 9192
2613 24942
16222 42238
39700 16710
29421 1613
38750 27929
12561 13109
9192 23344
37902 34539
1252 24836
25487 29253
33322 42476
45816 16236
34427 8019
24717 6087
23344 27929
7815 41938
28480 46627
34427 16222
37422 24836
12561 38305
22897 48949
23638 1111
13257 46289
38305 18711
36851 17009
16800 6313
44785 16710
43637 36251
16658 36282
46749 19004
18711 1470
1613 17009
14372 20841
10749 14372
9057 25487
26622 34169
48882 49016
9817 42238
32831 42476
22449 42476
26799 46577
13109 38305
45950 46289
18711 9367
46627 1613
30236 1470
7815 36282
29861 24942
9367 33879
32249 1613
45061 34169
12561 21594
16236 16800
46749 29421
48400 15327
38157 17009
48882 33533
46773 48882
7146 42238
22670 2613
48882 16222
31542 45323
16799 32249
15327 9367
33322 13257
31542 33365
33365 40011
1111 29861
45816 46289
36851 26159
3633 25141
45323 46289
44785 49007
1470 13257
7146 33510
35989 34539
629 20027
31008 22003
33510 26799
8068 26622
22904 629
38754 48882
33365 9192
22897 46289
24836 29861
31008 14372
38305 29861
32831 1470
8405 32249
13539 18711
41396 20539
6087 10660
22519 20939
35989 16222
9367 33322
41938 9367
18711 21195
11372 29253
2564 44512
42476 38754
7815 12561
48949 39700
8264 14372
25141 26622
18045 5055
8068 2702
42238 2613
22519 48882
25487 6313
17009 8264
20539 32249
34539 39700
27569 40011
16236 38305
9192 39700
42238 7815
1613 46749
8405 26622
36251 16222
2984 19357
22449 10660
1532 36282
9057 9817
39700 22904
16800 29861
45061 6087
23344 13539
44512 45061
35147 10749
10660 43637
46289 9817
5055 44512
41396 49949
35989 22003
29421 45816
49007 20539
49007 17009
45950 26799
1613 45950
1111 16799
38754 22449
26159 20939
27569 9057
33365 1613
7146 15327
8019 49016
45950 21594
16800 18045
10660 3633
25685 42238
19004 31369
3633 35147
1252 40011
29861 20539
12561 19357
45950 46627
3633 1532
38754 29253
9367 8019
6313 49007
26799 24942
20539 9057
10749 16799
45816 22904
16222 45323
49016 1532
35989 8068
45950 1613
7146 13539
25487 41938
8405 32831
44785 43637
16799 33879
41938 46773
22897 9057
38305 43637
31542 29421
16658 1111
27569 38305
27929 45950
16222 49016
45323 23344
25685 9817
37422 25685
40011 19357
39700 20027
35989 26159
48949 20939
6313 11372
43637 29861
46749 22003
1111 15327
33510 45061
39700 18711
8019 46773
19357 38750
33365 20841
33879 10660
6313 10660
8405 31542
22449 27569
22897 20841
18045 48400
25685 27349
11372 20027
16222 629
20939 46627
9192 16236
2613 6313
43410 33322
21603 48882
16658 46749
34539 31369
3633 49007
19357 22449
44512 37902
41396 11372
32249 49016
45816 29421
38754 41938
30236 29421
3633 29861
25141 22670
8019 23638
9367 10749
24942 1532
37422 1613
38750 28480
33533 10749
1532 22670
19004 42476
3633 46289
1613 38754
45061 33533
35147 7815
36851 45950
10749 16236
21594 23638
36282 48882
36282 20027
46749 40011
1470 33365
9817 36282
38754 26159
22670 1613
32249 16800
43637 48882
45950 1252
9192 19357
32249 35989
33365 49007
36851 19004
6087 22904
22670 44785
31008 29421
42476 2564
37422 41396
46289 39700
38754 34427
27349 42476
12561 43410
6087 20939
46627 16799
34169 38750
16710 29253
15327 5055
24717 12561
21603 10749
33879 22519
25685 49949
46289 12561
1613 37422
40011 14372
5055 8068
10749 20841
11372 6087
49016 21603
6087 1252
34539 25685
41396 37902
46773 10660
45061 20027
13109 11372
1175 26799
43410 2613
29421 49016
16710 48882
1532 1111
21195 22670
33510 22003
33879 26799
48882 7146
17009 12561
18711 48949
13257 22897
8068 19357
28480 41938
44512 33365
35147 22897
32831 36251
42476 1175
39700 27349
27569 43637
33533 22519
34169 46749
17009 38305
10660 2564
31369 12561
1111 28480
49007 36282
46773 16800
22670 9367
35147 19004
23344 38754
20841 37422
45816 9192
20841 46773
22670 7815
20539 12561
29253 6087
46773 45061
29253 7815
46577 27349
22003 8068
33533 13257
25141 1252
10749 16710
42476 21594
18045 16658
1252 36851
38305 17009
38157 40011
16799 33533
48949 22904
46289 34427
25487 8405
25141 29253
48882 26159
24717 9057
32831 8019
31369 25685
1613 44785
24942 26159
1175 20939
29421 45950
45061 25487
34169 22897
22003 22904
23638 10660
27569 46749
41938 46577
2702 34539
46749 16236
49007 36251
8019 33322
16658 10749
38157 31369
8405 16799
29253 11372
46577 1532
44512 33322
19004 39700
8019 18045
41938 20539
20841 22003
20841 29861
31369 35147
20939 19357
16658 27929
31542 38754
49016 11372
45950 48949
5055 35989
13257 19357
43637 18045
23638 38157
22904 6087
26799 42476
48400 22670
37902 38754
46577 48949
18045 24836
7146 9367
24836 46627
24942 33879
24942 26799
22897 24836
9192 27929
29253 35989
6087 26159
23638 34169
41938 6087
16710 46749
43637 31369
29421 48400
41938 48400
19357 1470
41396 8405
1470 46773
49007 18045
42476 22670
25685 33510
2613 16658
6087 1175
42476 29253
22897 48882
22897 7146
41938 29861
1252 16658
43637 3633
46749 8264
22519 22904
49007 33322
33533 21195
9057 48882
28480 22670
2613 9817
6087 33533
16799 19357
6087 25141
45323 9057
37902 13109
48949 48882
32831 6313
16236 18045
24942 33365
2702 46577
44512 24717
18045 29421
7146 41396
22449 21594
1175 13257
27349 8019
44512 22003
16800 25685
16236 2564
24942 48882
20027 15327
2984 21594
36251 38305
35989 18711
8068 27569
8264 22897
38157 46773
33365 21603
8405 26799
25685 49007
37422 3633
22897 42238
42238 27349
48949 21603
14372 35989
29861 21195
32249 22897
44785 2984
6087 7815
26799 25685
24836 2702
13257 31369
21603 8405
8405 2984
45816 10749
45323 46749
29861 13257
46749 6087
1111 27349
45950 6087
46627 35147
27349 1470
32249 26622
2613 16710
22003 36251
629 14372
1532 46749
9192 34427
13257 34539
6313 42238
1175 48400
45323 46773
43410 3633
20841 13539
48882 21603
34539 33322
5055 29861
7815 32831
45950 629
46289 45816
25487 16236
41938 2564
46577 2564
9367 48400
26159 41396
18045 6313
31542 41396
16222 9057
10660 22519
45816 19004
9817 35147
48949 22003
14372 13109
19004 20027
29253 16799
8019 48949
31008 23344
1613 19357
8264 5055
31008 38750
27569 49007
2564 22003
36251 10660
20841 22519
8264 30236
1613 16658
43637 21594
5055 37422
8019 16799
27349 45061
27929 30236
2564 33533
31542 22519
27929 34169
33365 30236
29253 14372
1532 17009
29253 33322
12561 29421
38305 33533
2984 44512
22519 31542
46289 45323
33365 17009
7146 25487
24836 37422
1175 16799
5055 37902
25141 16222
18045 31369
1470 16236
1470 23638
17009 32249
16799 16658
5055 8405
22670 8068
22904 8264
29421 12561
39700 31369
32249 1252
6087 9817
25487 21594
2702 46289
22670 18045
16658 43637
23638 37902
45950 24942
36282 9192
21603 2702
1175 29861
13109 25141
23638 35147
10749 1111
26799 11372
22449 41396
19004 29421
43410 8068
33533 2564
38157 44785
18711 29421
3633 36851
13539 2613
34169 9817
44512 13109
34169 28480
46627 45061
31369 37422
21603 21594
12561 45061
26159 27569
16658 27349
5055 46773
45323 24717
33322 25487
9367 10660
38750 19357
1532 45061
12561 22449
19004 46773
36851 8019
13257 8019
21594 9057
20027 45061
8405 9192
45323 43410
9192 24836
27929 2564
31369 33879
3633 46577
17009 1175
43637 25141
16658 20841
13257 33322
33533 17009
16800 45816
10749 49949
2702 9057
34539 10660
10749 13109
23638 42476
16710 37422
48949 18045
38750 2702
13257 38754
8019 38157
13109 24717
20539 33879
1613 3633
22449 22003
46577 46627
20027 45950
28480 16800
44785 22003
46773 13257
41938 18711
36282 6313
7815 49016
16236 21594
14372 19357
27929 36851
19357 24717
7815 26622
1532 8068
39700 15327
22519 32831
37902 6087
22003 9057
1470 48882
48400 38750
14372 46577
22519 12561
38754 20841
16222 16800
1252 25685
48949 16710
22449 15327
22449 33510
30236 19004
1252 49016
38750 33533
41938 27569
36251 629
22904 24942
8264 36851
34539 31542
13539 37422
9817 9057
15327 37902
18045 26159
18711 33533
36251 25487
49007 26622
8019 17009
25487 48949
30236 2984
19004 22449
30236 7146
1111 24717
48400 8405
16222 2613
2564 37422
9817 38754
34427 2613
37422 25141
14372 25487
36251 25685
9367 2564
35989 16800
15327 2702
26159 36251
45061 49949
37902 25685
46577 19004
40011 37902
42238 18045
2564 10660
16799 45323
18711 24942
22897 41396
13257 45950
6313 49016
3633 8068
48400 36282
42476 9192
29421 35147
1613 9817
8405 2702
38305 20539
41938 2984
40011 24942
29421 45061
21594 22519
8019 30236
16222 49949
36851 20539
25487 45323
7146 11372
33533 14372
8019 1175
26799 36251
5055 39700
45061 38157
35147 46627
25685 9192
33879 8019
16658 44785
18711 29253
33365 44785
49949 16799
9817 29861
9367 36282
43410 13257
39700 22670
30236 22003
37422 33879
33322 41396
38157 21603
9057 9367
45816 46627
21603 20939
1613 32831
26799 28480
16799 2984
33879 14372
46627 24836
16222 23638
20027 46773
20027 38157
33533 19357
23344 34539
33879 23638
8264 12561
9367 45061
11372 38305
24836 1252
42238 36251
31369 10660
26799 1175
25487 28480
18045 20841
31542 38305
30236 42238
13257 2702
16658 39700
24717 34539
23344 9367
45323 10660
21195 5055
8264 35989
23638 49949
8405 10749
45323 8068
8019 11372
38305 35147
1175 44785
27349 20539
46773 38750
24942 33533
38157 21594
44512 3633
48949 41938
1175 21603
1175 33879
15327 14372
22670 14372
46627 38750
37422 12561
15327 8264
12561 22003
18711 46577
10749 27929
20939 35147
44512 2702
30236 9367
8405 15327
22904 8068
22904 28480
23638 1613
33322 38305
45323 9817
38157 43637
26622 29253
39700 38157
20939 27349
27929 43637
9367 20539
44785 37422
49949 13539
34169 43637
46773 36251
27349 8264
41396 48949
19357 41396
23344 38750
20027 23344
9057 44512
28480 29253
38750 39700
38754 32831
8068 27929
22670 21594
37422 24717
48949 22670
32249 1111
24717 20841
28480 7815
18045 9367
13109 8068
38754 31008
20539 8405
45323 32831
2564 18711
6313 15327
33879 38750
2702 2984
37902 33510
29253 44785
20027 41396
35147 2702
41396 30236
43637 45323
31542 29861
16222 43410
22519 11372
33510 30236
38305 45816
46749 6313
8264 22003
49949 35147
24836 1470
15327 6313
45061 31008
34539 33510
12561 31369
46627 24717
29421 34169
48949 26799
49016 28480
46627 22904
48400 16658
16222 46773
23638 2984
20027 22897
22897 8019
21195 44512
45950 16799
38754 20027
45816 39700
1532 42238
49016 9367
22897 17009
46749 28480
26799 10660
1532 23638
33322 23344
6087 8264
26159 9192
14372 41396
33322 8264
31008 27929
42476 21603
46749 38157
12561 10660
39700 48949
18045 24942
37902 22670
26622 27349
38750 36282
629 16799
1111 23344
5055 29253
45061 5055
16236 48882
1613 22003
9057 14372
22897 2984
21603 25487
1111 45323
22519 14372
44512 27929
22003 38750
34427 27349
16799 36851
31008 9192
34427 33322
33533 21594
25685 1111
10660 10749
49007 33510
45816 9057
38750 43410
32249 34539
33510 25141
16800 43637
44785 44512
9192 22519
21195 17009
27929 6313
10660 46289
48949 17009
19357 21195
9817 2613
33322 19357
27349 8405
2984 7146
45323 36851
7815 43410
10660 2702
48949 9817
33533 19004
33879 7815
39700 22897
8405 39700
38305 33322
29421 35989
38157 26159
15327 1111
37902 16799
16236 20539
2613 1470
18711 16236
10749 23344
41396 24942
49949 45816
37902 29253
629 48400
35147 8019
46749 46289
44512 45323
23344 15327
1111 29253
45323 33365
39700 33365
37422 29421
22670 26159
49016 7146
46773 25487
45950 13257
36851 16236
629 16658
9367 41396
22897 21603
8019 33533
8264 46289
32831 24836
19357 16236
629 12561
49949 27929
2702 31542
38754 28480
23344 22897
43637 41938
33322 22003
7815 25487
48882 32249
3633 42238
31008 1613
10660 44785
25685 26622
9057 26799
26159 25487
16222 26622
21594 27569
5055 34539
31008 37422
42476 49016
20841 20539
48949 33322
1470 24942
22003 12561
20027 2984
33365 27929
19004 1532
23344 22449
25685 46749
16800 9817
48400 22904
3633 20539
49949 36282
23638 43410
24942 1111
31008 41938
22670 27349
44785 46749
9057 1252
34539 20939
22003 22897
37422 10660
21594 20539
29253 2564
29861 45950
32249 37902
18045 42238
42238 48949
21594 3633
20539 14372
48400 9817
42476 629
27929 27349
45816 34169
8068 10660
36251 16658
49016 33322
20841 46289
29253 38157
41396 16236
12561 15327
20027 2702
17009 16658
26622 9192
2702 19004
29861 27349
1252 11372
17009 48400
19004 27569
33510 16658
12561 16236
37902 18711
43410 46749
22670 31542
46289 16710
2564 9367
36282 8405
32249 45323
1470 8405
40011 22670
2613 11372
43410 24836
7815 32249
16710 2702
16236 48400
37422 45323
38157 28480
46749 24717
46749 46577
1613 28480
37902 1175
25685 21603
21195 21594
25487 40011
12561 1532
24717 10749
34427 2564
48400 24836
18045 44512
46749 36251
15327 38750
24942 10660
16799 13539
38754 1470
23344 2613
32831 16658
16222 35147
20027 46289
5055 7815
8405 27349
24717 16658
27929 1175
21603 16799
26622 31542
20539 37902
6313 33510
16799 38750
20539 8019
44512 1613
41938 15327
24942 31542
10749 42476
13539 42238
46773 37422
20027 12561
24717 28480
29253 31369
15327 3633
22670 24717
44512 16222
20939 49949
42238 22904
36851 31008
24942 9817
7815 27349
14372 33879
29861 22449
9192 36282
45061 35147
9057 36251
42238 26622
12561 40011
1175 2702
22519 8019
33879 38305
8405 33510
10660 9817
40011 21594
20027 27929
17009 1613
21603 41396
45950 19357
15327 22904
20939 1252
1470 29421
31369 35989
33510 1470
22003 38754
6087 21195
17009 43637
19004 8264
1532 13257
49007 13257
9192 1252
40011 49007
48949 1532
23344 16799
21594 36282
35147 1613
9367 44785
23344 39700
33510 2564
29861 49007
27929 46627
22670 29861
49949 29421
38305 27569
18711 1532
45323 20939
41396 16222
25141 31369
25685 41938
25141 27569
16236 7815
29253 46289
33322 33879
9057 1175
629 22904
6087 46289
38305 43410
24836 42476
32831 6087
22904 31542
27349 33322
46627 7146
49949 27349
5055 43410
46773 9817
39700 17009
21603 1470
16222 36282
38305 35989
6087 34169
37422 11372
38305 48949
27569 46627
9367 49016
1175 38305
27349 18045
44785 40011
29861 33322
14372 26159
23344 23638
22003 629
31542 25685
1532 45816
8405 40011
34169 9192
34169 6313
16710 36851
5055 34169
34539 16658
8068 46577
9367 8264
9817 48949
21195 24836
40011 6087
49007 21195
16800 11372
44785 26799
16222 9817
33365 22897
2613 10660
24942 38305
14372 45816
1470 25487
6313 32249
29861 24836
29253 43637
22003 41396
46773 9192
8019 2564
46773 38754
24942 18045
20939 26159
49949 48400
24942 27569
38754 9057
45323 41396
25487 20939
30236 28480
33533 31008
46577 22519
30236 48400
40011 31369
22449 45061
22904 19357
38157 2564
27929 22519
42476 46773
40011 31542
30236 29861
19357 22904
32831 45323
27569 17009
9367 23638
2702 25141
38305 22449
49949 34169
49949 6313
45061 13109
9817 25141
37902 41396
12561 1613
38754 26622
36851 29421
38754 13109
43637 45950
25141 33879
23638 30236
38305 1175
38157 30236
21594 2702
10660 46749
22670 15327
37422 23344
32831 22519
16222 43637
44785 8019
3633 1175
48400 38305
22670 41938
16222 11372
5055 16710
24942 9192
23344 1175
12561 26159
22003 45950
33533 37422
7146 31369
16222 2702
18711 8068
7146 22897
37902 33365
16799 46577
24942 22897
23344 1470
16236 27929
13539 9817
21594 48882
1175 36251
22449 28480
2702 26622
22897 9367
29421 1111
49016 32249
41396 27349
45950 29253
22449 40011
22519 49007
13539 15327
41396 22897
34169 35989
34427 9192
21594 20939
9817 2564
22670 36251
36851 34539
19004 29861
2984 26622
10749 9367
16800 26799
31369 22449
49007 33533
49016 20939
36282 33879
34539 2564
22449 36851
25487 17009
33322 22519
24836 20841
13539 45323
8019 41938
26159 48949
41938 22904
48400 28480
21594 30236
22003 38157
33322 38750
16658 9817
45061 46627
38157 6087
28480 34427
22670 48949
16710 26622
44785 26159
24836 48882
26159 46577
16222 22904
27569 22904
25141 32831
21603 9057
2613 19004
24717 46577
44512 34169
22904 21195
23638 1470
32249 22904
43637 21603
46773 22897
29253 16222
41938 38157
24942 49016
18711 24717
48400 38157
44512 32831
35147 1252
36851 2613
19357 13109
48949 35989
25141 26159
1252 19357
6313 14372
7815 22670
44512 39700
34427 18711
19357 46627
3633 16800
32249 23638
31542 7815
29421 40011
45323 22519
8264 20939
24717 13539
14372 23638
2702 38754
40011 8068
49007 39700
13257 41938
6313 7815
39700 34427
1613 24836
7815 20841
34169 42238
22904 11372
16800 37902
36282 25685
46749 33533
13539 45061
8019 45950
44785 45061
38754 24717
38157 22003
34539 27349
16710 24717
33510 48949
8405 13539
34427 46773
1252 15327
48882 15327
11372 22003
27929 9192
27349 43637
38754 1613
8068 34169
26799 38750
9057 6087
7146 21195
12561 41938
19357 20027
21594 42476
33365 48949
1470 37422
32831 29253
2702 42476
26799 8405
6087 38754
33322 19004
22519 34539
48400 36851
16710 48949
10749 2613
35147 5055
13257 43410
16800 20841
36251 48882
1613 33365
36851 24836
31008 38157
38305 16799
16799 29421
18711 40011
22897 34427
48882 2564
21603 26622
21594 46627
29253 23638
2564 46289
43637 45816
33510 41396
24836 33533
13109 24836
17009 31369
48949 2984
34169 33510
42476 18045
43637 24717
33322 45323
43637 17009
34539 31008
6313 46627
24942 31369
13257 22519
43410 46577
24836 5055
24836 31542
6087 16658
44785 48882
38157 38305
48949 41396
48882 13539
28480 1470
1111 2564
36282 46773
2564 24717
3633 28480
28480 16236
46773 29861
1252 37422
48882 34427
32831 21603
2613 29253
38305 1111
18045 9192
2984 45816
1252 37902
38750 49016
36282 28480
24942 24836
49016 21594
9192 22897
9192 30236
8405 37422
32831 34169
46773 43410
38305 8019
16710 19004
6087 31008
42476 48949
18711 29861
33879 41938
35147 43410
23638 48400
34427 7146
45950 37902
32831 25141
33322 8405
14372 24836
30236 8405
31369 19357
8019 29253
48400 24942
17009 6313
16799 48882
16222 10749
22897 26622
45816 20939
48949 9367
45950 27569
36282 45950
10749 3633
38157 24717
19357 26799
46577 31008
45323 1532
2702 36251
25685 21594
46289 38750
23344 2564
46289 34169
2984 37422
18711 7815
5055 24942
14372 46289
13539 7815
37902 20027
37422 38157
19004 22904
35147 37902
15327 21603
44512 34427
27569 29253
31369 45816
46289 26799
2613 34427
31008 44512
49016 13257
29421 46577
15327 16658
13257 49949
21195 2984
9192 38754
9192 3633
18045 34427
26799 9057
16236 19357
20027 9057
49016 46773
36282 22449
22003 33533
30236 5055
11372 29421
38754 44785
21603 46749
29861 8264
33365 32831
26159 629
38750 38305
15327 45950
34169 45950
48949 27349
48400 16800
36851 20841
36251 49016
8068 31542
27349 33879
22904 46749
45323 15327
29421 16222
16222 1175
21195 38750
11372 48400
22449 23638
46773 18045
23638 33533
48400 19357
8019 13539
48949 45950
9057 1470
1175 32249
20539 35989
16799 36282
46627 1252
27929 29421
21594 24717
16658 15327
34539 1613
9192 629
13539 8019
25487 16799
49949 3633
16710 2564
1175 1470
8068 41396
25487 38754
24836 10749
18711 28480
38754 9367
36251 48400
1111 8068
26799 38305
44512 43637
17009 2984
5055 36251
25141 19004
33879 10749
42238 32249
5055 21594
35989 8264
22897 37902
13539 41938
34169 20027
12561 2564
1175 35989
38750 46577
39700 20939
36251 36851
46627 36851
46749 25141
33322 8019
38750 46627
41396 2564
23638 38750
36251 23344
23344 16710
43637 23344
36251 35147
46289 9192
26799 22670
1532 19004
45950 24717
33510 36851
16800 48400
8264 24942
7146 36251
44785 8405
46289 25141
21594 36251
25685 29421
35989 41396
9367 2702
15327 38305
35989 20027
24836 23344
24717 1532
46627 38157
49949 25685
16710 27349
21594 48400
21594 10660
19357 2702
45950 38750
49007 8405
26799 16800
10660 22904
46289 42238
1532 48400
25141 20841
32249 43410
41396 45061
42238 49007
31542 8019
33510 45816
48949 27929
21594 22897
26622 25487
35989 20539
49949 22449
24836 41396
22519 27569
22003 27929
21594 25487
5055 48949
1470 1613
27349 1532
27569 1613
22904 27349
26622 2564
1111 46749
31369 30236
21195 12561
2564 29421
33879 45323
2613 1111
31369 46749
16710 2613
48882 45061
33510 46289
27349 20027
35989 41938
38157 33510
19357 18711
8019 23344
2702 32249
46577 18711
42238 32831
20841 13109
9817 27929
29421 24836
37902 16800
45950 38305
35989 2564
38305 24836
38157 32249
21603 16222
23344 37902
16710 29421
22449 26159
42476 25141
25141 46627
21603 26159
27929 49949
29861 38754
48400 33322
39700 16799
44512 31008
49949 1111
46773 49016
33322 45816
29253 42476
1175 2613
31542 16710
1252 33879
38305 41938
8019 1111
1252 24717
1175 21594
24836 1111
3633 30236
8405 34169
29421 1470
22003 18045
7815 11372
35989 24717
40011 16799
22670 26799
46577 42476
33322 38754
34427 44785
35147 1111
28480 37422
33365 5055
46627 8019
17009 26799
15327 1470
31008 28480
629 48949
7815 1470
44512 22670
2702 5055
23638 24836
27349 5055
37422 48400
629 24836
11372 14372
8019 36251
45816 8019
2613 42476
49016 22897
45816 1470
16222 23344
49016 49949
26622 629
15327 8405
36251 20539
629 26799
13539 25685
24717 45061
19357 48949
16222 22519
24836 33879
629 27349
41938 41396
23638 42238
27929 38305
24836 36251
25685 10749
33365 35147
22904 24836
21594 23344
2613 33879
8405 45816
22904 18711
25487 43410
20841 32249
49007 46577
2613 22519
41938 43637
27569 16799
34427 24942
22519 19004
2984 629
44512 41938
21594 29253
14372 18045
22897 30236
7146 45816
33365 33533
6313 34539
1470 42238
27569 1532
16800 35147
26799 8068
31542 22670
2702 29421
11372 42476
37902 2564
5055 48882
21195 20841
35989 44785
9192 29253
18045 26622
33510 21603
45061 22519
20841 36851
36282 10749
1613 10749
26159 1613
22003 44512
46749 48400
27349 24717
9367 13257
8019 25685
22904 45950
25141 36851
1532 22003
36251 21603
7146 16222
37902 16658
16658 29421
31542 23638
26799 20939
20027 9192
33879 29861
22449 48400
33322 36851
17009 45950
48882 16658
12561 33533
18045 10660
34539 9057
22003 24942
2702 10749
20939 23344
21195 46577
39700 9057
34427 46289
13539 31542
1613 31008
18045 19357
41396 31542
11372 36851
46577 16800
21603 45950
5055 34427
41396 21603
18045 23344
16658 1613
43637 37902
22897 16799
22003 33510
36851 22003
31542 9057
6087 10749
40011 16800
49016 8019
22449 2613
16710 27929
16658 36851
20027 34169
6313 48882
13109 32249
24942 16222
16799 24836
1111 19004
21594 6313
38305 13257
46627 49949
41396 45816
46289 6313
22449 41938
35989 40011
21603 8019
42238 40011
42238 45061
20841 6087
49007 6313
25487 31008
28480 26622
30236 46749
20539 31008
26159 16799
38305 18045
33322 21195
46627 28480
43637 49007
46749 3633
26799 19004
17009 7815
20027 16236
2613 24717
37422 629
17009 10660
45061 36251
27349 43410
13539 10749
26799 16710
23344 40011
15327 34539
13257 8264
41396 1470
33365 45950
19357 13539
29861 1470
22904 16710
45950 45323
49016 33365
42476 44785
26622 30236
44512 26799
25487 21603
36282 14372
9817 31369
38750 2613
22904 46773
20939 34169
20539 48882
10660 14372
8264 25141
33322 45950
45061 7146
35147 41938
13109 22897
35989 29253
31542 40011
26799 2984
45323 12561
30236 34169
21195 21603
46749 7146
21603 13109
44785 36851
15327 16236
20841 5055
1532 20027
34169 41938
30236 12561
36851 27569
24717 6313
46773 46627
25141 35989
42476 33322
18711 37902
21594 46749
1252 38750
20539 13109
46577 2613
46577 9192
12561 25141
10749 34169
41396 13539
45061 1175
49016 13109
16222 22897
7815 19357
41938 19357
35147 26799
8068 11372
1613 32249
24836 13109
45816 48882
9817 29253
10660 49016
27349 33510
8264 3633
45816 24717
8068 2564
6313 22449
42238 43410
1613 29861
28480 33322
20939 629
40011 46627
48949 2702
19004 24717
43637 6087
8405 31369
22003 49949
36851 46627
25685 34169
32831 25487
22003 24717
20539 24836
20939 1532
27569 11372
24942 20027
22003 1470
9367 45816
20027 29861
13109 16222
22904 1470
45816 16222
35147 38157
49016 34427
27569 37422
6313 46749
22519 24942
16799 33510
33322 9367
34539 35989
33365 22449
46627 46289
21195 35989
1532 25685
33322 27569
29253 5055
22449 19004
6313 29861
22670 33510
44785 33322
16236 27569
1470 34539
12561 34169
46627 13109
1252 8019
16800 17009
42476 1252
16799 49007
40011 34427
26159 27349
46577 26799
36282 38157
39700 11372
22897 11372
9817 45323
22897 37422
16800 8264
1252 21603
16222 21594
10660 27929
7146 46627
26159 49016
11372 22897
35147 33510
30236 26159
10660 21603
3633 24717
14372 36851
20841 2702
18711 9192
38157 27569
26622 42476
19357 2613
33322 7146
21195 9817
38157 1470
39700 43637
24717 39700
42476 48400
9367 11372
31369 26622
1252 1470
21603 16710
16800 2613
31008 33533
8019 38305
21195 6087
5055 36282
1252 23638
15327 2984
7815 22904
38754 8019
26799 6313
16800 33365
12561 7146
49016 31542
8405 21594
22519 10660
23344 49016
11372 25141
33533 16658
17009 48949
22449 13109
41938 33879
38157 10749
16236 22904
25487 22519
49949 1175
27569 19004
43410 34539
36251 32249
16800 22003
5055 31008
9817 46577
9192 10660
8068 48400
10749 5055
16799 24717
21195 9192
16710 20027
29421 48949
38754 1111
25487 48882
33879 27349
35989 10749
24942 38754
48400 48882
20939 11372
31369 24942
20539 45816
6087 15327
36282 20939
33510 1532
18045 37422
46289 38754
46577 37422
24942 43637
46749 34427
38754 38305
34169 1532
49007 31369
23344 42238
1252 13257
19004 21594
16710 43637
2564 25487
11372 31008
44785 38305
38305 10660
1111 32831
19004 18045
46289 16800
36282 35147
36851 38750
26159 9057
45061 40011
42476 16222
38750 24942
20027 6313
2702 37422
27569 16236
33510 42476
22519 38754
5055 24717
15327 10660
1532 35989
23638 48949
15327 19357
20539 1532
33510 22897
22904 37422
1252 36282
21603 34169
29861 40011
48882 40011
31369 41396
22904 48882
10660 13539
19004 7146
34427 9817
16236 29861
41396 33365
19004 29253
49949 45061
8068 7815
629 42476
27929 21195
22897 26799
9367 1532
31542 45061
11372 12561
1470 8019
20841 38754
20939 44785
36251 16800
45061 20539
38305 25487
1532 29253
25685 44512
34427 40011
20939 38754
22003 48400
16222 29421
6087 41396
18711 26159
46289 41938
1252 18711
1470 9817
33879 13539
6087 36251
40011 16710
27569 44512
45323 34427
27349 11372
36282 11372
29861 38157
20939 24717
29421 22897
46749 34169
39700 16222
22670 22897
2564 46773
31542 28480
25487 34427
25487 33533
43410 43637
46749 9367
42238 26799
31008 20939
33533 46577
49949 32831
2984 20841
48949 19004
12561 33510
46627 48400
5055 1532
13109 43410
2984 24836
49016 41396
49949 15327
8264 42476
45323 44512
9192 18711
48882 14372
8019 25487
12561 29861
40011 39700
25685 29253
20939 36282
48400 45323
1252 16710
8405 7815
18711 46749
26622 42238
1252 22904
34427 30236
16222 21603
34427 1252
32831 33533
7815 17009
34539 42238
32249 25141
34427 27569
19004 33879
35989 43410
49007 1613
29861 33510
22904 33365
49016 13539
27929 8019
29253 2984
35989 20939
7146 44785
2613 22897
22897 2613
46577 24942
2613 38754
2984 9057
13539 45950
20539 33510
38157 45061
36251 45816
2984 9192
6087 27569
22449 1252
43410 10749
9367 3633
6313 21594
13539 21603
1470 21603
2702 22003
5055 13109
33322 46289
32249 39700
19004 1111
41396 48400
49016 36851
10660 34539
22519 46289
26159 34539
37902 23344
1613 30236
35147 2564
19357 46289
46577 17009
11372 38750
34169 36851
17009 29253
34539 38305
1175 2984
26622 26799
49949 29861
9367 40011
45323 35989
32831 27929
28480 3633
22904 30236
2984 44785
36251 9367
38305 22897
29421 6313
33365 21195
31008 46577
38754 24836
44512 9367
2702 8405
1470 38157
33879 45816
9817 33879
46627 16222
22519 39700
22904 13539
19357 36251
10749 46773
26159 26622
31369 27349
11372 629
25141 40011
49016 1111
37902 21603
49949 17009
21603 38754
20939 22003
16710 24942
25487 45950
49016 2613
45816 25141
32831 37902
10749 43637
37422 24942
9367 22519
17009 20539
8068 13539
10749 20539
1175 31542
20027 25487
6087 46577
18711 30236
23344 29421
27569 36851
49949 1532
16658 18045
23344 16658
29861 34427
8068 36851
8068 29421
11372 29861
26799 8019
7815 1175
37902 24717
7815 38157
11372 44512
38750 16800
629 45816
22449 25487
42238 38750
1252 22003
48400 8019
38750 32249
36282 22670
30236 13109
33879 629
45061 10749
49007 48400
28480 23638
41938 34539
43637 16236
33533 6087
10660 19357
9367 45950
8264 6313
22449 31369
1252 21594
19357 16222
21594 38750
45816 34427
29421 26159
48882 42476
20027 629
15327 16799
2613 29861
8068 2613
36251 8019
19004 24836
25487 42476
8405 629
9817 18045
23638 3633
48949 24942
21594 28480
36251 45061
22003 20939
20841 16710
1111 13109
21195 38157
25141 7815
34427 29421
44512 16710
23344 629
23638 26159
38750 38754
2984 37902
24717 34427
31369 46627
9192 45323
16710 48400
1111 2613
16710 20939
2702 16222
36851 11372
37902 43410
33510 45323
48400 26622
24836 12561
13539 44785
20841 13257
29253 33510
26622 29421
21195 45323
9192 25487
27349 22003
35147 34427
20539 36851
45816 16800
34169 33533
21195 36851
41938 21594
22670 33365
20939 38750
26799 33879
6313 10749
16658 25685
38305 5055
35147 38754
37422 31008
1111 46577
18711 19004
38305 27349
24836 19004
33365 48882
36251 13109
1613 8068
38750 36851
26159 20841
16222 10660
11372 45816
48400 49016
629 1470
49016 42476
22519 41938
42238 23638
13539 24717
48882 13257
31008 45816
37902 29421
33510 9192
26159 46627
22904 1175
31008 20027
22519 10749
45816 38157
48949 15327
33365 16710
41396 21594
1175 11372
629 9817
36851 1613
6313 46289
27569 16710
20539 29861
29253 37902
10660 42476
13539 21195
25487 29421
34539 16710
46773 35147
23344 2984
29421 49949
21195 45816
9057 38305
16236 5055
33533 12561
9192 45950
22670 25487
49016 12561
24836 41938
24942 22904
35989 44512
46749 11372
31542 43410
2564 16222
33365 16658
45061 23638
9192 32249
49007 43637
35989 20841
8019 43637
1470 44785
46577 13257
33533 18045
22003 21195
1470 13109
3633 35989
49949 49007
7815 16799
33879 24836
3633 17009
46749 39700
22904 1613
46289 16658
25685 13539
43410 16658
33510 16800
20027 43637
44785 45323
21603 33879
16222 38305
1613 49016
22519 21195
34539 46749
45061 29253
22904 2564
49016 37902
19357 33510
18711 34539
11372 22904
11372 33365
42476 29861
22519 23638
25141 12561
16222 9367
8264 11372
9057 16710
40011 26159
13539 2984
22670 37902
21195 34169
7815 10660
18711 7146
2984 29861
35989 13109
1111 33879
46749 16222
44512 1111
31008 16658
48949 2613
36251 26622
1532 13539
35147 24942
44512 21603
1111 26159
46627 46577
48400 29421
8405 22904
7146 39700
45061 2984
43637 16222
11372 3633
36851 30236
2702 9192
19004 33533
43637 25487
12561 49949
20841 2564
1532 45323
33510 35147
7146 17009
20027 8068
35989 9367
45816 35989
21603 27349
21603 7815
22003 16800
15327 10749
24942 20939
33365 18711
22003 8019
36282 49007
41938 44512
33365 8264
42238 22670
22670 19357
6087 33510
43410 22449
5055 33322
9367 22003
2702 46773
20027 31369
34169 49016
28480 2984
8019 48882
28480 35989
27929 46577
25141 629
31369 20027
33365 9057
49016 38305
13109 36851
46627 25487
2613 8068
33510 46627
22519 13257
5055 2984
2564 8264
29253 41938
6087 16236
31542 9192
38754 20539
45061 38305
10660 16236
29861 28480
48949 33533
629 1252
21195 22904
38754 45816
6087 9057
38305 19357
23344 19004
20841 41938
49007 18711
22904 24717
2613 26159
46773 27569
38305 1613
16710 7146
13257 16222
49016 5055
22003 46577
16236 34427
40011 16658
31542 24717
25685 46627
8068 18045
16236 17009
29253 13109
39700 23638
45323 26799
2564 13539
19004 32249
29421 38750
1532 6313
48882 21594
45061 8019
35147 25141
33879 22670
27929 23638
42238 1613
3633 26159
38157 1613
22003 20841
21594 8405
16658 19004
45061 36282
31369 9192
33879 22904
10660 42238
46289 25487
32831 31542
17009 33322
19357 2564
5055 9817
24942 10749
10660 6087
23638 27349
2984 27929
29253 27929
29253 45323
42476 24942
25685 3633
49949 44785
46577 24717
21594 29421
48949 16658
45950 22670
44785 22449
38754 49016
46749 23638
40011 26622
22449 16800
24942 41396
44512 49016
34427 18045
25141 16658
22904 42476
18045 7815
49007 46289
45816 21594
10660 22449
13257 38157
9367 24942
27569 8405
6087 49007
18045 25141
19004 33510
44785 32831
21603 32831
10660 35989
24836 7146
26159 13257
41938 39700
1175 49949
9192 8264
6087 26799
22449 16710
20539 9367
21594 7815
31369 21603
20939 18045
36251 36282
23638 15327
15327 13257
31542 36251
1470 22449
3633 2984
16236 8405
33322 33510
6087 45816
32831 1252
12561 8405
48400 45816
33365 43410
37422 33322
16658 2564
16710 37902
33533 15327
31008 13539
28480 21594
45061 43410
38157 9817
2702 16658
36282 36851
22003 46773
27929 7146
31008 21195
5055 19004
16222 41938
33879 7146
24717 26159
2702 6313
35989 48949
1111 33533
21603 33510
34169 33322
33879 24717
48882 23344
11372 34539
39700 48882
37422 37902
10749 46627
16800 2984
33533 27569
1532 16800
1252 44785
11372 41938
9817 25685
46773 1175
13539 9057
43410 9057
28480 39700
27349 12561
45816 44785
46627 48949
36851 33365
629 9192
1470 46627
31542 24942
21195 29861
8405 16658
28480 48882
14372 26799
30236 18045
20939 45061
10660 29421
34539 33365
18711 9057
36251 13257
26159 8019
36851 13257
17009 19357
41938 45323
48400 6087
33365 46289
27929 38750
34427 38157
26159 46289
33322 32831
16799 43637
8068 24717
1613 16236
8405 19357
45323 48949
22519 16236
9367 29421
1175 39700
22449 29253
38754 1175
1532 7815
35989 33365
20939 48882
3633 23344
27569 38750
31542 34427
11372 6313
9057 20841
33533 20841
24942 46749
43637 7815
37422 18711
22897 25487
26622 1175
25685 31008
36282 33533
48949 46577
19004 36282
29861 14372
29253 15327
27349 22449
20539 30236
31008 25141
19004 16222
27929 28480
25685 38750
8405 28480
9192 29421
42238 19004
48949 31542
1252 1532
35989 16710
36282 1613
1613 23638
26159 9367
34427 21195
22003 36851
2984 5055
29861 43637
2984 31008
32831 9057
22670 17009
23638 18045
6087 14372
2984 11372
21195 27349
33533 7146
46577 32831
43637 22670
46577 25141
32249 10749
34427 16236
28480 48949
10660 25141
46289 28480
21594 33510
46289 34539
8068 1532
16222 41396
1252 6313
43637 15327
1613 45816
41938 12561
22519 34427
27569 46289
11372 16236
33365 45061
20841 7146
16800 48949
49949 16800
1111 9367
27349 49949
27569 31369
8405 22003
16222 48400
1532 2613
48882 29861
9367 16800
24836 16800
26622 22904
9367 9817
23638 629
9192 43410
22449 22670
9057 46577
10660 23638
29253 37422
1532 1613
26622 8264
629 11372
19357 7815
16710 18711
46289 17009
16799 1252
49016 46749
45061 26799
6087 33879
20939 8264
10660 28480
42238 20841
22519 33879
25487 36282
26622 16710
48400 26799
25487 10749
33879 36282
29421 28480
24942 34169
16658 24717
25141 1532
48400 9057
33365 46773
20027 16222
16222 8068
41396 41938
25141 1613
46749 36282
31542 42476
2564 1252
6313 21603
11372 49949
14372 33510
16222 6087
26622 23344
46749 20841
48949 22897
31542 23344
8405 49007
16222 20939
23638 22003
33510 13539
31542 1111
22519 16800
2564 26622
48949 8405
20539 9817
13257 46577
34169 33879
44785 32249
49007 37902
33365 26159
38305 9057
41396 25141
48949 26622
29861 20841
2702 19357
26622 22003
43410 20939
38754 16658
31369 6313
17009 20027
49016 38750
34169 2702
26799 35989
24836 9057
31369 1111
29861 26799
48949 16236
37902 1111
44512 13539
37902 27349
38750 34427
38754 45950
20841 48400
3633 26799
33322 16800
3633 20027
20939 46749
20539 26159
9367 30236
19357 30236
20539 24942
29253 9057
33322 1111
8405 20841
13257 35989
36251 22519
13539 38754
10749 34539
629 1175
6313 45950
28480 1532
37422 18045
16799 44785
6313 16222
49016 1470
14372 38157
41938 35989
13539 1613
19357 17009
19357 26159
13257 13539
36282 16658
27349 2702
1252 23344
25487 37422
35147 49016
8264 46627
36851 32831
16710 22003
16658 44512
41396 33510
43410 9192
38750 29253
38305 42476
33322 34169
12561 46749
34539 8405
16710 34427
45061 11372
42238 38754
18045 27929
22519 9817
9367 33510
44785 27569
48882 7815
22003 39700
24717 2564
9817 23638
32249 38305
1470 16222
45950 22003
9817 16799
25141 45323
16800 33322
32249 33533
8405 46289
7146 5055
38754 41396
45323 33510
13109 13539
5055 33365
39700 9817
2613 1175
45950 25141
41938 21603
3633 20939
22897 33510
24836 21594
20939 2702
38157 16658
9192 20027
19004 45061
24942 2984
13109 39700
40011 24836
1613 22904
26622 39700
49949 9367
34539 1470
16236 41396
1252 43410
44512 1532
29421 37422
6087 8019
29253 30236
1470 36851
29861 32831
48400 2613
34169 39700
36851 5055
43410 20841
10660 13109
17009 34427
33510 15327
8019 31542
2984 8019
13109 38754
33533 49949
17009 29421
42476 22449
15327 1252
12561 22904
6313 1252
33365 2613
46773 7146
29253 36851
17009 27349
42238 1532
45950 42476
14372 7815
8264 8019
11372 49007
46773 41938
45816 22003
32831 35989
13257 38750
22449 6313
32831 44512
1111 42476
49949 45323
39700 5055
26799 37902
36251 29253
20027 48949
25685 16222
22904 8405
32831 13257
20841 48882
35989 46773
23638 9192
8019 29861
45323 20841
46289 27929
39700 12561
16710 33365
2984 22449
30236 16800
36282 19357
20939 46773
31542 38750
27929 20539
2702 39700
8019 33879
44512 22449
9192 20539
18045 13257
48400 48949
5055 10660
43637 16800
24942 8405
28480 16222
25141 1111
38754 8405
10660 27349
30236 49007
16236 16710
16800 46749
26622 24836
27929 17009
29253 45061
1175 33533
20539 2613
21603 7146
2613 31542
37422 19004
40011 33533
45950 41938
9817 48400
22897 16710
45816 16799
2564 7815
32831 43637
27569 13109
40011 25685
33365 43637
16236 35989
22003 1252
26622 49016
22003 24836
8405 33879
46749 20939
1532 11372
25685 46577
23638 46773
629 1613
13257 10749
16222 15327
38750 21195
16222 49007
27349 21195
34169 26159
46289 41396
16710 38754
22904 7146
39700 19004
1111 32249
34169 16799
5055 27349
42238 15327
20027 16710
48882 38157
42476 26159
36251 6313
38305 34427
33365 22519
8264 22519
48400 22003
13539 13257
8405 29253
23638 16236
22670 27929
35989 14372
25487 35989
2613 31369
34539 16236
21195 20539
44512 8068
2984 22897
22449 20841
35147 39700
14372 1532
32831 27569
629 48882
3633 34539
21594 26799
1175 10660
26622 46289
38754 46627
1252 2613
45950 43410
2613 32831
21603 41938
20539 33322
46577 19357
32249 22449
11372 1470
9057 38157
32249 2564
43637 19004
44512 37422
16710 3633
35989 2613
33533 16222
2702 44785
31542 25141
7146 9817
26799 34539
25685 8264
19357 12561
2702 6087
41938 8068
33879 1111
6087 22670
41396 40011
38750 22449
15327 32831
49949 18045
29861 37902
19004 26622
16222 24942
24836 44512
31542 1175
3633 1470
46627 20841
33510 43410
41938 49949
20539 17009
13257 42238
31542 20939
41938 29421
40011 33879
19004 31542
10749 32831
2702 16799
8405 13257
21603 1613
36251 12561
20027 31542
43410 11372
6313 8068
10749 48400
10749 22670
45323 27569
40011 34169
29861 37422
2613 35989
45950 29421
9817 19357
19357 27349
43410 49016
31369 2613
49007 35147
27929 10660
6087 23638
49949 33365
27349 36851
3633 13539
49007 29253
14372 3633
21195 31369
24836 23638
25685 41396
7815 20539
32831 31008
37902 2702
13257 48882
25487 36851
44512 10749
21603 46773
49007 25141
3633 44512
34427 22904
12561 31542
9057 20939
20841 34169
1532 26799
43637 45061
41938 38754
18711 8264
8405 23344
33322 44512
18711 27929
16800 49949
31008 46289
34539 6087
25487 629
20841 2613
34427 48949
1111 8405
2564 22904
25685 6313
23638 2613
8264 25685
1252 22670
29861 23344
2613 46289
46577 2702
49007 20027
43410 27349
31542 20539
24942 21603
24836 13257
8068 46627
1613 25487
25141 33365
33322 1532
20939 5055
16800 2702
17009 21603
48882 11372
26159 1111
33365 22904
16222 16236
8264 16710
46577 13109
23638 37422
36851 16800
31369 22904
33533 35989
27349 27929
35147 16800
25685 1532
13539 38157
27929 1613
16799 26159
20841 23638
2984 45950
23344 41938
27349 1613
8019 16710
29253 10660
9057 34427
9817 22003
33879 20939
5055 30236
49007 24942
16800 46773
10660 38754
22904 38157
15327 20939
1470 13539
48882 27929
19357 7146
1175 20539
10749 15327
23344 25685
18045 22670
1175 46627
29861 18711
18711 22904
34427 31008
16710 1470
2702 13109
16799 40011
36851 9192
22519 44785
25487 11372
26799 45061
20027 46577
34539 13257
31008 16222
7146 10749
31008 36282
48949 42238
19357 41938
22003 16658
46577 21603
33322 35989
45061 16799
49949 24942
46773 16222
46773 22904
22003 11372
37902 2984
20539 3633
43410 2564
20939 29421
10749 22519
24717 37422
8264 45061
31008 2613
49016 35989
45816 48400
13109 8019
38157 29421
48949 10749
45323 16800
24836 45816
8264 31542
9057 11372
33510 33322
24836 49007
22670 12561
16236 46627
7815 8068
48882 38750
46749 43410
38754 46749
16799 8405
26622 1111
42476 29421
44785 35147
33510 49016
32249 8405
9057 20539
6313 19004
45816 19357
45816 22897
6313 17009
15327 2613
1111 44512
31542 32831
2564 46749
29421 22904
27349 37422
12561 33879
21195 20939
20027 17009
18045 35147
10660 17009
27569 24717
36282 34539
31008 49007
33322 9192
28480 27929
20841 25685
41396 8264
46773 23344
35147 2984
14372 48882
38157 9057
36282 2702
45950 7146
28480 20539
31008 49949
13257 29253
20027 10660
629 16800
26799 48882
20539 11372
13109 16710
25487 20539
21603 1111
15327 9057
13257 8405
44785 20539
13109 20841
21603 25685
34169 3633
38754 25141
1111 35147
32831 16222
14372 16236
10749 28480
43410 30236
48882 38305
46627 48882
43410 36282
16799 28480
45061 9192
14372 13539
22519 18045
43637 49949
13257 40011
38305 32831
22670 49949
26799 33365
34539 13109
23344 46749
38305 21594
38157 48949
33322 1613
13539 13109
8264 27929
29861 17009
1470 45816
38157 13257
45323 16222
29253 49949
23344 29253
8264 34169
12561 37422
22003 34539
29861 21594
9817 24717
25487 46749
19004 44785
26159 22670
49949 48949
9367 25487
31369 44785
22670 46577
8019 27569
33322 40011
30236 2613
36851 25141
35989 36282
32831 40011
48949 32249
27929 8068
33879 1470
8405 7146
35147 48400
2984 27349
7146 43637
22670 35989
9057 26622
2564 16799
39700 34539
29253 27569
46773 22670
43637 9192
13109 31369
9192 42476
7815 13539
1470 24836
22449 38754
33879 46773
31008 42476
20539 18045
27929 3633
44785 13109
31369 24836
16710 42476
16799 6313
9192 28480
25141 49007
10660 46577
49949 31369
27929 14372
22670 46627
29421 44785
32249 35147
33365 1470
1532 49016
43637 5055
1613 6087
38750 8405
34539 22519
45950 33510
9817 46289
12561 21195
39700 25141
40011 42238
18045 22519
22904 38305
44512 21195
25487 48400
19004 43637
1613 46627
1532 49007
43637 35147
27349 22897
44785 25141
13257 46749
23638 8068
22449 13257
32831 30236
10660 16222
34427 26159
26159 2702
9057 22904
17009 39700
10749 26799
29421 8068
16800 39700
32831 2984
36251 43410
43410 45323
22519 45061
25487 24717
11372 7815
43410 49007
49949 24836
34539 18711
9057 1613
19357 1252
45061 39700
1252 32831
8068 25487
45816 33365
1470 26159
16799 1175
42238 28480
38750 20841
9192 22003
1111 16658
38750 5055
13109 15327
43637 2702
16236 32831
12561 44785
49016 31008
10749 13257
28480 33533
20939 18711
48882 33322
9817 49007
11372 21594
1252 33365
26799 37422
25141 27929
20841 3633
13109 7146
2702 9817
9367 18045
25141 21603
49007 24836
24942 2702
19004 30236
9817 40011
45323 18711
6313 22519
9367 35147
38754 11372
22897 8068
9057 13109
7146 42476
18045 1532
8264 629
15327 44512
1111 9057
45061 36851
21594 1613
18045 36251
48949 13109
13257 34169
6087 31369
23344 22670
23638 8264
6313 33533
49007 22904
13109 46577
22003 26799
29421 1175
48949 42476
1470 10749
9192 37902
37902 33879
49949 22519
21594 15327
13257 10660
20841 41396
21603 34427
16710 46577
1175 16222
21603 16658
46577 45950
31369 23638
9192 10749
43637 29421
2702 22449
1532 2702
2984 6313
40011 13109
34169 22670
24836 36851
25141 43410
8264 1252
1175 14372
23638 31008
44785 20027
20539 16658
9817 5055
43637 36851
1613 42476
8264 21195
13539 37902
8264 23344
1532 16236
13109 49016
33322 13109
24836 629
21603 42238
14372 2984
9057 29253
37422 28480
9367 20027
1532 20939
2613 2564
2613 27349
49007 26159
48400 7815
37422 46749
16799 49016
2702 36851
22449 29421
1252 1111
35989 9057
9057 48949
27569 18045
13109 49007
9192 21594
46577 39700
16710 31542
36251 46577
13539 26622
8405 9057
26622 24942
43410 16799
32249 13109
20841 46627
1613 41938
22897 43637
1613 7815
1111 42238
49007 20939
36251 29421
20539 31542
6087 17009
49949 19004
8068 8405
27569 45061
18045 37902
17009 25141
8264 48400
48949 46773
22519 33510
1470 29861
48400 24717
19004 9057
38157 18711
1252 2702
629 9057
20539 1470
36282 23638
9057 31369
9192 6087
19357 31008
5055 45816
40011 18045
45323 16710
9057 3633
12561 32249
10749 22904
46577 8405
19357 23344
44785 1613
1111 22449
45061 45950
41396 1613
10660 41396
22904 31008
14372 45950
23344 8405
13109 40011
16658 1470
13539 33322
2984 13257
16800 24942
30236 44785
15327 7815
9367 42238
6087 13539
25487 37902
49007 48949
1175 18711
10749 8405
16800 28480
29421 9192
27349 16799
9057 32831
39700 7146
46773 17009
45950 44512
16799 19004
33879 25487
33879 45061
46627 16658
38157 22449
12561 38754
1252 19004
1175 48949
32831 20027
37422 36251
1175 23638
37902 9367
18045 8405
42476 33510
23344 46577
33510 8264
10749 46749
23638 32831
16800 33510
42476 45950
7815 31008
13109 5055
1613 13109
13257 7146
2702 34169
35989 9817
33365 26622
20841 19004
26159 9817
46577 1175
24942 36282
9192 16799
5055 28480
29253 33533
7146 32831
37422 49016
16658 6313
38754 5055
24836 2984
48882 22449
16710 21594
22904 25685
6087 8068
11372 16222
24942 42238
20841 27569
9817 38157
22519 33322
19004 26159
22904 35989
37902 42476
9367 22670
11372 31369
12561 25685
20939 45816
21195 16710
33322 49016
22904 26159
2613 28480
38750 25487
18711 21594
46627 42476
7146 27349
8264 45816
6313 22897
35147 29253
33322 16799
40011 41396
13539 9367
45950 6313
45816 2984
45323 29253
32831 45950
8264 38157
16799 36251
13257 1532
31008 22670
31369 9057
24942 46627
27929 45061
45323 38750
43637 28480
1613 19004
46289 7815
34427 26799
31008 37902
9367 16236
24836 43637
10660 32831
1252 8068
29861 29421
25141 3633
36251 18711
46627 6087
45061 22897
49007 1252
33322 17009
46289 33879
33365 38157
34169 8264
22003 21603
21594 43410
36851 25487
2984 38750
48882 49007
38305 23638
38754 7815
15327 49949
41396 46289
15327 48400
36282 24717
45061 1613
24942 26622
35989 29421
45816 46773
49949 20539
16800 31542
37902 48882
36851 45323
16710 35147
46773 29253
8264 1532
16799 15327
6313 9057
24717 40011
36282 1175
48949 46627
34539 45061
22003 34427
5055 9057
19004 46577
38750 20939
11372 26799
15327 43410
629 34427
33365 28480
32831 34539
20027 16800
13109 21594
37422 6087
16799 629
9057 16222
40011 28480
33533 11372
12561 48882
32249 45816
46289 15327
21195 8405
16236 1470
27929 16800
1532 20841
2702 41938
30236 8019
1532 24836
22897 36282
19357 38754
41938 24836
48882 16799
26159 48882
46749 33365
16799 11372
25685 25141
10660 33533
25141 8405
2984 33533
8405 46627
9367 38305
23638 12561
3633 6313
2613 45061
35989 17009
20939 42476
29861 44512
8405 1252
33510 8019
22904 48949
28480 46749
24717 20939
16799 20539
20939 14372
49949 33879
38305 45061
21594 24836
6313 28480
16800 8019
45816 6313
46773 41396
7146 36851
21603 18711
22519 38750
36251 27929
24836 9367
14372 33533
42476 21195
8068 49007
36851 36282
24942 22003
3633 38754
9367 45323
46577 33322
45950 11372
22519 20841
44785 36282
1613 33510
6313 24836
22519 27929
18045 29253
32831 45061
29253 8019
11372 19004
41396 37422
34169 21195
34169 16800
23344 35989
49949 629
629 37422
28480 9192
1532 29421
33365 19357
1532 18045
49016 46577
20539 13539
16658 2613
38754 48400
3633 37422
23638 41396
45950 33322
1175 27349
37902 22449
6313 44512
38305 44785
38754 2984
38157 14372
13257 9367
13109 18711
2984 14372
16710 46289
49007 7146
21603 29253
32831 22897
24836 27569
19004 24942
41396 7146
18045 48949
22519 8068
26622 45061
10660 26622
16222 38157
13539 36851
36251 22897
31542 33879
31369 38754
6087 21603
629 10749
42238 17009
41396 38157
1532 16799
8405 43410
33533 20027
35147 46773
37422 44785
18045 49007
34539 36282
13257 16799
41396 1175
48949 36282
24717 29861
8068 14372
26159 20027
45061 10660
3633 49949
1470 1175
23638 16800
21594 16799
23638 26622
30236 26622
45816 35147
33510 28480
40011 20539
36251 39700
26159 19004
26159 42238
46749 16710
16710 31008
2613 37422
22519 1175
31008 48949
17009 16800
19357 32249
31542 49949
37422 34169
31542 8405
1470 6313
16799 1613
48400 629
49007 45816
17009 23638
24942 45816
42476 9367
8019 46627
46773 16710
8405 17009
38157 9367
8019 45816
24942 1613
1532 33365
24717 27569
10749 37902
34169 7146
41396 20939
29421 44512
2702 12561
14372 21594
30236 3633
28480 12561
25141 39700
1111 33322
46577 33879
45323 26159
43637 33510
43637 20539
46627 21603
2564 33322
33510 31369
8068 30236
13257 1111
9817 13539
29421 16800
43637 36282
40011 33322
22670 5055
33510 22904
15327 33365
45323 48882
13257 6087
16222 14372
22003 22449
45950 9192
19357 1175
8405 48882
2613 21603
16799 39700
21594 41938
7146 2564
33510 24717
23638 34539
5055 629
48882 35147
2984 31542
29861 24717
44785 19004
13109 16799
22003 13109
18711 33322
6087 2984
16710 13257
16222 18045
26799 29421
22449 22904
49007 48882
22449 22519
48400 35147
33510 26159
1532 21594
15327 38754
16658 49949
8264 37902
36851 27929
31369 31542
1532 21195
13539 10660
22449 2702
36251 41938
46289 22670
22897 22904
16236 1111
13539 22519
39700 31008
15327 18711
22003 14372
24717 22904
22003 49016
22904 45816
46773 6313
38157 48400
21603 44512
33365 32249
49949 24717
29421 29861
48882 39700
11372 45323
42238 24942
9057 16799
46749 9192
16236 10749
20841 16222
21603 16800
20539 34427
22904 2984
10749 1613
16800 38754
48882 8405
10749 31008
22670 23638
46289 3633
42238 45950
28480 44785
31008 8019
28480 21195
41396 8019
25141 6087
36851 2702
1111 36251
27349 38157
39700 31542
32831 25685
23638 29421
16222 33365
23638 27569
36251 9817
9817 44785
9367 33533
30236 27349
33322 49949
37902 9817
18045 32831
7815 38305
2984 20539
16222 45950
45061 32249
36851 48882
8405 8264
46289 22897
33322 10660
34427 24717
49007 2564
20841 1532
1175 10749
9367 20939
9192 46289
45950 1532
34169 8019
35989 38754
9057 32249
22519 20027
22904 29253
10749 21594
1613 31369
6087 34427
3633 36251
22904 1252
16800 8405
46749 35989
20841 22897
22904 16236
31542 45816
38750 33510
34427 25141
37422 10749
26622 7146
35989 42238
29861 1532
25141 46289
9367 28480
21195 1175
41396 6313
16222 37902
46749 32249
32831 22003
8068 10749
18045 21195
16658 38305
24717 48882
22003 21594
21195 22003
21195 629
48882 26622
43410 9817
1470 20027
3633 38305
24942 17009
5055 10749
37422 31542
3633 25685
8405 48400
8405 16800
29253 33365
2613 29421
31542 33510
48949 29421
35989 15327
13539 8264
17009 45061
5055 7146
18045 22904
34427 35147
16222 1532
8068 6313
36251 2613
29861 46289
1613 14372
29421 42476
49016 22904
29861 42238
11372 23638
10749 43410
46749 14372
41396 43410
46749 8068
48400 18711
8405 27929
6087 43410
18711 45061
13539 49016
1175 9057
24942 12561
14372 36251
32249 9367
19004 23638
41938 49016
7815 8405
35147 34169
22003 3633
1111 8019
45950 5055
44785 16236
20539 7815
34539 24942
14372 32249
14372 43410
22904 21594
24717 26622
26159 32249
39700 13257
36251 7146
7146 43410
9057 29421
18711 23638
22003 13257
44512 19004
44512 41396
9817 10660
16236 45061
6313 25685
36851 38754
13539 16799
27569 31542
49007 22670
33365 34539
8264 26159
629 24942
29253 45950
18045 8264
42476 41396
27929 45323
33365 46749
31008 2564
33879 36251
1252 34427
16799 31369
33510 27349
16658 9192
19357 6087
33365 49016
20939 41396
34427 33510
38750 629
34427 8264
17009 5055
2613 20539
32249 16658
45950 16658
24942 34539
49007 38750
43637 48949
35147 36851
18045 10749
629 9367
19004 25487
18711 45816
44512 33533
27569 33365
21603 17009
21594 35147
41938 7146
2984 19004
1111 8264
629 7146
2613 44512
1111 24836
45061 6313
46749 8405
48949 1252
8264 38305
38157 19004
9057 24836
16658 38754
19357 629
27349 22519
49007 3633
49016 9192
40011 48949
13109 25685
45061 3633
38754 48949
22519 35989
48882 3633
44785 31008
8068 29253
29421 27349
32831 49016
32249 48949
17009 49016
27929 33533
16222 25685
44785 25685
16236 34169
31369 13109
19004 35147
8405 38305
3633 20841
41938 26622
16799 26799
9817 39700
42476 16236
38157 43410
22449 12561
48400 10749
42238 1470
7815 25141
35147 22003
21195 8068
2613 34539
3633 8264
9367 6313
40011 22897
42238 31542
17009 27569
36251 1470
39700 1252
13539 42476
30236 13539
29253 34169
41938 42476
48400 10660
29253 25141
29421 8019
36251 31008
9367 1175
2564 43637
45950 14372
21195 45950
46289 29861
22003 43410
1613 26622
16799 27349
49016 16658
36282 46577
20939 19004
16710 2984
31369 27569
10660 48949
26622 3633
32831 46289
48400 23344
3633 22519
25685 8019
20939 6313
29421 18711
25685 19357
48400 49007
8264 46773
18711 25487
22519 9192
24717 23638
25141 10749
6087 29421
31542 16658
8068 2984
29861 22519
3633 48400
21603 35147
36282 34169
9817 3633
6087 22449
37902 31369
19004 35989
16222 33510
34539 45323
13539 40011
3633 21195
44512 1470
21603 23638
629 31542
8068 46773
2702 25487
16658 22519
46289 10749
27569 9817
38750 29861
42238 29421
38754 43637
42476 31369
29861 35147
48400 27349
16800 22904
1252 32249
21195 13257
16236 21603
9192 2702
18045 48882
24717 31369
22003 42476
7146 1111
41938 49007
44785 35989
10749 18711
9367 46773
16800 48882
21195 16799
19357 16710
23638 40011
39700 45323
27349 26622
16236 26159
38750 8264
21603 38305
29253 10749
27569 33322
15327 29861
25487 19357
1470 37902
9057 2613
22449 48949
48949 3633
16236 1613
49949 46749
9817 36251
41938 8405
9367 23344
37422 9817
10660 32249
19004 26799
6313 1111
2613 13539
35989 28480
35147 20841
33533 32831
18045 46773
16658 48949
25685 24942
44512 32249
48882 24717
1470 42476
22449 6087
10749 49007
22449 18711
6313 5055
23638 8405
23638 22670
38754 44512
9367 46627
42476 6087
44512 25141
26799 7815
16236 29253
31369 8019
44785 45816
8068 36251
8405 6087
38750 42238
15327 8068
1252 46749
16236 36851
29421 38157
46773 24717
36251 20841
31008 46773
33879 9057
22897 7815
30236 19357
2702 40011
22897 20939
13539 7146
6313 33879
3633 12561
23344 44512
7146 2613
20027 24942
25141 23344
5055 14372
13539 30236
20539 2702
13539 38305
46773 22449
8068 9817
48949 29861
46749 16799
19357 26622
3633 2613
23344 18711
22670 19004
34169 5055
22670 629
36851 16799
27349 36251
15327 36282
33322 26799
43637 20939
28480 31369
13257 39700
32249 20939
18711 43637
48400 33365
8019 34427
34169 48882
48882 24942
2564 9817
22897 35147
33879 42476
25487 3633
12561 45816
2702 10660
629 2984
35989 31369
9057 31542
34169 1252
12561 2613
7815 3633
26159 35147
34427 45816
20539 25141
42476 35989
46749 45061
21195 22449
49016 49007
34169 29253
14372 43637
32831 19004
16710 44512
41938 20027
15327 28480
45950 31008
45323 36282
2564 17009
15327 629
48949 37902
16799 43410
16658 9367
16236 13109
32831 28480
5055 48400
48949 22519
1175 16710
45061 33322
36251 46627
20539 27349
24717 16799
35147 25685
34169 44512
34427 31369
1175 45816
25487 44512
31008 12561
34427 23344
38754 45061
22670 36282
37902 36282
7146 629
24942 49949
19004 20939
2613 43637
19357 16799
25685 13109
45061 22904
15327 17009
36851 49949
28480 26159
46773 31369
2984 36851
41396 6087
19357 22003
8405 1470
20939 8405
1175 24942
38754 7146
25487 23344
46289 36282
7815 37422
32249 25685
34539 22670
23344 33879
23638 46289
8405 13109
45816 18045
45816 26799
33510 33533
24942 36251
30236 1175
26159 22003
2613 49007
30236 11372
21594 20841
37902 16222
629 21594
33533 20539
1175 6313
15327 22670
26622 37902
38754 22670
20939 20027
20841 46577
6313 13539
1470 9192
16799 44512
43410 19357
11372 16658
8264 22904
21603 45323
27569 8019
37422 34539
22519 33365
2564 29253
40011 1175
22670 2702
20939 33322
46773 15327
49016 24836
43637 10749
27929 11372
25487 36251
1613 35989
31008 34539
38157 24836
22449 8019
25141 41938
2702 27569
8019 13109
23344 7146
17009 40011
45061 27569
31542 22897
5055 20027
38157 31008
22897 28480
41938 1470
46749 9057
629 37902
10660 49949
2702 22519
6087 3633
49949 46773
38305 36282
45950 23638
37422 22449
6313 46773
1470 49016
38305 34169
27929 33365
20539 16710
29421 2613
33533 35147
24836 26622
15327 12561
22519 8405
38754 42238
34427 23638
25141 21594
26159 45950
38157 20841
9817 20939
1613 16799
14372 35147
14372 9057
26799 16658
40011 46577
34427 10749
38305 46749
1613 9057
48400 19004
14372 34169
23638 49016
18045 15327
21195 46749
22003 9817
10660 1111
1111 1252
38750 13539
25141 20539
16710 11372
18711 22897
39700 36251
1470 45950
19004 8068
48400 9367
13109 21195
26799 26622
6313 27569
49007 22003
20027 36282
25685 16236
33510 49949
7815 37902
40011 1470
33365 13257
42238 46773
33533 23638
24717 35989
27349 42238
33533 9192
48400 33533
46749 12561
46749 26622
16222 20841
49949 11372
21195 26622
14372 1613
33510 48882
37902 45323
48949 6087
18045 43410
38305 33510
2702 38750
31542 22449
46627 34427
13109 14372
18045 34539
36282 22897
31369 20539
14372 9192
39700 36851
48882 45950
20539 44785
17009 24942
16710 17009
38754 6313
26622 32831
30236 45061
44785 29861
25685 18045
1532 19357
29421 22003
25487 10660
16800 16710
6087 20027
20027 49016
19004 41938
1470 43637
33322 11372
19004 45950
30236 24836
21195 1613
43637 7146
31369 32831
2564 30236
23638 16658
16222 31542
28480 32249
20841 31369
38157 629
31369 29421
33510 2702
45061 1252
33322 13539
39700 9192
20539 40011
45950 18711
33365 23344
16658 28480
38750 11372
48400 27569
32831 33322
33533 36251
39700 10660
34169 23344
7146 19357
16658 25487
24717 49007
41938 16710
7146 37902
25685 1470
34539 10749
27929 10749
31542 18711
34169 10749
8264 16222
20539 29421
27569 33879
18711 1111
32831 3633
27569 45950
42238 48882
1111 22519
37422 9367
45816 17009
22003 33879
45323 1252
38750 22904
45061 12561
45950 27349
41396 35989
16710 20539
22519 22670
37422 46627
46577 21594
29421 9367
30236 46289
2702 26799
31369 34427
10660 1470
20027 8019
33879 46577
36851 14372
8405 21195
8068 33510
22449 7146
32249 38754
