874
24591 28826
33113 24825
40945 45612
43857 38693
3440 48702
43857 30598
27587 40945
11547 27587
12532 24030
20789 6762
6762 40106
19806 25538
21309 49917
38745 27587
37373 39022
15697 5578
33113 37373
29112 28826
27616 40945
38452 19756
37373 38745
3440 23446
39022 3440
24825 40945
43857 639
9356 40479
30598 22006
33113 49917
37437 38745
12532 20789
43857 39022
24030 6762
19756 37373
38452 8214
45612 49917
20789 44694
6569 40106
46693 31042
20789 46289
30598 24825
48702 19756
26727 27616
29112 27587
35588 19974
23754 38745
35781 19806
29112 24030
40106 19756
46693 40106
48702 45055
8214 48702
26727 6762
36823 19756
12532 8803
40945 15697
38693 40945
27587 38693
8803 45055
27616 9
44694 19974
40479 37437
27616 35781
19974 38452
45055 27616
38452 49917
3440 40957
40957 28826
20789 677
36726 45612
25136 31042
39022 46289
31042 23697
37437 43501
23697 24030
7545 12532
25136 27587
24030 35588
43857 42712
48029 43857
38452 3440
7545 6569
20789 26727
26727 24825
3340 44694
9 46289
46693 45055
36372 24030
43985 29112
48702 42712
12026 19974
37373 6762
46289 8214
40479 24825
24030 11547
24825 38693
639 23446
27616 44694
48029 36372
25136 21309
45055 25538
7545 23446
45055 44694
19756 35588
639 6762
36726 48029
23446 26727
8214 9
9 36726
43857 43985
7545 37437
35588 5578
1275 44694
22006 15697
21309 12026
25538 7545
677 45055
1275 23754
38745 3440
20789 38745
639 677
21309 31296
12026 25136
25538 39022
5578 27616
49917 35781
36726 24591
43857 24825
27616 25136
19756 6569
15697 12532
46693 12971
12026 30598
38452 12026
6762 38693
38693 23697
48702 9356
6762 5578
31042 15697
33113 40106
40479 28826
45055 30598
27616 21309
8214 43501
15697 37373
39022 24030
38452 43501
43985 19806
5578 37437
5578 42712
49917 37373
45055 7545
30598 20789
28826 6569
8214 6762
43857 22006
24591 12971
36372 48702
45055 48702
46693 36372
42712 24825
45055 36823
38452 23697
31042 46693
6762 43985
3340 40945
24591 43857
40479 12532
35781 12532
27616 43501
31042 36823
27587 23697
49917 12971
3340 31296
6762 36823
44694 35588
48029 5578
21309 43985
45612 36726
12026 39022
25136 43985
12532 3440
44694 6569
42712 19806
9356 1275
12026 45612
46693 27616
19756 12077
6569 35588
37373 3340
28826 24030
40957 45055
43857 24591
45612 40957
40479 3440
20789 48029
44694 39022
49917 29112
24030 21309
5578 35781
8803 19974
37437 22006
27616 12971
5578 639
677 36726
38745 24591
23697 39022
45612 19756
23697 36372
24591 3440
31042 38693
37373 40479
40957 35588
44694 25538
31042 15647
33113 46693
11547 48029
12077 28826
29112 27616
8214 35781
11547 24825
38452 5578
46289 23754
23754 33113
39022 15697
46289 20789
48702 25538
49917 677
24030 36726
28826 11547
15647 38745
3340 37437
23697 35781
45612 24591
40479 23754
15647 28826
24825 23754
40945 12532
46693 46289
677 25538
35781 11547
8214 3340
639 38452
26727 36823
8214 12026
43857 19756
12077 24030
24825 12532
19756 40957
45055 39022
27616 30598
25538 23446
19974 26727
15647 24825
23754 36372
27616 33113
21309 29112
9356 35588
44694 48702
28826 25538
12971 23754
43985 33113
42712 35588
12971 46693
11547 22006
35588 46289
5578 15647
37437 30598
23754 44694
12532 19974
21309 46693
45612 36823
1275 27616
6569 39022
36372 8214
9 28826
31296 35781
20789 3440
35781 3340
5578 38693
42712 31296
37373 24591
37437 8803
45612 43985
24591 24030
45055 46693
36823 35588
23697 31042
40957 12026
23697 48029
45055 1275
46289 46693
37437 48702
38745 19974
24591 3340
46289 31296
40106 15697
46289 23697
19806 22006
33113 43857
40479 31042
46289 12532
48029 19756
45612 40106
25538 40106
15697 9356
30598 15647
26727 48029
49917 40945
36823 25136
40479 19806
45055 38745
19806 30598
40957 33113
48702 24825
48029 23697
639 23754
40106 48029
639 27616
19806 40106
23446 21309
37437 19756
26727 45055
27616 45612
677 8803
23446 48702
12971 40945
8803 46693
11547 37437
30598 48029
36823 3340
11547 43857
11547 12026
36726 1275
49917 24030
40957 27587
37373 8803
7545 31296
37437 12532
19806 26727
26727 44694
23446 49917
45055 12026
48029 33113
5578 28826
20789 25136
37373 33113
27587 30598
12971 36372
46693 43501
38745 45612
38745 48702
48702 31296
46693 28826
12971 5578
677 15697
29112 8214
45055 43857
40479 43985
40479 12026
7545 21309
9356 49917
21309 24030
38693 27616
12077 40479
6762 8803
677 25136
40957 48702
26727 30598
677 31296
23446 37437
38745 44694
12026 639
19974 12532
15697 38745
35588 37373
36372 22006
45055 38693
27587 44694
24825 3440
3340 25136
48702 44694
43985 36823
35588 8803
12026 9356
35781 37437
33113 28826
23446 35781
639 24591
33113 22006
46289 3440
8214 9356
44694 5578
19756 12971
43857 19974
9356 21309
9356 40106
19974 28826
3440 36823
3440 9
35781 48029
43501 6762
9356 25538
29112 23697
25538 12026
24825 48702
40957 26727
36372 44694
12077 49917
5578 40945
5578 39022
3440 12532
40106 35781
21309 39022
23697 26727
9356 35781
24591 46693
30598 27616
40106 49917
9 23754
43857 3440
3440 27587
37437 7545
19756 43501
1275 21309
43985 24591
30598 25538
27587 48029
46693 31296
46693 9
20789 22006
11547 19974
31042 3440
12532 12971
3440 46693
22006 3340
48029 24825
43985 36372
22006 19756
3340 6569
40479 9
31296 639
29112 38452
15647 6569
28826 22006
25538 23754
12532 48702
21309 9
33113 48029
31296 37437
15647 27616
7545 28826
36372 38745
43857 38745
40945 40106
36726 46289
40106 45055
35781 28826
12971 20789
43501 7545
38452 24591
12077 26727
20789 28826
19974 23446
23754 3340
49917 26727
677 38745
9356 36372
33113 639
40106 8803
19806 36726
19806 12532
40106 42712
12532 11547
40945 24591
12532 40479
28826 639
23754 19756
40479 8214
12026 28826
36372 19806
28826 12971
31296 25538
19974 37437
49917 40957
20789 24030
35781 8214
35588 35781
24030 37437
40106 25136
36823 12077
35588 43501
8803 48029
26727 48702
20789 40106
45055 19974
12026 19756
5578 27587
24591 48029
15647 19756
27587 9356
46289 12026
43857 28826
24591 40106
6762 27587
48702 11547
20789 24825
29112 40945
677 1275
19756 11547
12077 38452
40106 28826
15647 9356
24030 37373
43857 33113
11547 46693
35781 36726
48702 12077
15697 45055
40106 23754
39022 27616
35588 22006
40945 25538
46289 48702
24591 6762
27587 35588
19756 43857
39022 38452
29112 46693
5578 40957
12971 6762
9 27616
43857 15697
39022 30598
37437 31042
44694 36726
40106 30598
19756 33113
19756 48702
8214 42712
3440 38693
24825 11547
12971 48029
3340 24591
38452 35781
23754 46693
12026 26727
43501 24591
43985 7545
1275 3440
3340 6762
12971 43501
3440 45055
9356 15697
24030 24825
30598 23446
677 19806
12077 24591
5578 12026
43985 35588
35781 9356
27616 19806
24591 639
49917 28826
22006 45612
38693 26727
1275 40957
48029 46693
3340 15647
38693 35781
12532 1275
1275 37437
42712 15647
31042 35781
42712 11547
37373 40106
46289 12971
23446 15697
40957 48029
36726 6762
40479 677
31296 15647
31296 38452
36372 35588
23754 7545
45055 19756
27616 37373
677 3440
28826 48029
25136 48702
27616 3340
639 5578
40106 27616
49917 9
11547 31042
22006 43985
12971 46289
33113 30598
21309 42712
3340 39022
30598 8803
677 49917
25136 15697
15697 8214
45055 9
45612 15647
24030 8803
24825 21309
9356 639
21309 639
45055 37437
36372 24825
36823 36372
27587 639
35781 23446
43501 48702
25136 48029
43501 6569
24030 40106
11547 3340
37373 12971
35781 37373
40479 19756
639 33113
15697 20789
27587 37373
3440 677
7545 30598
25136 23754
38745 40479
27587 8803
36372 11547
42712 23754
46289 49917
21309 12971
31042 38745
40945 30598
23446 43985
19974 5578
43501 35781
15647 8803
6762 35588
3440 26727
19974 31042
46693 29112
40945 639
3440 24591
22006 28826
49917 48702
33113 3440
12026 42712
24591 31042
15697 9
40957 40106
38745 24825
36372 12026
40106 48702
31042 639
44694 40945
35588 19756
28826 36726
36823 46693
36726 27616
12971 43985
23754 31042
38745 23697
42712 43501
25538 37437
24825 46693
35781 9
45055 639
38452 44694
21309 8803
22006 39022
11547 639
40945 45055
9356 28826
29112 11547
23446 23754
38693 30598
15647 6762
49917 43857
26727 40957
36372 12077
40479 38745
35588 6762
46289 30598
38693 12971
29112 6762
37373 44694
27616 27587
42712 9
37437 37373
8214 45055
30598 37373
19756 36372
38693 22006
40945 25136
31296 48029
24591 20789
1275 37373
37373 15647
29112 44694
19806 7545
43857 8803
43985 35781
12532 39022
3440 12077
24591 23446
23754 40945
38745 677
48702 28826
28826 40479
28826 43985
25136 46289
8803 3440
43501 25538
28826 38693
40945 43857
45612 23697
43857 11547
12026 40106
12077 46289
31042 24591
11547 6762
12077 7545
15697 12026
31042 19756
24030 27587
49917 45055
27587 9
29112 43985
30598 21309
43857 26727
37437 36372
38693 33113
46289 38693
24825 35588
20789 42712
36823 24030
40106 25538
25538 1275
12532 38452
3440 29112
39022 15647
33113 11547
5578 22006
44694 19806
24825 6569
43501 40106
36823 6762
31296 39022
25538 9356
46289 37437
24825 43985
8803 12532
5578 25538
6762 38452
30598 26727
7545 38693
1275 48702
19974 33113
31296 31042
15647 29112
24591 45612
49917 1275
37437 40957
27587 25136
35781 31296
6762 9
12532 35588
45612 5578
12077 8214
46289 24030
45055 45612
7545 19974
48029 25136
11547 12532
48029 27587
19974 30598
31042 37437
19806 8214
12026 31042
23697 49917
15647 31042
639 36823
3340 12026
38745 12971
40945 36372
42712 20789
28826 12532
24825 35781
27616 38693
38745 33113
7545 38745
37373 27587
19756 28826
9 26727
37373 45612
39022 23754
38452 37373
38693 35588
35588 39022
7545 24825
23754 37373
24030 26727
15697 48029
639 40945
12026 35588
3440 38745
6569 9
6569 27616
43985 9
42712 22006
15647 3440
40957 9356
44694 43501
28826 24825
12532 38693
6569 33113
36726 38452
24030 9356
24591 38452
19806 38745
49917 19806
37437 23754
8803 44694
37373 38452
21309 19974
25136 43857
11547 45055
11547 12077
46289 26727
23697 20789
25136 36372
25136 19806
15647 33113
29112 25136
25538 24825
12077 27616
27587 19756
5578 31296
24591 46289
30598 12077
7545 45055
19806 3340
45612 19974
20789 5578
25538 38745
3440 44694
27587 3340
35588 6569
677 21309
29112 46289
23754 37437
43501 36823
30598 40957
15697 8803
677 3340
43857 31042
27616 7545
43501 3440
3440 9356
39022 22006
36372 23697
25136 36726
12971 639
39022 20789
27587 6762
15647 49917
33113 677
6569 12532
46289 19974
9 9356
40945 23754
