849
26880 47148
39064 37767
13701 39672
49723 37292
2160 34433
28872 45516
39064 31229
27985 37642
37292 9807
43101 49835
249 7339
43258 43101
37292 44043
47148 45848
14376 34433
31229 39864
47148 3109
13701 25751
28872 46404
49723 46404
28872 22413
28872 37280
36448 652
49723 28872
652 26880
4672 47456
25206 39064
30171 31218
49835 37280
27985 29960
6578 22855
47456 28872
23485 18930
37767 38725
22410 43101
29939 21465
47148 39864
37642 49723
43101 652
37767 37280
49284 30171
22088 39064
26880 17001
31105 3491
43258 9401
7339 25206
21465 20371
8136 34433
21465 17001
47148 49284
43258 31229
27985 37280
37280 25206
25751 18930
25206 31105
6578 43258
47456 31218
8136 45848
39672 26880
45848 37767
37767 21465
49835 6578
34154 2160
22088 22410
34433 37280
2890 8136
44043 21465
22410 22855
28872 20900
47148 26880
3435 22088
13101 49723
49835 2160
3109 21465
31218 14376
22088 2890
8136 249
22855 34433
4672 29939
37767 17001
27985 46404
31218 20371
29960 3109
9401 25206
37767 43101
13101 23485
31229 14376
2160 17001
23485 45516
23485 18422
22410 39864
31105 7339
1169 17001
33978 22410
25206 23485
37767 14376
28872 34433
13101 31218
3109 652
31229 22827
22827 29939
31105 21465
23485 29939
37767 22410
2160 37292
25206 47148
22088 31229
34154 9401
2890 18422
13101 18930
38725 2160
29960 20900
20900 25206
9807 39672
22410 3491
22855 29960
43101 13701
34154 6578
29939 9401
23485 33978
49835 37292
2890 45516
18422 39665
13101 26211
39665 39864
22827 27985
22827 249
30171 14376
37642 44043
37280 26880
38725 22855
3491 44043
7339 37767
31229 3435
31218 33978
20371 22827
43258 3491
39864 4672
23485 7339
29939 22410
22410 20900
31105 49835
20900 49835
49723 3109
49723 3435
37292 29939
249 9401
30171 7339
37280 31105
33978 43258
21465 25751
31229 49284
34433 20371
44043 39864
29960 38725
13701 9807
37642 3435
6578 45516
37767 43258
34154 3491
46404 36448
31229 13101
44043 45516
7339 39672
44043 26211
22088 29939
49723 22088
49723 249
7339 39864
34154 37767
7339 45516
20900 47148
9807 26211
22088 37767
249 47148
45848 34154
33978 31105
47148 31105
45848 29939
49835 27985
18422 37642
26211 39064
4672 22855
38725 18930
3491 49835
34154 27985
38725 3435
20371 37280
34154 45516
47148 25751
45516 43101
38725 652
39665 22827
47456 3435
44043 22855
37280 49723
45848 1169
21465 39672
7339 9401
249 39064
43258 25206
17001 652
47148 44043
30171 9807
47148 20900
8136 20371
22855 22413
13101 49284
13101 27985
43101 31229
2160 22413
20371 45516
22410 39672
37767 49723
39672 9401
4672 43101
36448 18930
43101 22410
3435 21465
39864 45516
22088 30171
28872 30171
46404 39665
37292 23485
9401 31105
13701 13101
31105 39864
38725 8136
13701 31218
49284 33978
7339 25751
49835 13101
6578 29960
38725 14376
3435 49723
18930 31229
39665 7339
27985 44043
39672 45516
44043 22088
20371 14376
249 31105
49284 39064
37280 2160
2890 9401
25206 1169
29939 14376
3491 37292
9807 22413
30171 652
20371 39864
37280 9401
27985 18422
3109 27985
249 26880
3109 26880
39864 28872
37767 3491
31105 31229
36448 14376
13101 30171
30171 28872
13701 23485
9401 49284
7339 39064
30171 13701
45848 9401
39864 3109
49835 22410
17001 25206
39672 46404
45848 22855
33978 49284
39665 3109
1169 45848
17001 4672
46404 20900
49723 26880
31229 29960
37642 37280
49284 249
38725 39665
33978 37292
25751 3109
3109 28872
36448 3435
45848 37292
29939 22827
26880 1169
38725 43101
4672 25206
13101 44043
9807 49723
27985 8136
39672 37767
31105 22827
14376 25206
39864 3435
34433 8136
44043 39672
6578 25206
2890 23485
38725 25751
49835 22088
18422 37767
25751 9807
13101 49835
26211 25206
37292 46404
49284 2890
49723 39064
31105 2160
18930 13701
2160 39672
22827 37767
29960 2160
18930 26880
43101 249
28872 13101
39665 27985
37280 22413
2890 36448
26211 22410
30171 37292
22855 34154
46404 8136
31218 3109
37767 2890
18422 25751
29960 26211
26880 27985
49284 27985
22088 37642
30171 23485
31105 3109
31218 9401
2160 9807
249 36448
43258 28872
49723 22410
37767 47148
39864 27985
31229 25751
3435 22413
47148 39665
17001 27985
45516 31218
39064 45848
9807 9401
29939 33978
37642 3109
29939 13101
1169 39672
22855 49284
22088 49284
38725 3109
249 20900
26211 23485
38725 9807
22088 14376
2160 26211
39064 18422
4672 9401
7339 21465
13101 37292
20371 25751
43258 22413
31105 4672
43258 3109
47148 13701
3491 22410
39064 36448
39864 26211
29939 34433
28872 26880
45516 27985
37292 27985
28872 6578
13701 3435
30171 33978
31229 9807
3435 45516
3491 43258
29939 37642
25206 17001
20371 9807
18422 29960
26211 38725
34433 18930
2890 22827
46404 18422
30171 38725
21465 2160
31229 249
3491 39864
29960 33978
29939 43258
39672 17001
45848 31229
29960 26880
37642 31218
26211 13701
22855 17001
25751 36448
49723 6578
13701 37280
43258 20371
26880 43258
22413 13101
9401 29960
22413 39672
39672 39064
17001 31229
4672 18930
22088 34154
45516 9401
22410 34433
13101 28872
37280 3435
39665 47148
49284 13701
26880 9807
37642 38725
31229 17001
49835 20900
20371 29960
3435 31218
30171 9401
29960 25206
46404 13701
23485 30171
34154 37292
20900 38725
3491 34154
249 13701
44043 17001
13701 49284
652 2890
22413 44043
3435 652
33978 13101
31229 36448
49723 27985
3491 22413
49284 13101
39864 37292
21465 652
22855 27985
6578 38725
18422 22088
38725 37292
45516 2160
14376 37280
30171 47456
26880 21465
34154 38725
652 23485
34433 652
45516 29939
37642 33978
29939 36448
37767 30171
23485 9401
3491 36448
3435 30171
29960 30171
34433 22410
36448 23485
22410 31105
9401 38725
9401 45848
39864 31218
22410 18422
27985 43101
37292 26211
21465 37642
34433 39672
13701 22410
26880 20371
49723 43101
33978 17001
45516 49835
28872 7339
31218 43258
29939 20900
14376 22827
49723 21465
22413 18930
652 31218
20371 46404
22827 37642
34154 4672
37292 20371
2890 37280
20900 47456
39864 13101
37292 39064
9401 22088
43258 37280
13101 7339
29960 18930
25751 31218
2160 34154
46404 7339
3491 20371
26211 8136
49284 38725
26880 45516
46404 27985
28872 26211
17001 37292
47456 6578
22088 20371
8136 43258
49284 39672
37292 8136
22413 9807
39672 23485
34433 249
3491 27985
9807 13101
3435 13701
18422 30171
33978 20900
22088 44043
23485 21465
22088 34433
18422 46404
46404 3109
25206 27985
31105 18930
37767 22855
47148 28872
22855 14376
18930 20900
23485 20371
13701 3491
34154 25751
27985 37292
25206 25751
22088 25206
18422 37292
37642 18422
14376 3109
49284 652
3435 6578
49284 14376
43101 39672
2890 22088
28872 4672
652 7339
2160 29939
44043 49284
22413 38725
20900 27985
31218 28872
21465 34154
39864 30171
31218 13101
49835 9401
31218 47148
9401 39064
43258 4672
31218 38725
1169 44043
26880 20900
9807 37292
31105 25206
23485 8136
22855 49723
34433 9401
26880 8136
20900 49723
37292 2890
2890 6578
29960 28872
26880 38725
34154 18930
45848 33978
33978 9807
9401 22827
13701 1169
33978 6578
2160 3109
22413 39864
29960 27985
34433 3109
47456 39064
45848 3109
31105 22855
49835 3435
25751 49284
39064 22855
22410 7339
36448 44043
9401 9807
33978 9401
20900 39672
18930 1169
49723 37280
26880 39672
43258 39864
34154 25206
2890 17001
8136 3109
33978 39864
27985 38725
21465 45848
38725 2890
13701 39864
25751 3435
39064 22413
3435 9807
37280 49835
31229 34154
49723 44043
31218 22088
39864 14376
39672 13701
3491 18422
9807 7339
17001 22088
38725 22410
4672 3491
45516 28872
39864 20900
3435 43101
31229 30171
21465 13701
36448 31229
45516 17001
25206 26880
46404 4672
652 13101
26211 17001
44043 9401
37280 34433
18422 45848
49835 31229
26211 31105
7339 3109
3109 37280
49835 45516
25751 249
31105 39672
2890 22413
22827 2890
3109 22827
21465 39864
49284 31229
22413 39665
18422 14376
37292 30171
9401 13701
28872 49723
49284 8136
3109 31218
9401 20371
18422 49284
27985 26880
30171 46404
3435 37280
49284 26211
3435 1169
49284 22827
39064 30171
8136 2890
37280 37292
29939 249
31218 21465
1169 28872
23485 29960
7339 22855
3491 26880
2890 31218
3109 37292
45516 49284
14376 45516
45848 22827
49284 28872
4672 2160
25751 20900
652 3109
6578 36448
33978 46404
31229 25206
30171 37280
7339 27985
22410 21465
22855 21465
22827 20371
37767 652
13101 37280
34433 3491
20900 23485
49284 21465
22855 8136
652 25751
652 30171
49835 22855
20371 17001
27985 29939
26211 18930
25206 6578
47456 31105
29960 39064
39064 1169
36448 29939
47148 30171
23485 26211
31229 39672
25206 34433
3109 39064
49723 45516
2890 47148
28872 47148
31218 7339
39665 2160
47456 1169
30171 6578
17001 28872
26211 7339
3435 39672
26880 3435
39864 47456
45516 33978
18930 43101
25751 43258
39064 37280
3491 6578
14376 23485
33978 20371
45516 22413
23485 28872
20900 22827
6578 37280
45848 2160
21465 34433
3109 3435
39864 25206
9807 39064
36448 8136
2160 31229
43101 9401
45848 17001
7339 17001
46404 49284
14376 29939
3109 13701
36448 7339
31218 9807
37767 9807
34154 22855
34433 22827
22855 49835
29960 1169
249 3109
37280 39665
25206 9401
22855 39064
9401 23485
27985 47456
18930 22088
43258 29939
7339 26880
49284 2160
21465 18930
34154 23485
29960 13701
34433 39665
22088 20900
22410 39665
26880 22827
47456 9401
34154 43101
20371 26211
49284 49835
13101 2890
27985 20371
21465 31229
44043 27985
4672 1169
8136 44043
17001 34154
25206 49284
9807 25206
8136 39864
30171 2890
4672 7339
20900 7339
4672 49284
49723 43258
7339 49835
3491 3435
47456 2890
25751 25206
39665 49835
29960 37292
39864 249
33978 3109
8136 37642
34154 13701
43101 31218
13101 37767
34433 36448
37642 45516
34433 23485
22413 45516
9807 21465
9401 2160
39665 4672
8136 39064
8136 20900
34154 39864
25206 8136
4672 29960
18422 6578
34154 13101
18422 20371
37642 45848
4672 6578
30171 39665
22410 20371
26880 46404
7339 2890
22088 18422
3491 28872
1169 45516
2890 34154
45516 39672
43258 7339
37292 37767
39864 6578
18422 25206
2160 46404
18930 37767
33978 3435
37292 28872
23485 25751
44043 3491
13101 18422
23485 22855
1169 36448
22827 39672
31218 22827
31105 49723
14376 9807
28872 17001
38725 39864
