646
35047 3298
2496 23037
35010 48960
13496 15516
31453 26746
40376 1090
44864 20876
13270 24755
46821 6138
9227 46821
1206 41668
48201 9227
32346 13391
27572 28887
24755 27572
40376 21428
6099 1090
4013 1206
32346 1206
16533 24332
35047 13270
219 10593
31110 13270
46821 21428
23037 13245
16533 40376
38578 31110
219 44864
24332 219
23037 41668
17651 13496
15516 26746
26746 6886
6138 48960
44864 13496
38578 28003
13496 26746
47132 16533
9227 16704
9227 219
4793 40376
13245 27572
17651 48201
47132 12194
24332 24755
37722 19757
36612 3298
13270 37722
3298 6886
9227 4793
12194 46821
48201 28003
48201 16910
6138 13245
13245 8399
42637 16533
46821 38578
41668 35010
15516 24332
20876 24332
8399 31110
8399 24755
44250 16704
23037 48201
40376 31110
36287 22433
9957 35047
36287 9227
1206 3298
36287 12194
21428 28887
13391 22433
36612 7053
6886 27572
19757 44250
9227 6138
46821 219
48201 4013
41668 21428
36287 16910
48960 20876
35010 37722
586 4013
9227 32346
37722 2496
6886 13245
21428 20876
40376 36287
16533 10593
36287 47132
42637 24332
12194 13270
13245 21428
26936 9498
1206 28887
36245 32346
2496 26746
35010 4793
38578 12194
3298 38578
17651 31110
586 9498
38578 46821
17651 9957
44250 9498
10593 35047
26746 41668
2496 38578
24755 16704
15516 20876
2496 17651
44250 8399
47132 13391
22433 46821
1206 31110
20876 37722
3298 41668
26746 31453
47132 6886
46821 35010
48201 37722
13245 15516
7053 9227
28003 4793
16533 23037
9227 13270
13496 35010
28003 26936
13496 42637
36245 22433
13270 8399
17606 219
13496 12194
17651 22433
10593 35010
9227 42637
17606 40376
7053 47132
48201 24755
1206 36245
38578 6138
2496 19757
35047 46821
41668 3298
26936 4793
219 28003
9957 38578
28003 36287
21428 27572
9227 586
12194 6138
26746 28003
219 13496
37722 16910
6099 9957
1090 35010
24332 13391
219 13270
24332 37722
26746 35047
6138 31110
38578 1090
13270 6138
16910 23037
6886 17651
13245 32346
47132 17651
3298 28003
586 32346
32346 6099
6099 9227
26746 38578
47132 35010
40376 20876
19757 22433
1090 21428
35010 38578
16910 22433
28003 7053
219 36612
48201 6886
31110 35010
17651 35047
32346 28003
15516 1090
27572 17651
1090 12194
7053 10593
32346 27572
20876 36245
6099 4013
3298 586
27572 3298
41668 15516
41668 6138
44250 1090
22433 6138
31453 48201
17606 38578
27572 586
9498 31110
47132 24332
28003 20876
6099 20876
16533 17606
35010 27572
26746 48201
10593 13270
21428 4013
24755 31453
36245 9498
41668 13391
9498 19757
47132 17606
26746 19757
47132 21428
36287 31453
44250 6886
46821 44250
17606 17651
41668 48201
9498 36287
17651 40376
16533 13391
9957 32346
24332 35047
6886 36287
1206 20876
6099 28887
36612 12194
47132 31110
17606 36287
26746 44864
26936 31453
35010 28003
13270 9957
6099 32346
4793 36245
586 7053
28003 17606
12194 23037
27572 6099
38578 6099
42637 41668
48201 31453
16704 48201
2496 47132
16704 9498
4793 46821
15516 7053
13270 12194
44864 1206
22433 16533
47132 9957
44250 23037
38578 44250
46821 7053
46821 44864
28003 16533
13496 13391
19757 48960
6886 13270
13496 9957
27572 1090
19757 23037
37722 12194
12194 19757
47132 8399
586 36245
16910 13270
15516 13391
32346 219
586 6099
16910 46821
23037 6138
40376 47132
23037 37722
8399 6099
1090 13245
36245 26746
16533 32346
36287 44864
1090 586
42637 9227
6886 32346
32346 24755
44864 3298
6138 9227
44864 16704
23037 16533
37722 44864
13245 17606
44250 16533
42637 36245
26746 31110
16704 26746
17651 44864
36612 6138
4793 13496
24332 9957
24332 48201
8399 2496
37722 9957
1206 8399
48960 219
3298 13270
27572 44864
12194 16533
219 24332
15516 9227
9957 28003
13245 13391
48960 7053
41668 38578
9498 40376
27572 17606
17651 16533
10593 46821
17606 2496
16910 28887
4013 7053
8399 26746
13270 16704
41668 44864
41668 31453
12194 6886
6099 37722
46821 13270
27572 20876
36245 9957
42637 6886
17651 6099
48201 10593
36612 6886
44864 22433
22433 37722
28003 41668
21428 219
35010 46821
219 13391
13391 41668
15516 48960
16704 17651
36287 16704
44250 32346
13496 6099
13391 9498
27572 24755
37722 21428
28887 44864
17606 15516
13270 31110
22433 31110
32346 26936
12194 36287
21428 16533
21428 41668
13391 15516
20876 31110
28887 31110
28887 48960
37722 36612
16704 35010
26936 13245
48201 8399
8399 1206
48960 13245
42637 31110
31110 27572
23037 2496
586 27572
4013 32346
10593 1090
16910 36245
23037 46821
31453 36612
22433 41668
26746 6138
19757 8399
36245 47132
42637 26936
32346 1090
219 15516
16704 26936
3298 48960
41668 48960
3298 31453
17606 32346
586 16704
16910 44864
47132 23037
586 47132
586 44864
16533 36287
27572 23037
27572 35010
6138 13270
586 31110
1206 17651
2496 13270
27572 28003
35047 47132
24332 7053
6138 24755
24755 19757
36287 31110
24332 16533
28887 13391
42637 36612
15516 36287
8399 219
17606 27572
2496 36245
13391 23037
37722 36287
48960 6099
6886 41668
17651 3298
48201 31110
21428 12194
28887 41668
40376 17606
28887 16910
35047 9227
32346 16533
1206 26936
38578 219
36287 6099
38578 13270
46821 48201
31453 24332
36612 16910
20876 48960
13270 17651
16910 3298
28887 38578
36612 219
24332 21428
32346 37722
219 16704
28887 6138
16704 8399
6099 7053
36245 8399
26746 24332
31110 9498
12194 8399
47132 1206
22433 32346
35047 2496
31453 15516
12194 32346
4013 40376
4793 9227
9227 27572
9957 13496
13391 586
28003 47132
28887 32346
1206 13270
31453 19757
9227 19757
9498 12194
46821 23037
22433 17606
10593 13391
8399 23037
4793 47132
16704 6138
4013 586
31110 586
6886 31110
36612 36287
4013 28887
37722 9227
8399 12194
6138 9957
9957 23037
1206 22433
3298 13391
10593 16704
44250 19757
35010 19757
15516 16533
20876 9498
4793 6886
48960 26746
219 12194
586 28887
2496 1206
13245 9957
4793 26746
44864 13270
44864 44250
24332 13245
37722 38578
44250 31110
7053 586
17606 8399
9227 36287
47132 16910
586 16910
17651 38578
36287 35047
3298 36287
38578 37722
46821 16704
44864 38578
35010 13245
19757 28003
6886 46821
22433 15516
19757 20876
36245 27572
40376 3298
38578 24755
1206 44250
36287 13270
7053 32346
9957 36245
35047 4013
13391 13270
26936 37722
37722 3298
219 38578
36612 16704
31110 4793
12194 586
31110 6886
36245 13496
9957 19757
9498 219
46821 8399
16704 42637
15516 219
9957 44864
4013 3298
3298 40376
35010 6886
13496 6886
13270 219
23037 36287
48201 13496
2496 9957
9957 13391
10593 15516
31110 6138
24332 6886
28887 31453
586 48201
37722 6886
16910 20876
1206 27572
24755 20876
4013 15516
32346 21428
9227 36612
35010 31110
35010 9498
8399 26936
16533 31110
28003 1090
26936 2496
24755 36287
21428 46821
6886 31453
9957 16533
47132 27572
46821 31453
31110 36245
41668 17651
36612 22433
48201 21428
26936 13270
44864 12194
26936 20876
1090 32346
10593 31110
13391 16533
32346 26746
44250 47132
6138 38578
6099 13270
20876 6138
9957 35010
8399 16704
32346 47132
24755 26746
28887 17651
16533 9498
10593 6138
19757 1206
48960 44250
40376 26746
46821 28003
4013 19757
13270 28887
4013 1090
41668 24755
16704 24332
35047 13245
8399 13270
1206 24332
6886 36245
36612 19757
26746 13391
41668 36245
13391 6138
6138 586
13245 1090
17606 44250
2496 35047
19757 16910
15516 32346
16704 219
13496 9498
20876 9957
13270 38578
7053 4013
20876 1206
44864 19757
40376 13245
10593 17651
24755 48960
10593 38578
36612 38578
36287 48201
6099 4793
7053 6099
13245 23037
13270 21428
6138 13496
26746 16704
24755 3298
36612 13496
16704 27572
16910 17606
219 2496
31110 10593
4793 35010
8399 47132
4013 38578
44864 24755
37722 7053
7053 2496
21428 48960
