1628
36337 9810
42365 12136
34277 28540
25952 38092
41033 44966
12425 47567
46685 1795
40697 45702
2599 17210
17786 37781
33942 38092
45702 41033
44966 31987
4824 45702
35374 49830
44966 39175
25681 44200
21564 36529
44255 44966
35095 46685
20229 49470
34277 36337
22204 20393
45702 6920
35596 36275
45702 10634
22223 33942
45702 9094
47567 6920
1473 21453
47567 12425
33942 36866
1795 2584
7548 38589
49830 47567
36686 8388
38589 38092
34570 28585
7548 12312
25966 35374
37628 34570
16125 18271
37781 33060
15200 7570
20393 40697
46685 22223
33025 44955
30976 35374
41882 12544
30116 16718
19960 17786
20393 17786
45702 44955
7570 25681
47567 12168
9094 8388
36866 40307
28540 22223
49335 41882
32850 15200
8562 16125
33060 40216
35596 42620
13619 1473
32427 32850
18271 15200
40216 1484
46685 2875
3533 36686
39503 35598
49830 9810
10634 11044
17786 2584
6920 44955
36337 13444
12544 18271
21453 42365
44966 25075
40697 6920
25075 38092
38501 40216
31987 25681
22204 22223
44966 14989
2584 40307
12136 14989
29420 44255
29420 43654
12544 16718
1484 7570
12544 49335
7570 36686
47567 33275
2599 35095
21453 25966
25966 8562
41305 21453
6132 1473
8562 46685
29032 30276
38501 39175
9094 6843
8540 2599
1473 35598
2584 49486
42365 6843
22204 38092
21564 18271
17210 29032
28540 45702
44966 27045
42620 12136
16644 49470
47579 13444
49486 7570
27045 29032
49335 39175
6685 15200
40981 33942
1473 35095
21564 9810
47567 36337
8562 20393
1795 17210
46685 42365
37628 25952
10634 2875
34277 28585
22204 44955
9459 6132
25966 36866
25966 5482
30976 37628
25075 38501
49486 1795
41099 36866
27045 1484
37628 41305
1795 40981
36275 30243
1795 36275
1473 13619
40697 30116
36275 33942
42620 43654
40981 45702
47567 45702
37781 21564
41882 9810
42620 13619
19960 13444
22223 28540
14989 39503
33066 1795
29420 49830
40216 9810
2584 8388
17786 49486
44966 33060
36866 7548
36866 44255
25952 9459
12136 16644
7570 16718
27045 28540
19960 28540
10634 39175
29032 33060
46685 33275
36275 33060
21564 35374
15200 44955
37781 20229
12136 49486
2875 30116
21564 41033
49486 34277
38092 38501
2584 12168
31903 46685
30243 44955
12312 42620
21453 6685
26901 41882
40216 44955
36529 47579
10634 30276
5482 36529
6920 13444
35374 49470
22204 4824
13619 27045
7548 31903
12312 30411
11044 25966
17786 13619
1484 16644
10634 38092
29032 36275
21564 33060
12544 10634
25952 45702
36866 44200
28585 1473
14989 35374
25075 47567
34277 31987
8388 19960
33275 4824
6132 40981
20229 9810
25966 19960
8388 41099
32850 1795
30243 42620
29420 38092
44955 45702
13444 33074
38092 33066
36275 16718
36686 20229
13619 22223
29032 47579
42620 31903
45702 40697
35596 31987
2599 41305
45702 30276
17786 12425
49335 41099
9459 26901
34277 8540
40981 12136
33275 18271
16125 46352
36529 14989
1795 4824
31903 25966
13619 42365
25952 47567
46685 2599
13619 43654
39503 6685
8388 6685
41033 5482
1795 12544
33275 33025
14989 49470
21453 5482
41882 35374
30976 49335
29420 33074
8388 33275
12168 43654
18271 8562
35598 12544
31903 18271
8388 9459
33066 37781
11044 37998
30411 6920
21453 43654
7548 14989
44255 31987
40697 49486
39503 9810
41882 26901
15200 49470
43654 35374
13444 33025
13444 35095
16644 35095
36275 36866
33942 6132
47579 12425
49830 31903
2584 12425
31987 9459
37998 30243
12312 30116
15200 13619
16718 2875
2584 8562
25681 25952
12425 27045
18271 4824
17786 40697
16644 8388
9459 40981
33275 41882
16125 9459
30976 43654
17210 26901
17210 44200
33060 29420
36686 27045
29420 31987
33066 16718
14989 21564
41305 1484
19960 21453
40981 14989
49830 3533
44955 29420
27045 4824
37628 30116
20393 27045
8562 12312
28585 40697
40216 35598
21564 38501
25952 44955
42365 36337
2584 44255
49830 35374
12312 33942
36529 32850
13619 25075
40216 29032
32427 28540
2584 30276
9810 29676
30243 35598
17786 25966
12544 9459
30976 28585
17210 46352
44955 47579
41882 47567
33275 7570
25952 44200
15200 22204
8388 15200
2875 8540
12425 46352
5482 12425
42365 9810
45702 30243
32427 35596
35596 20229
1795 10634
1795 44966
41033 7548
20229 47579
29032 33066
26901 33060
2599 20229
25966 46352
49470 47579
1795 12168
25966 49335
9459 20229
27045 28585
13444 35598
21564 29032
33060 16644
8562 42620
33025 6132
42620 13444
9459 12425
40697 46685
13619 36337
10634 40697
17210 21564
33275 44966
37628 38092
39503 21453
41099 31987
6132 30411
33074 35596
16718 8562
36529 9094
8540 6685
35095 36337
38501 45702
29032 19960
33060 25952
1484 11044
25681 36866
32850 38589
34570 10634
44966 7570
46685 15200
6685 31903
16718 7548
25681 35374
14989 15200
39503 42620
36275 39175
37628 30411
1473 13444
7548 13619
37628 42620
5482 36866
17210 30116
44255 40216
8540 33275
39175 2584
49830 31987
36686 16718
38589 25966
25966 33060
10634 35598
42620 40307
21564 27045
6920 2584
40216 17786
31987 10634
27045 17210
17210 30276
21564 47579
35095 47579
28540 32850
4824 34277
39503 15200
10634 40307
8540 32427
44200 28540
36337 28540
9459 17786
37781 33942
43654 4824
8388 36529
17786 41305
44200 35374
20393 34570
46685 9810
12425 25966
34277 44966
10634 42620
16644 10634
21564 38589
41882 36866
29420 49486
25952 49486
38092 19960
8388 33025
12168 9459
20393 30243
34277 1473
17786 1795
30276 8562
41099 49830
40307 46352
30276 43654
42620 46685
25966 36337
37781 19960
20229 25075
37781 41305
33025 2875
25681 21453
38589 21453
19960 8540
36275 40307
40981 36337
25075 34570
49830 44955
26901 7570
28540 36529
42365 35596
7548 2599
32850 6843
12168 36337
21453 25075
12544 47567
1473 1795
33074 38501
11044 38501
18271 21453
16125 40981
42620 25681
10634 32850
33060 42620
30243 18271
49830 38501
6685 8562
15200 8540
43654 37998
33074 41033
49470 38092
28540 18271
2599 6920
11044 7548
25966 35598
49830 8562
30411 40216
33275 6843
22204 31987
20393 11044
31987 44255
36686 21453
30276 15200
29676 8540
1473 22223
6920 49830
2599 37781
33275 15200
25681 12136
12168 34277
13444 31987
46685 28585
1484 37628
45702 40981
3533 42365
36275 30116
33025 12168
41305 45702
39503 8388
28585 41882
46352 49486
38501 4824
6843 2875
17786 29676
6685 4824
20393 20229
45702 42365
30976 22204
39175 13444
37781 36686
34277 9810
12312 49486
35095 16125
12544 33025
12168 20393
44255 16125
8388 32850
38501 2875
9094 41882
49335 33942
12168 47567
14989 41099
25681 33060
13619 28585
41882 4824
47579 25681
30976 34570
9810 35095
47567 25681
33942 44200
44255 33275
41099 35095
49486 8562
29676 25075
29032 40697
36337 19960
30976 30243
33942 6685
35598 9094
37781 21453
29032 36686
30116 33060
5482 13444
3533 12136
29420 30976
30411 40307
35374 40697
38092 22204
13619 12425
40697 7548
30116 28540
39175 33942
19960 44966
5482 33060
10634 16718
13619 20229
21564 41882
5482 37781
35374 6920
39503 46352
33060 4824
13619 35598
32850 28540
46685 27045
34277 25681
2875 13619
38589 40697
20229 40981
25681 1484
30116 46685
6132 42365
9459 40307
26901 47579
46352 16644
35374 1795
12312 49830
12168 41882
29420 17210
42365 21564
25681 1795
8388 17210
5482 26901
33942 40697
21564 41099
16718 49830
25681 19960
36337 37781
3533 22223
29032 33942
7548 41099
25075 49470
30243 25952
39503 12136
44200 49335
44966 6843
35374 44966
33074 38589
36686 12168
2875 40307
33060 36529
30243 6920
40307 45702
8562 9810
12312 36686
11044 12168
44200 17210
12136 33942
1795 32850
49830 26901
16644 39503
29420 16718
30976 30116
33066 27045
30116 21453
6685 27045
49335 30976
35596 46685
22204 7548
49830 49470
30976 39175
42620 33942
42620 35095
19960 11044
8540 30243
36337 44200
28585 49470
26901 9810
25075 42620
35596 38589
42620 20229
9459 9810
7548 36275
12136 33275
49335 35095
15200 5482
15200 42365
17786 12312
11044 34277
30976 44255
37628 40216
30411 30976
22204 30976
7570 38501
38589 34570
34570 2599
1795 41099
36337 14989
14989 11044
36686 35374
39175 49830
29420 41305
44966 6685
35374 12136
30116 22223
36337 35095
13444 46352
35598 1473
25075 35596
32850 47567
35596 46352
39503 30411
30116 44200
33275 41305
30411 33275
34570 33025
8540 30276
33060 31987
9810 14989
12544 46685
49335 28540
25075 35598
12425 16125
25966 46685
21453 46685
20393 44200
21564 45702
32427 12544
36686 40697
29676 2599
44255 8388
44955 39175
12425 36529
41033 14989
32427 12425
12168 30276
14989 10634
40216 35374
21453 15200
3533 41099
28540 46352
16644 21453
16718 46352
2584 39175
17786 36529
17210 33025
29676 1473
44255 35374
28540 27045
36275 20393
31987 46685
21453 36529
42620 41305
8562 31987
6843 16718
27045 20393
38501 47579
33025 38501
21453 44255
12136 8388
40307 8388
7548 41305
12544 36866
46685 30243
4824 30276
44955 4824
33025 18271
38092 1795
49486 31987
36529 31987
36686 11044
4824 25681
41305 6843
29676 37781
29676 44255
37628 16125
32427 1473
20229 16718
8388 30276
28585 19960
37628 6920
41305 12544
44955 39503
5482 40981
1795 11044
16125 39175
6843 42620
2875 20393
35598 30976
17786 35095
16644 25966
39503 20229
28540 1473
26901 22204
13444 8562
3533 30411
38092 9459
29420 4824
32427 5482
43654 22223
5482 49335
15200 9810
42365 13444
44200 6843
16125 41882
49830 2875
2599 17786
18271 30276
44255 9810
45702 36529
2599 8562
47579 1795
2599 15200
3533 35598
29032 12136
36529 37628
12312 33066
49486 9810
12168 33275
36275 42365
33942 26901
37781 9810
20393 45702
35095 33942
30276 46685
22223 13444
19960 6685
33025 36686
42365 30116
43654 44966
30976 36529
35095 49830
18271 35598
35598 30411
18271 34570
40307 17210
8540 8388
12312 46352
27045 16718
36275 41099
33066 21564
15200 31903
2875 35095
30243 2584
2875 33074
44200 8540
49470 36337
36866 5482
6685 6132
1795 17786
12312 41033
29420 37998
33275 44255
18271 47579
29676 39175
5482 44200
29032 1473
30116 49486
25952 30411
36686 1484
49486 35095
37781 40697
19960 30976
8388 17786
33275 28540
36686 38589
30116 49830
46685 29420
28585 44955
8388 11044
11044 2875
17210 49486
9459 41099
34277 41099
26901 28585
36866 12136
16644 12425
10634 8388
33275 47567
36866 20229
12168 32850
9810 40697
35374 21453
44255 30276
30411 30243
6132 49486
42620 34570
6843 12425
18271 2599
26901 25952
3533 38092
6132 12312
28585 21564
1473 6132
32850 12425
8388 25681
12425 9094
31987 32850
8540 47567
39503 41033
1795 49335
38501 35095
2584 39503
35374 33074
12312 31987
9459 12136
40697 35596
39503 7548
6920 36337
2599 8388
39175 6920
13619 15200
19960 36275
40307 9459
36275 40216
39503 30976
47579 40697
37998 42365
2599 12425
38092 42365
33060 33025
16718 20393
25681 9810
30116 6843
35374 1484
2584 10634
42365 41099
41305 42365
29032 21564
28540 49486
12425 2875
30243 21564
49335 21453
35374 6132
12425 43654
32850 18271
49486 8388
8388 33074
44200 38092
33025 22204
12312 17786
12425 10634
33066 49335
31903 30116
40697 35095
8562 39503
17786 44200
42620 33066
38501 12544
36686 25952
17210 13444
31903 38589
20393 36337
20229 21453
33942 36337
30976 37998
17786 6920
47579 35596
49486 33066
25966 12544
12544 40307
20393 46685
31987 36529
13619 2599
49335 9459
40697 49470
47579 7570
12544 31987
32427 46685
30411 22204
9094 18271
15200 19960
16718 49470
37998 16644
40981 35598
20229 41033
39503 31987
29676 35598
49486 16718
4824 10634
6132 39503
2599 35374
20393 40981
17210 6920
8388 37998
10634 27045
30411 13444
35095 2599
40307 33275
36275 43654
5482 2599
25952 49335
42620 31987
2599 6843
28585 6920
38589 3533
33275 16718
40981 6685
47579 7548
9810 34277
47567 39503
39503 36275
40216 17210
44255 25075
41305 36866
36866 6920
7548 8388
38092 30243
11044 41305
41305 16718
30976 29676
38589 44966
49486 32427
4824 30411
30276 22204
12136 41882
2584 1484
7548 25681
40981 37781
34277 47579
45702 16125
40307 28585
25681 34570
35596 31903
35596 8388
29676 30116
35095 40981
36686 5482
49470 6685
10634 7548
25075 40216
30411 29676
34277 38092
41305 29676
25681 44255
29420 28585
25966 33025
8540 47579
41305 40697
36529 36337
11044 9459
16644 36337
40216 36529
36866 16718
38501 33074
17786 36275
37998 39175
38501 41305
16718 49335
20229 13444
20393 8540
49830 30411
37628 36686
34570 32427
14989 26901
8562 28585
9094 45702
30976 46685
12168 27045
31987 7548
30243 7548
6920 9459
47579 38589
22223 10634
35374 22204
30276 13444
2584 33074
1484 28540
1473 33025
2875 49486
13444 33060
3533 19960
33066 37628
43654 33942
34277 15200
20229 11044
5482 14989
6843 9810
27045 35598
41882 36275
30276 32850
33942 12136
27045 22204
7548 22223
17786 39175
44966 42365
1473 17786
40981 13444
3533 21564
39175 22204
13619 29420
20229 26901
39175 30276
46352 33074
42365 1473
6132 25966
7548 38501
49470 26901
33025 37998
2875 25681
49470 49335
31987 44200
30116 1484
35095 16644
4824 46685
40981 37628
41099 16644
7570 8540
18271 8388
17210 47567
12168 35374
7548 28540
29420 36275
20229 46352
33066 40307
42620 1795
44966 28540
26901 14989
26901 45702
39175 8540
36529 36275
37628 47579
46685 40307
25952 36686
11044 4824
29676 6132
43654 8562
41882 42365
29420 10634
38501 36337
25075 36686
16644 30116
49486 33942
22223 25075
40697 29032
36275 21453
35598 33066
30976 33275
27045 45702
40981 38589
34570 26901
25966 37628
38501 16718
36275 25952
12544 30243
47567 1473
29420 36529
17210 7548
20393 42365
47567 49335
37781 49486
30976 1484
7570 5482
41099 36337
7548 17786
13444 38092
33025 11044
8388 35374
22223 31987
4824 33275
36529 25966
37998 36866
13444 29032
1484 17786
14989 36686
33942 7548
17210 6843
1795 37628
8562 47567
40216 43654
7570 37998
32427 18271
49830 13619
40216 46352
36337 27045
40981 7570
6920 31987
44255 36686
30116 22204
12425 44966
44966 32427
1484 21564
12168 49486
25952 49470
36275 17210
39503 29420
33025 49486
16718 30976
38501 32427
1795 35598
1795 9094
25681 30276
46352 44255
40307 32427
30976 21453
13619 16718
37998 30976
32427 44955
29420 45702
30411 1484
44200 7548
10634 12425
33025 49830
41305 49470
35598 14989
22223 44255
12168 16125
33066 44955
31987 7570
20229 13619
18271 6843
44200 39503
25952 36275
36866 32427
21453 18271
30411 21453
35095 47567
29420 31903
30243 29032
9459 41305
44255 22204
35598 39175
32427 22204
20229 34277
36275 44200
9459 35598
16644 4824
21564 22204
22223 49470
18271 26901
47579 49486
49830 42365
43654 2584
21564 35095
28585 33074
49830 42620
5482 49470
49470 13619
47567 5482
29676 6843
37998 40216
49335 39503
12544 44255
36337 46352
17786 27045
49486 47567
42620 16644
28540 25075
30976 25966
46352 30976
38589 19960
36275 3533
21564 16125
36866 17786
37781 35598
1795 31903
32850 35095
35598 17786
30976 22223
19960 33275
2875 40697
6920 34277
7570 6920
30243 33275
43654 49470
28540 35095
22204 2584
45702 14989
39503 27045
21453 46352
9459 47579
49335 33060
29032 41033
16718 6920
36337 36529
16644 34277
12425 8388
44966 42620
47579 3533
20229 17786
32850 13444
36275 34570
40307 43654
29032 44966
21564 26901
39503 2875
26901 6920
15200 12136
46685 47579
28540 12544
29420 29676
30976 41305
46685 47567
33066 22223
41305 40216
8562 35095
26901 49335
5482 4824
49486 44255
45702 6685
31903 21453
9810 35598
25681 6843
15200 39503
6920 26901
6920 16125
49470 30976
28585 43654
9459 46685
35095 1795
16718 37628
34277 1484
49830 25966
33066 33275
44955 31903
8562 8540
8540 15200
37628 33275
35374 1473
49470 1484
12168 36529
47579 49830
2599 49470
27045 7570
39175 29676
15200 47567
35374 33060
18271 39503
49470 41099
2875 46352
1795 30243
8388 25075
33074 18271
34277 29676
3533 44200
36529 33942
35095 8562
38501 11044
46685 16644
30411 3533
39503 12544
38501 49335
30276 39503
6920 35596
25681 10634
20393 7570
32427 6843
44200 40307
28540 31987
36529 46352
49335 5482
46685 42620
26901 44200
13444 36529
43654 26901
18271 42365
25952 36337
7570 40307
38589 44200
42620 41099
32427 46352
6132 12168
5482 7548
3533 12425
13444 1473
44955 28540
6920 49486
6132 8388
8540 6920
38589 33066
49830 27045
28540 35596
2584 25075
44200 35598
36866 41882
29676 35095
12312 36337
30411 18271
47567 49830
49335 32850
1484 9459
6132 36275
37628 46352
16718 25075
34570 40307
30276 38589
30411 41305
25681 11044
33275 36337
30976 33066
37628 29032
33074 35374
28540 39175
8562 6920
36529 20393
36866 12312
42365 27045
33074 25075
17210 41033
11044 36337
12136 6132
25681 12312
38092 16644
33025 49335
3533 32427
41305 38501
30276 36866
4824 13444
40697 22223
22223 17786
36529 8562
33025 12312
20229 4824
12425 12136
8388 6920
18271 25952
13619 37998
29032 1484
9094 1484
31903 37628
37998 29420
22223 18271
37628 25075
46685 6132
36866 32850
39503 18271
13619 9810
44966 4824
41033 30976
8562 2584
37628 6685
12168 34570
44200 1473
38092 25952
38501 43654
32850 40697
44255 11044
40307 33060
26901 40216
47579 21564
21453 33074
37628 20229
44955 30243
12425 30276
13444 9094
15200 1473
1473 11044
41305 35374
40216 37628
8540 43654
17786 11044
42365 19960
21564 2599
36866 7570
15200 47579
35598 15200
33060 30276
42365 2599
22204 13444
17210 4824
2584 47579
16644 35598
2875 20229
6843 14989
2875 30243
20393 46352
9459 1795
7548 29420
44966 49335
33060 33066
30243 5482
47567 30243
33275 12312
49470 33942
16125 29676
46352 2584
12544 44955
16644 31903
25075 17210
16644 15200
8562 26901
25952 31903
42365 49486
4824 20393
20229 44200
37781 41099
41305 12312
33275 7548
38092 38589
38501 49470
21453 49830
36686 36866
33025 7570
36275 32850
41099 28540
36529 45702
2599 41882
38092 21564
45702 47567
44966 17210
28540 35374
49486 37998
12168 30411
40981 49470
46685 43654
32427 17210
35598 49830
6685 12425
38589 16718
36529 25681
30276 36529
17786 33060
36866 41033
12544 21453
37781 33074
6132 26901
13444 35596
33074 40216
20229 33074
35095 12136
25075 6843
36529 15200
3533 30276
25966 16125
42365 37628
10634 1473
29420 6685
41033 18271
37781 35596
27045 19960
3533 21453
10634 6132
42365 43654
6685 39503
30276 11044
28540 9094
9810 49830
12544 21564
33942 40981
40216 1795
16125 2875
20229 38589
46352 49470
13444 1795
31987 8562
34570 16718
33942 34570
15200 1795
25681 39175
32427 33060
38501 10634
38589 30116
34277 17786
35374 28585
25952 8540
45702 12312
47567 36686
41305 36686
36686 2599
44255 25681
2599 40307
28540 29032
29032 37781
44955 3533
16644 49830
25966 30116
49830 22204
39175 33074
20229 41099
1484 44200
21564 47567
32427 42620
32427 40981
9459 2875
33275 2599
20229 37998
3533 5482
34277 40981
18271 21564
6685 33066
1484 16125
33942 49470
47579 29032
21453 49470
22204 7570
29420 47567
41099 44200
2875 41882
11044 32850
12425 40307
40307 25966
35374 14989
18271 12168
40697 44966
33074 20229
42365 1484
49470 13444
37781 34277
7570 34570
30276 44955
49470 9459
25075 2875
46352 42365
36686 12312
40216 16125
34277 37628
12168 33060
20229 31987
35596 6843
34570 6685
38092 17786
7570 44255
36866 29420
28540 37781
26901 13444
33066 26901
30411 40981
33275 8562
33942 29676
33942 16718
49335 13444
30276 36337
46352 22204
25681 31903
10634 29420
7570 21564
41033 36686
30243 45702
9094 12168
6920 40981
49830 1795
2875 2599
41099 10634
28540 12168
11044 12425
21564 46685
7570 22204
10634 41033
34277 47567
12544 45702
45702 13619
40216 25966
21453 19960
30276 1484
8562 29676
17210 36866
36866 26901
35095 44966
35598 29676
41882 12168
36337 1473
33066 8388
44255 6920
2584 9459
47567 21453
35596 33025
9094 34277
37998 13619
41033 26901
42365 6920
39175 12544
6843 49830
49470 8388
39175 10634
39175 36337
37628 40981
49335 1484
22204 39175
7570 22223
