687
31910 45842
29314 47092
29314 29864
24539 6111
46797 31910
457 10668
12399 3144
5005 2096
24539 35179
29927 38562
12879 45743
47092 17858
3144 2372
9976 34683
39999 6123
25665 7077
46797 24539
2096 1699
46797 17861
12879 6111
45842 1699
29927 10668
5005 34683
38562 10197
24539 48599
29328 23211
6123 7077
15508 5005
37601 26676
34683 24539
18164 26323
17858 35179
45743 26676
45842 43440
1969 46797
48599 45743
17861 12879
49304 45743
12399 23211
6111 3144
47092 43440
35179 5942
5005 23211
49233 29864
5005 1969
35179 8315
38562 29328
17861 38562
44230 9976
23211 46902
24539 1699
34683 45842
31424 18164
48599 17858
15508 49233
26323 29328
23400 10668
1969 49233
5942 44230
37601 18164
31910 35179
46797 29314
38562 24539
17861 23400
30826 17861
49233 32795
23211 5942
23400 24539
1699 10668
12879 26676
2239 35179
5942 23400
31424 17861
10668 26323
37601 29328
26323 43440
29328 2096
38562 23400
31910 10197
38562 34683
457 23400
30826 31910
26323 10668
25665 8315
15508 3144
29927 12879
457 26676
45842 5005
43440 45842
25665 1969
29328 5942
7077 17858
43440 47092
31424 49233
45743 18164
43440 18164
9976 12399
17729 13904
45842 457
13904 8315
37601 457
43440 7212
45842 46902
29314 12399
45842 9976
24539 37601
1969 5942
5942 39999
6123 10668
37601 29314
45743 2096
31910 26323
35179 37601
34683 15508
44230 5942
31424 6111
30826 17729
48599 13904
5942 457
49233 23211
39999 46902
17858 32795
31910 37601
26323 6111
25665 2239
10197 10668
26323 3144
6111 29927
7077 29314
35179 44230
9976 35179
46797 8315
12879 5005
38562 7077
48599 5005
29927 45743
45743 31424
6111 5005
30826 31424
5942 49304
38562 29927
9976 29927
24539 12399
34683 29328
6123 17729
24539 8315
26676 6111
45743 1969
12399 7077
31910 6123
15508 31910
38562 12399
26676 31910
13904 18164
12879 31910
2096 18164
37601 48599
29864 13904
31424 2096
457 29864
9976 7077
2239 49304
457 8315
34683 45743
29927 47092
46902 2096
24539 23211
23211 45743
12399 26676
15508 46797
23211 31424
25665 10197
44230 49304
31910 8315
49233 44230
10197 12399
9976 38562
23400 6111
7212 17858
457 43440
24539 6123
6111 29314
18164 7212
3144 49233
46902 23211
2239 43440
32795 8315
7077 12399
2239 29864
15508 6123
10668 1699
48599 2239
29864 457
1699 26676
23211 12399
29328 23400
9976 37601
25665 12879
5942 34683
12399 35179
23400 8315
35179 5005
12879 29864
43440 17861
30826 29927
1699 23400
49233 1699
5005 30826
39999 31424
47092 26676
29314 1969
39999 29864
17861 44230
7077 3144
39999 26323
2372 30826
30826 2096
23400 45743
2096 1969
35179 18164
29314 15508
37601 43440
457 13904
25665 29927
29328 32795
38562 17858
29864 26676
457 29927
12399 45842
1699 31424
5005 6123
47092 10668
32795 23400
3144 17861
29328 1699
39999 45743
23211 49304
45842 10668
44230 29328
25665 49304
8315 6123
32795 49233
6111 47092
31424 10197
5005 46797
26323 6123
12399 5005
6111 35179
7212 34683
29314 17861
46797 45743
26323 8315
38562 5942
46797 13904
3144 23211
7212 45743
49304 31910
25665 17861
6111 26676
2372 17729
45743 24539
24539 29864
1699 17861
12399 31910
26323 24539
32795 44230
2096 5942
13904 25665
7077 35179
1969 29864
17861 23211
45743 23400
23400 48599
2096 37601
32795 29328
1969 48599
6111 39999
46797 26676
23211 29864
17729 49233
457 2096
7077 457
13904 30826
38562 25665
6111 1699
34683 49233
12399 10197
12879 48599
17861 13904
49233 48599
15508 23211
17861 29328
1699 23211
7212 38562
46902 29864
6111 15508
29328 7077
6111 7077
29864 6123
31424 3144
2372 47092
15508 12399
32795 5005
12879 7212
7212 37601
2372 5005
29314 7077
34683 5942
2372 32795
1699 7212
46797 49304
10668 29927
10668 8315
13904 39999
45842 29314
48599 7077
17858 5942
23400 25665
457 38562
15508 24539
45743 46797
31910 12399
2372 6111
12879 49233
6111 32795
24539 45842
26676 45842
29927 49233
47092 34683
12879 7077
5005 3144
1969 3144
47092 2372
6111 10197
26676 29328
2372 24539
24539 45743
6123 457
2372 46797
32795 49304
47092 29328
18164 457
32795 46902
6111 5942
26323 18164
15508 17729
10197 2372
29927 31910
37601 49304
46797 39999
29864 29927
2372 1699
29314 17858
1699 1969
23211 29328
31910 17861
10668 13904
49304 29314
2372 31424
23211 37601
46797 31424
5005 38562
24539 47092
46902 5942
46797 7077
6123 23400
6123 31424
5942 32795
17858 24539
30826 48599
17729 24539
10197 6123
7077 2239
45743 2372
31424 45743
9976 26676
5005 15508
29927 45842
47092 23211
13904 5005
457 2372
17861 35179
10668 457
29328 26676
8315 37601
17729 10668
8315 46902
46797 29927
29927 3144
17858 38562
12879 37601
47092 2239
32795 47092
13904 49233
29314 17729
17858 6111
26676 39999
13904 45743
9976 44230
12879 15508
34683 23400
23400 29328
29328 17861
9976 47092
29864 10668
18164 5942
15508 10668
1699 24539
8315 26323
17729 7077
9976 7212
46902 10668
46797 12399
34683 17729
5005 29314
6123 44230
17861 39999
1969 34683
3144 17729
1699 46797
29927 12399
6123 46902
12879 34683
17858 7212
49233 24539
17729 2096
24539 9976
7212 31910
7212 10197
6123 5005
29864 24539
34683 12879
7212 39999
39999 35179
47092 49233
15508 2372
9976 10197
9976 17729
48599 5942
23400 6123
2096 17861
10668 2096
5942 17729
31910 30826
3144 44230
5942 6123
2096 7212
1699 34683
2239 38562
35179 30826
29864 34683
49233 29328
48599 29314
38562 43440
35179 23400
37601 13904
5942 5005
12879 13904
29314 24539
10668 10197
25665 29864
29314 48599
39999 26676
13904 31424
6123 3144
15508 12879
18164 31424
46797 12879
49233 29927
34683 1969
13904 12399
457 12879
46797 32795
10197 26676
32795 6123
3144 10668
49233 23400
9976 18164
1699 38562
24539 31424
26323 38562
47092 31424
6111 38562
26676 10668
29927 5942
17729 31424
44230 17729
8315 43440
39999 23211
6123 25665
31424 29328
12879 2239
30826 39999
1969 46902
1969 7212
29314 26323
17729 3144
23400 44230
43440 37601
12399 29328
43440 1699
12399 457
15508 23400
29328 47092
17858 17861
44230 30826
7212 49233
29328 31910
26676 31424
45743 47092
25665 457
2239 10668
48599 24539
13904 49304
17861 7077
32795 31424
29864 39999
5005 43440
5942 29328
25665 24539
29314 6123
29864 9976
45842 17729
46902 18164
5005 6111
23211 15508
23400 34683
12399 15508
49304 6123
29927 18164
23400 457
35179 3144
2372 13904
39999 5005
49304 10668
1969 8315
43440 2096
35179 43440
9976 1969
10197 45743
2239 17858
46902 2239
45842 26676
49304 18164
34683 39999
29864 2096
47092 5005
34683 31910
9976 5942
8315 48599
29314 43440
47092 48599
49304 2239
34683 31424
46797 25665
6111 8315
1699 46902
46797 34683
35179 29314
7212 30826
48599 30826
6123 8315
7077 29328
31424 43440
2372 7212
29927 6111
37601 29864
43440 1969
17861 31910
38562 9976
5005 31424
25665 10668
12879 46902
6123 39999
38562 29314
30826 26323
29927 49304
32795 43440
31424 17858
6123 18164
30826 6123
25665 49233
49304 26323
15508 29927
46902 17858
2239 31424
37601 49233
18164 29927
48599 38562
49304 5005
9976 48599
17858 45842
30826 44230
26323 23211
29328 46797
1699 37601
26676 17861
17729 45842
5942 2239
37601 45842
47092 1699
34683 8315
38562 26676
30826 23400
15508 47092
13904 23400
17729 34683
2239 24539
3144 1699
6111 25665
35179 25665
1969 7077
29314 5942
49304 38562
43440 31424
18164 10668
34683 18164
38562 44230
23400 31910
49304 1699
43440 23400
2239 12399
30826 35179
5942 1699
1969 18164
45743 49233
7212 6123
39999 12399
29864 29328
17858 12399
8315 1969
23211 17858
7077 26676
12399 24539
23400 49304
18164 46797
5942 49233
31910 38562
13904 7077
45842 45743
2239 9976
45743 31910
43440 30826
31910 39999
5005 12879
10197 24539
47092 29314
46797 48599
10668 9976
29314 29328
39999 43440
29328 17858
31424 23400
29328 45842
34683 38562
39999 12879
29864 46902
26323 39999
26323 15508
43440 7077
29864 32795
45842 44230
46797 10668
6123 10197
34683 29864
31424 24539
10197 2096
29927 15508
26676 29927
15508 46902
13904 2096
25665 44230
29314 25665
5005 39999
17858 34683
37601 34683
30826 2372
2096 48599
17861 29927
49233 5942
29328 457
49304 7212
3144 30826
17858 30826
10197 1969
32795 31910
46797 29864
