1328
12926 3646
36084 20212
32069 7588
16014 40307
15072 43087
12926 20791
4973 49231
11032 2241
23887 26591
36993 13459
4844 16014
34625 29676
19082 4996
4996 25326
11032 10416
4844 32837
2982 8203
41315 40829
32069 16014
414 30819
41512 43087
29947 4034
28579 41512
6307 33293
41512 20815
19082 20791
41512 27041
3646 10967
33293 25326
40908 29947
45029 27744
45029 41163
34765 8203
1278 22795
27744 6960
39301 41163
47681 7588
38218 27744
6960 7060
34625 10967
32509 33293
32069 41315
15139 29676
190 6960
11032 38696
2702 35125
47681 4844
7588 3012
43803 43666
22795 2241
46551 39342
32837 2100
22795 13317
15072 11032
27453 35125
20791 29676
19082 4973
29947 12926
4973 4996
43803 29947
16014 11032
40829 33279
3012 36084
32069 19082
33293 3646
29676 27453
12926 30819
22818 21999
40829 25902
43087 4034
13459 38074
38696 33995
6307 7060
4996 13317
4730 33279
29947 2100
41512 32509
7588 40908
44666 34625
29545 15857
10967 39301
30431 37408
39301 4973
6960 2702
20791 39342
4996 2100
3646 40908
34625 28707
33781 15190
25902 27453
4836 38074
10314 32509
25902 20791
9206 6307
45029 36335
15857 36084
10967 414
38074 38666
34625 38666
9206 6960
10416 414
36993 41163
25326 20815
19082 32134
4996 35833
33781 43666
10314 2982
10416 2100
1456 15190
41512 39301
39301 38218
41315 15139
15072 2100
4973 40307
13620 29984
32134 25326
29676 4034
40829 33995
29462 35833
2100 29676
28707 46551
6960 44610
36335 32837
32069 29462
15190 45170
8203 38074
32837 27041
43781 49231
39342 15072
10967 37408
11032 4844
11032 29947
4996 4836
21999 30431
22439 19082
16014 46551
8203 45029
30431 47931
2100 25326
41512 6960
3646 4996
45029 32134
4836 34625
45976 190
10314 27453
41512 33995
45029 21999
19082 49231
9206 4973
21999 36335
41083 45029
8203 39301
38696 33781
16014 28579
21999 32509
2702 9206
697 20815
25902 35833
43781 190
36993 4996
39342 32069
4973 10967
35125 45029
27429 28707
43781 32837
4973 43803
38074 11032
32069 6307
29984 38074
29676 2702
25326 12926
32134 1278
21999 35833
23887 13459
15139 47681
39301 2241
26766 4973
43803 6307
29984 20212
47681 45029
29984 27041
35125 49231
8203 19082
33995 414
32134 43087
44610 27429
2702 20791
4973 29676
43087 26591
29545 25326
4996 45976
15072 32837
43803 43781
45170 4034
13620 4730
45170 33279
38666 46551
26766 38218
48773 7588
44610 30819
4996 40307
10314 4730
19082 7060
30819 47931
25618 13317
6307 38666
26766 4730
25902 23887
32069 2100
33293 20815
15139 23887
7060 190
7588 2241
36084 45976
34765 2702
44610 4730
6307 29984
16014 13154
30819 27453
36084 32837
39301 33781
4996 41163
29676 41315
12926 4034
34625 2982
29947 34765
12926 48773
35833 20212
45170 10314
32509 4844
20815 7060
6307 3646
4996 22439
13620 15072
34765 29545
15072 33293
48773 10314
38218 37408
47681 697
29676 22439
29947 33781
15072 28707
27041 27744
49231 414
45029 46551
2702 35833
5206 43087
27453 34765
32509 6960
43781 43666
20791 20815
35833 29984
7060 22795
33279 29545
48773 38428
45976 26766
3012 34625
38074 15139
33781 41512
22439 46551
41083 28579
49231 21999
43781 36335
4996 10967
30819 4973
6307 4034
15857 41512
39301 13459
27744 11032
32134 35125
35125 47931
15190 22818
29462 4996
38666 40908
15072 22439
29947 27744
32837 2241
8203 40307
41512 40908
10967 32069
34625 26591
25618 34765
3646 1278
45170 30819
12926 47931
25902 38218
27429 28579
20815 34765
5206 41516
33293 6960
2100 41512
2702 4836
35833 27429
2241 34765
1456 44666
27744 26766
19082 15190
13459 20212
32837 33279
33279 43781
29676 45170
2100 29462
25326 22439
34625 36084
46551 41083
27429 27041
41163 32837
49231 36993
22439 414
47931 41163
15857 13459
36335 40829
15857 41315
11032 35125
29462 4836
32069 13620
29545 23887
9206 1278
190 8203
20212 29947
4844 47681
190 48773
38428 41163
2241 414
35125 2702
38428 10314
27453 4996
3012 38696
36335 13620
38666 9206
15190 21999
20212 45029
41163 6960
41516 43803
43087 44610
15072 49231
39342 38074
28707 414
29947 5206
41315 38696
32837 32134
13459 22439
7588 35833
43087 26766
3012 11032
25618 15072
4730 40908
29676 35125
33279 3012
41163 9206
44610 22439
5206 27744
30431 2982
33279 20815
26591 13317
20212 4844
2241 27041
40307 38074
26591 27429
37408 30819
38074 32134
4844 33293
414 33995
15190 4844
15139 13620
45170 15139
25618 6307
15072 21999
32509 47931
41512 12926
38666 33781
20791 41512
38074 12926
36084 47681
3646 6960
35833 10416
47681 27744
46551 38666
44610 22818
46551 190
36993 33279
4034 49231
12926 7588
27453 4730
414 26591
20212 10967
29984 30431
10416 38218
33995 45976
8203 30819
33279 36084
30431 15072
6307 10314
36084 6960
41516 29545
34625 41315
25326 32134
47931 3646
36993 29545
190 4034
15190 47681
1278 43087
33293 45029
46551 25326
23887 6960
3646 32509
11032 4836
20791 4730
20791 697
30431 9206
32069 32509
34625 190
22818 38428
35125 6307
40908 20791
15857 43666
27453 27041
43781 41516
40307 38218
22818 39342
26591 45029
4034 26591
40307 2241
697 13154
36335 44610
40829 28579
697 38428
25326 35125
35125 11032
45170 7588
36084 4996
36084 44666
47931 40908
15857 7588
13459 25902
27429 34625
4996 39342
30431 40829
16014 20791
47931 15072
33279 13317
29462 13459
36335 41083
44666 25618
16014 32069
23887 8203
13459 43666
40829 45170
43666 32069
45976 32134
13620 32134
46551 3646
33781 22795
10967 190
22439 13317
27041 25618
32069 44666
22439 32134
4996 43781
41083 27453
29676 15139
19082 36335
29947 4730
32509 15139
41083 43781
16014 15072
40829 15072
19082 4730
33995 39342
29984 40307
40829 7588
29984 45976
4034 1456
6960 5206
29545 38074
4973 40829
414 41512
39301 44610
41163 29545
8203 33293
38696 6960
26766 38074
4836 33293
25902 33293
2241 3012
36084 2241
22795 29984
34625 20791
4996 13154
34765 4844
35833 41163
22818 414
20212 35125
15139 33279
44610 20212
32509 43781
2100 47931
25902 43781
22795 40908
36335 38666
697 25618
7588 9206
20815 4836
4034 414
15857 4844
28579 19082
9206 30819
36993 697
3646 45976
23887 37408
13154 4996
38666 36993
2241 28579
22795 33781
20791 25902
8203 20212
47931 6307
38428 25326
27453 32509
43087 45029
4996 15190
7588 29462
190 35833
25326 32069
4730 2241
4836 29545
20791 26766
697 41315
36993 25902
36084 41083
1456 36084
25902 6960
29947 41315
45976 29545
41512 23887
13317 13154
6307 35833
25326 27041
34625 29984
39342 27429
29545 33279
10967 39342
4836 4973
46551 33995
26591 29462
3012 13317
7060 37408
32509 190
46551 15190
45029 19082
6960 190
35833 9206
4844 4836
10314 6960
41512 11032
26591 30819
10416 47681
27041 33293
40908 5206
30819 38696
3012 4996
23887 10314
23887 36335
10967 3646
33279 47931
29462 33293
41512 33781
38696 35125
38074 15857
28707 32134
27041 32069
20791 46551
45029 4730
33781 40908
36335 43087
45976 41516
2100 49231
13317 43781
15139 4996
33995 36993
39342 3646
41512 45170
45029 38696
33995 22439
23887 44666
35833 39301
20212 15190
22818 41315
697 36084
33995 29462
15139 3012
32837 3012
4973 4836
22439 49231
32069 29676
26766 9206
12926 36993
1456 27429
25326 4034
43666 33995
25326 33995
27453 2241
12926 29676
15139 6307
25326 41163
7588 16014
26591 4996
8203 28707
4844 38696
36335 39301
41083 7588
32069 41516
13317 34625
34765 38666
38428 30819
13459 43781
38074 38696
48773 12926
44666 49231
33293 43803
35833 25618
43087 4836
2100 28707
33781 7588
15190 33279
2702 43781
27453 32134
44666 37408
38666 38218
22795 16014
37408 5206
41512 26591
43087 40307
13317 27453
10967 43087
4996 41315
4730 20815
20815 15139
33781 22439
20815 2100
15190 45976
27429 30819
29676 49231
41083 45170
36084 190
20212 32134
45029 414
29984 27744
27453 697
33781 21999
27429 13620
41512 39342
28707 36335
20212 43666
25618 2241
25618 29984
38074 38428
1278 13459
6307 15857
26591 43666
2982 29676
38074 15190
32134 30431
10967 22795
20791 48773
16014 41315
29676 10967
32069 30431
28579 15190
26766 43803
47931 20815
32134 15857
22818 28707
36993 41083
32069 1278
38428 46551
4730 3646
40908 26766
20791 11032
5206 44666
6307 36993
36993 37408
697 48773
19082 27041
38666 47681
36335 9206
4844 25618
20815 26591
27744 45029
43781 29676
16014 29676
27744 39301
19082 41315
49231 34625
8203 41512
20212 15139
16014 2241
4836 36993
10416 36993
29676 22818
25902 45170
1278 35125
2702 39301
4730 43666
36084 38074
4996 22795
36084 4034
32069 15139
16014 26766
27744 28707
40829 39342
34765 414
190 1456
36993 29947
45170 41516
28579 46551
41512 43781
23887 28579
9206 36084
10416 3646
41083 6960
48773 1278
697 26591
36993 34765
22818 13317
190 29947
6307 35125
20212 49231
13459 15139
43666 33781
21999 46551
697 15190
2982 26766
41315 15072
45170 2982
8203 4844
26766 36993
35833 6307
38218 33293
6960 2241
45976 1456
36335 190
4844 41163
26591 38074
39301 12926
34765 22439
15072 13620
29545 27429
10416 1456
697 45029
36084 38696
7588 22795
44610 16014
13317 45976
22439 13459
26591 35833
49231 2982
10967 25326
7588 5206
47681 33293
1456 6960
6307 11032
33279 6307
45976 4996
1278 41163
27744 4730
27744 22818
15139 2982
19082 46551
32509 28579
35833 2702
33781 32509
27744 33279
13620 4836
35125 38074
48773 29984
25902 15190
8203 34625
33995 33279
697 43087
36335 2982
19082 38696
4836 29676
4034 40307
44666 25326
25902 12926
29676 25618
44666 5206
46551 22818
15190 25326
35833 38428
29676 20815
6307 41516
15072 22795
22818 26766
4996 28579
13620 41163
45029 697
20815 7588
38696 10314
3646 36335
46551 34625
45976 15072
9206 23887
15857 32134
13154 10314
6960 33781
15190 43087
10967 4996
38428 20212
13154 28579
16014 2702
36084 35125
38074 10967
26591 1278
29545 4973
38218 19082
13154 30431
41315 22439
33781 3012
48773 27041
4730 25326
2702 16014
2982 21999
40307 1278
32509 12926
190 39342
19082 12926
29984 16014
8203 20791
36993 15072
20815 37408
15139 35125
25326 27744
29545 414
32134 36084
40307 36335
43666 13317
2982 25902
29462 3646
25902 40908
28579 39342
10314 46551
29984 13154
1278 10314
15072 29462
43087 7060
20212 37408
1456 4730
33279 27041
34765 43666
48773 22795
7060 28579
32134 15190
34625 40829
10416 32509
5206 29984
32509 9206
43781 27744
32837 11032
44610 32134
40908 28579
22439 43781
41512 697
45029 41083
49231 6307
4973 47681
25902 34625
4034 41315
1456 3012
34625 13459
20815 32134
25326 3012
697 10416
20815 38428
43781 29545
10314 25902
16014 40908
45029 40307
40829 48773
26766 36335
3012 22439
34625 4034
13154 697
39342 29984
1278 4034
4034 45976
35125 22439
1456 10967
22439 6960
3012 23887
32134 4844
36335 4730
8203 16014
47931 2982
26766 414
697 2241
30819 21999
49231 25902
6960 35125
38074 25618
11032 26766
30819 41512
22795 4973
2982 25618
29947 4844
32837 22439
11032 33293
33279 7060
13459 35125
33995 20212
23887 29984
39301 190
1456 45029
48773 20212
40307 38428
30431 21999
38696 2100
45170 40829
43781 7588
38428 38218
41315 28707
40908 47681
35833 32509
28579 3646
27453 39301
414 4836
39301 4034
41516 4836
15190 16014
4996 36084
38666 44610
29676 26766
414 29545
21999 20212
38696 45976
43087 33279
15072 36335
6307 4844
43087 13459
38428 15139
35833 38666
36993 25326
10967 46551
28707 43803
22818 46551
30819 22818
4996 38074
27041 13459
12926 414
39342 13620
15857 21999
3646 13620
38074 32069
414 11032
2982 33293
29676 4996
10416 12926
33995 4844
13317 7060
36993 2982
4973 15072
33995 36335
29676 27744
4034 6960
27453 40908
45170 1456
13459 4973
22818 15190
4996 190
22818 15139
414 29676
190 10416
34625 3646
43803 33781
2241 4034
1278 45029
1456 414
2702 32837
41315 39301
38074 4973
28707 20815
21999 33279
15139 38666
45170 23887
46551 38074
34765 4973
10416 25902
40307 13459
38696 32837
32837 27429
34625 4836
6307 26591
25618 27041
15190 26766
20212 20791
27041 22795
25902 38696
23887 45170
38074 6307
37408 2100
40908 414
49231 33279
15072 44666
1456 2702
40307 15190
4836 3646
9206 190
35125 19082
4996 20815
32837 28707
1278 20791
22818 45976
36335 38696
10314 43781
25326 25902
26766 33781
36084 15857
29947 15857
41516 40908
5206 21999
10314 4034
15857 25902
16014 45170
2982 30819
27453 15190
7060 11032
33995 25618
4730 41315
7588 36993
35833 36084
30819 16014
38074 19082
32837 1456
190 7060
35833 40829
23887 36084
10314 43087
40829 4836
47681 414
7588 4836
29545 28579
49231 6960
11032 2982
30431 27744
47931 33293
27429 25618
41083 4836
45029 20791
33279 39301
4034 2241
12926 46551
414 4730
44666 29947
36335 13317
33995 41315
41163 11032
16014 4973
6307 39301
20815 30819
27453 7060
26591 25618
32134 29545
41516 4996
38696 40307
36993 7060
47681 40829
27744 697
2702 27041
4996 34625
35125 7060
30431 414
4973 33781
29462 48773
28707 2702
7588 36335
29984 35833
13620 22818
1278 2702
190 13459
2982 32837
43803 47681
190 33279
2241 1278
37408 40307
4034 13620
2702 45170
19082 15139
20212 28579
35833 5206
47931 47681
43087 27453
15072 697
41163 8203
41163 47931
2982 4836
9206 38696
36335 38074
7060 25326
4836 29462
6960 40908
29676 44610
13459 22818
39342 29462
22818 43781
37408 25902
10314 9206
32837 36084
28707 4996
36084 38428
39342 11032
8203 21999
27453 33781
15072 38666
4973 25326
33995 30819
13459 40307
4034 32069
3012 36335
25326 4836
41163 30431
39342 4730
38218 1456
25618 697
7060 45976
190 38696
2100 40829
41163 414
41315 7060
29947 11032
38218 6960
32509 13317
43803 2702
25326 38074
10416 44666
44666 43087
10967 25618
13620 190
32509 41163
32069 32837
32837 41083
4034 25618
19082 39301
32134 43781
37408 40829
47681 9206
36335 43666
36084 33293
27453 13317
20815 4034
12926 22818
38696 35833
2982 43087
34765 20212
2100 35833
11032 1278
4034 21999
25618 8203
38428 32069
3012 6307
38666 33279
38218 8203
37408 38666
43803 43087
9206 39301
48773 26591
22795 22439
2100 41083
22818 48773
19082 38218
26766 2702
33279 8203
15139 27429
34765 43781
29984 41516
22795 40307
7060 27041
40829 27453
33995 38218
10967 32837
30431 32837
20815 32837
6960 32134
15190 44610
10967 11032
41516 32069
38218 21999
4034 22795
4836 27744
41163 13154
43087 5206
38428 28579
32509 29545
30431 33279
25618 4973
44610 13459
38666 35833
13154 22439
25902 41083
2241 20212
22818 41516
38666 25618
40829 2702
46551 15072
5206 27041
27453 5206
41512 48773
36335 20791
43087 33781
4844 33995
43087 15139
41163 46551
27453 45170
38428 4844
15139 35833
38074 43803
2702 30431
38428 33781
34625 32134
4836 15072
1456 35833
43803 3646
35125 45170
8203 45976
16014 10416
38218 3012
13620 43087
13317 37408
44666 22439
10967 47931
27041 36335
36084 10314
29545 22818
13154 29984
27429 4730
22818 30431
13620 25326
37408 13459
13317 10416
38218 47931
6960 414
33293 8203
22439 26591
13459 38218
10967 5206
3646 27744
6960 9206
27041 15857
13154 34625
38696 15857
3646 26591
4836 36335
7588 15072
27429 20212
16014 36335
15857 10416
32069 12926
9206 10314
35125 36993
20815 36993
2100 7060
10967 12926
44666 30431
36084 41163
32134 29676
414 6307
38218 23887
4836 40908
45170 29545
11032 9206
25618 3646
22818 41083
43803 36993
41512 36084
49231 32509
4836 45170
4973 45976
34765 190
13154 30819
36084 11032
45976 29984
20212 41512
25618 45976
2702 44666
32069 26766
34625 41163
39301 26591
13620 4973
38666 41163
44610 44666
697 26766
36993 20815
32837 33781
30431 48773
2982 4844
10314 33293
41163 29947
32509 36084
46551 13154
4996 32837
41083 697
190 47681
27744 2100
39342 28707
28579 6307
2982 3646
45170 697
11032 2702
33781 25618
27744 34765
26591 38428
45029 13317
45976 15190
35125 37408
32134 38218
47931 44666
48773 38074
30431 13317
21999 47931
32134 41512
36335 4836
15139 44610
20791 414
29462 45170
36335 697
4730 697
41315 32134
19082 38074
