814
43475 37609
20608 15474
51 45369
25922 29484
45671 287
22758 35159
46125 29148
40802 26460
27025 13587
10739 7990
51 23953
39484 30417
331 37609
27025 43475
22758 26827
7990 22100
29484 21754
29112 34301
47767 35159
11049 331
5424 287
40802 11049
47877 15588
36895 22100
26827 49018
49018 22758
331 27025
17551 331
15474 27025
35159 11049
45369 46553
47767 22758
45369 26827
49018 11049
29148 26827
34301 39484
43475 39484
11049 14750
14750 17551
331 25922
36895 21754
21754 10739
47877 43475
47877 331
37609 287
47877 22758
18975 51
46553 11049
51 287
21754 25922
26827 46125
35159 49018
22758 331
29484 5424
20608 37609
331 51
17551 29484
37609 34301
45671 49018
27744 25922
10739 43475
10739 23953
45671 15474
25922 15588
37609 46553
30417 47767
14750 18975
30029 23953
36895 46553
45671 23953
5175 47877
21754 34301
35159 5175
26460 29484
22100 27025
40802 35159
47877 40802
30417 47877
22100 51
331 46553
26827 13587
26827 30029
30029 5424
22758 29148
46553 10739
37609 5424
11049 13587
5424 46125
46553 51
35159 22758
14750 20608
20608 29148
47877 26460
15588 11049
30417 46553
45369 287
46125 39484
11049 26460
21754 51
10739 22758
47767 10739
37609 43475
17551 27025
20608 27025
17551 51
37609 25922
45369 10739
39484 14750
20608 5424
37609 30417
26460 13587
29112 46553
34301 30417
47877 34301
15474 45369
34301 7990
22758 46553
13587 11049
15588 40802
26827 15588
29484 15588
5175 46553
5175 25922
47877 39484
22100 29112
14750 40802
287 15588
30417 331
51 49018
51 39484
47877 23953
23953 26460
51 22100
22758 11049
49018 25922
27025 5175
51 11049
45671 34301
21754 30029
40802 47877
11049 30417
21754 26827
7990 29484
40802 22758
10739 25922
287 5175
287 29484
26827 29148
35159 20608
46553 15588
46553 287
29484 29112
49018 30029
26827 45369
49018 46553
7990 35159
47767 40802
30417 10739
21754 35159
46553 22100
45369 22100
40802 20608
26460 22100
29148 51
11049 43475
15588 29484
13587 20608
39484 46553
27744 22100
35159 47877
39484 29484
29112 36895
46553 15474
18975 46125
29112 46125
45369 47767
25922 45671
37609 17551
40802 30029
49018 45369
13587 14750
14750 10739
14750 46553
46553 25922
7990 49018
15474 36895
47767 5175
331 39484
29148 37609
20608 14750
331 47767
15474 43475
47877 46125
21754 27744
22758 25922
35159 29148
17551 5175
22100 23953
11049 47767
46125 40802
35159 26460
287 21754
30417 25922
34301 51
23953 45369
45369 27025
51 17551
34301 26460
35159 22100
36895 47877
51 21754
20608 47767
40802 46125
46125 7990
5424 30417
15474 21754
30029 47877
7990 26827
45671 14750
10739 26827
23953 37609
43475 331
22758 45671
22100 39484
15588 21754
49018 10739
25922 11049
29112 45671
20608 21754
46125 43475
45671 26827
287 10739
287 45671
27025 15588
10739 39484
5175 40802
5175 27744
30029 51
20608 17551
26460 35159
36895 11049
27025 7990
15474 30417
25922 35159
40802 23953
13587 331
7990 27744
51 46125
22758 40802
30029 26827
14750 26460
36895 49018
25922 40802
46553 5175
25922 5175
26827 34301
46553 27025
331 10739
36895 51
49018 18975
47767 14750
18975 30029
15588 46125
10739 37609
46125 26827
5424 35159
18975 22100
35159 26827
46125 11049
5424 27744
35159 21754
29148 34301
7990 29148
26827 23953
5175 287
21754 15588
26460 18975
29484 43475
45369 37609
47877 5175
5175 10739
47877 45369
30029 39484
47877 26827
13587 49018
22100 29484
46553 23953
15588 14750
45671 29112
287 43475
26460 51
5175 27025
15474 18975
40802 15474
30029 22100
34301 49018
30417 18975
25922 10739
43475 46553
30029 15588
36895 15474
39484 26827
22758 47877
37609 14750
51 27025
13587 46125
30029 35159
49018 15474
43475 30417
37609 27744
25922 37609
14750 22100
29112 21754
47767 5424
30417 51
47877 7990
29484 18975
11049 22758
26827 46553
15474 22758
46125 5424
15588 10739
18975 331
22758 20608
26460 10739
40802 5175
45369 25922
5175 15474
26827 20608
5175 46125
10739 29112
21754 7990
46553 20608
30029 20608
29484 7990
40802 30417
5175 29112
46125 331
40802 45369
39484 46125
25922 46553
287 5424
5175 37609
287 26827
26460 36895
30029 11049
26460 287
29112 17551
26827 331
20608 34301
36895 30417
29148 15474
39484 49018
46125 35159
26460 7990
15588 35159
21754 29148
45369 29112
5175 20608
45369 11049
20608 45671
45671 7990
35159 46553
29484 17551
37609 15474
51 331
27025 47767
11049 47877
43475 35159
5175 7990
20608 26827
15588 27025
25922 22100
23953 35159
21754 46125
331 46125
15474 25922
45671 43475
15588 15474
7990 40802
47877 15474
10739 22100
29112 37609
45369 40802
34301 27744
27744 30029
20608 35159
10739 36895
15474 46125
45369 35159
47767 37609
25922 46125
11049 37609
5424 14750
21754 36895
43475 45671
39484 15474
46125 26460
22100 47877
23953 40802
27744 26827
14750 35159
45369 14750
46553 18975
10739 40802
34301 22758
27744 5175
35159 7990
23953 18975
22758 37609
46125 46553
39484 29112
14750 34301
18975 23953
15588 29112
287 27025
5175 30029
45671 40802
45369 51
35159 29484
46125 45671
45671 22100
39484 17551
29484 13587
18975 5424
17551 46125
27744 29148
15588 36895
45369 21754
26460 49018
17551 30029
43475 26827
29484 26460
23953 5424
20608 25922
287 35159
27744 37609
7990 43475
15588 18975
49018 37609
34301 14750
331 29484
36895 27025
34301 29484
46553 49018
25922 27744
51 30029
47767 49018
40802 15588
5424 21754
5424 13587
39484 45369
21754 27025
26460 15588
27744 287
331 14750
7990 46125
29112 39484
20608 15588
30029 27025
17551 11049
47877 27744
36895 287
29148 27744
40802 43475
13587 40802
34301 15588
5424 10739
35159 17551
287 39484
13587 43475
45671 46125
30029 7990
23953 17551
37609 27025
29148 49018
49018 21754
29484 20608
29484 15474
46553 5424
43475 14750
29484 29148
37609 45369
30417 11049
47877 37609
47767 39484
46125 10739
22100 25922
47877 14750
29484 25922
21754 13587
27025 47877
29148 27025
37609 47767
49018 35159
287 36895
18975 26460
23953 46125
47877 36895
15474 5175
5424 26827
47877 21754
29148 40802
23953 27744
13587 27025
15474 15588
30417 15474
15474 11049
27025 18975
47877 29484
331 5175
287 15474
47877 49018
331 11049
27744 26460
22100 47767
47877 45671
26460 45369
10739 45369
5424 20608
23953 45671
21754 40802
287 20608
7990 51
34301 10739
13587 5175
20608 46553
5175 26460
23953 20608
34301 25922
34301 46125
43475 15474
22100 15474
43475 11049
45369 30417
5424 34301
37609 22758
29112 18975
21754 18975
27025 11049
27744 7990
7990 287
17551 47767
49018 7990
29148 22100
40802 29148
49018 5175
29112 30417
5424 27025
47767 46125
29148 26460
13587 36895
5424 40802
45369 18975
15588 45671
7990 45369
15474 26460
20608 22758
43475 47877
21754 17551
35159 30029
29484 47767
7990 5424
11049 29148
27025 40802
14750 29112
20608 22100
27025 39484
7990 45671
46125 14750
27025 35159
25922 23953
46125 45369
30417 23953
46553 21754
30029 34301
27744 22758
26460 45671
45369 29148
27744 23953
27744 49018
29112 26827
29148 23953
15474 14750
11049 26827
17551 21754
25922 47767
25922 27025
15474 46553
39484 22100
29112 11049
287 7990
43475 29148
35159 14750
27744 27025
40802 14750
5424 39484
14750 22758
47877 22100
10739 46553
10739 30029
49018 29484
30029 30417
27025 45369
13587 27744
22100 22758
45671 10739
29148 287
20608 36895
11049 7990
45671 20608
30029 26460
27744 34301
47877 29148
25922 14750
29484 40802
14750 30029
39484 51
13587 21754
15588 27744
17551 13587
26827 15474
7990 37609
43475 29112
22758 47767
7990 11049
18975 35159
34301 13587
14750 47767
47877 35159
26460 47877
11049 46553
43475 20608
13587 34301
15588 23953
45369 5175
46553 30029
34301 15474
46125 47767
39484 27744
22100 30029
34301 37609
43475 27025
21754 45369
30417 22758
14750 45671
20608 27744
10739 17551
25922 7990
29484 11049
46125 17551
26827 22758
22100 13587
10739 14750
49018 29148
331 7990
20608 5175
26460 14750
20608 47877
17551 5424
25922 18975
26827 10739
22758 5424
25922 17551
5424 23953
30029 10739
39484 37609
45671 29484
25922 287
34301 22100
331 47877
15474 40802
29484 27025
25922 20608
26827 27744
34301 18975
18975 21754
43475 26460
26827 35159
47877 51
11049 36895
43475 17551
45671 35159
51 15588
35159 30417
51 40802
5424 47877
5175 22758
7990 13587
15588 51
29112 5424
23953 29112
20608 46125
47767 29484
30417 45671
49018 26827
17551 22758
47767 47877
29148 5175
13587 10739
5424 26460
20608 23953
26827 26460
51 27744
51 20608
27744 10739
15474 7990
29148 15588
14750 25922
7990 22758
37609 26460
45671 51
22758 29112
29148 25922
39484 21754
29112 29484
47767 21754
10739 46125
49018 45671
39484 25922
30417 22100
27744 40802
45671 30029
34301 5175
27744 21754
37609 29484
30417 15588
10739 35159
46553 17551
45369 45671
10739 51
45671 15588
13587 47877
27025 29112
22100 10739
18975 47877
34301 43475
37609 7990
7990 23953
22758 43475
37609 26827
47767 22100
34301 11049
29148 20608
331 29112
18975 27025
34301 45369
287 37609
27744 15588
43475 34301
29484 47877
22100 5424
30417 5175
36895 5175
331 40802
30029 5175
47767 30029
45369 17551
39484 15588
23953 29484
47877 287
5175 51
39484 20608
331 17551
29148 30029
15588 22100
15474 23953
11049 49018
30029 45369
26460 22758
26827 51
23953 47877
46125 51
46553 47877
37609 39484
15588 37609
26460 17551
45369 46125
22758 36895
331 35159
43475 5424
30029 47767
25922 30029
21754 46553
43475 22100
45369 22758
47767 25922
22100 331
45369 20608
25922 30417
331 15474
18975 13587
40802 34301
30417 21754
26460 21754
29112 331
287 30417
49018 15588
35159 13587
40802 36895
27025 29148
5424 22758
27744 18975
21754 29484
30417 29112
46553 45671
15474 331
21754 29112
7990 18975
45369 36895
35159 51
15474 29484
39484 18975
45369 26460
