2728
40484 13173
40484 29443
15759 7440
6594 15553
34751 47373
21311 25145
33522 44281
23536 44281
7440 28626
17368 12641
43714 3945
47373 28790
19770 26650
44281 38411
24186 19770
4185 23152
40330 47695
23229 1418
26264 26061
12841 43714
3180 28790
19770 40484
8930 7685
3099 47695
25448 6919
11850 23536
30963 26084
25448 9675
6919 11850
42800 26650
4185 17741
21311 31763
19770 12312
47448 34935
26650 40040
6214 26650
11850 1161
30447 39771
21311 47373
42902 12841
47448 43714
34819 26650
12641 24186
49303 28626
24560 17741
42800 44281
26084 28790
22053 11850
23536 31763
21712 47936
34819 19770
1434 1363
24951 4185
24100 26084
6405 12312
23536 34819
23536 4185
39771 44281
3180 40040
15553 26650
12183 25145
31663 47695
1363 37032
42902 42800
47695 40330
24100 12183
26306 13173
6214 24560
30963 28714
23536 34935
24560 47695
23229 31663
19763 40040
22053 6919
40484 1363
30447 42902
43714 25145
26084 34819
30963 47448
25010 1053
29443 3099
11850 24100
13173 6214
24560 1053
539 12641
41026 26306
39771 581
17741 19763
17368 3180
976 35533
49303 44281
24951 48800
6405 28895
42902 33522
29443 24100
23229 47373
40484 26306
33611 46032
42902 12312
46032 29443
17368 26084
1161 12641
26650 34935
1363 34819
5046 28895
47373 9675
43714 6919
1434 40649
581 32487
34751 9675
15759 40649
32487 12641
25010 47448
25010 47936
41026 6405
25448 13173
7685 4185
11850 1418
11411 1434
1418 42902
33611 37032
24951 39771
3180 24951
12312 30447
40040 9675
31763 47448
23229 1479
26430 26084
26084 15553
6214 1363
26264 28626
17368 40484
3180 23229
30963 26306
48800 26430
39771 30963
39771 28714
1161 23536
41026 39771
44281 29230
23152 40040
23536 42902
49303 6214
41026 17368
40649 24100
4185 40040
19770 4185
15759 5046
6405 35533
1434 26084
13173 47936
34935 3180
33522 38411
7685 1161
1434 35533
33522 11850
31763 47695
42800 40040
39771 6214
42902 6594
28790 15553
539 34751
3180 34935
24560 21311
12183 23229
30963 15553
12312 25448
9675 26306
21311 3945
29230 30447
34819 13173
34935 40649
26306 40484
21311 38411
34819 28790
3180 44281
44281 29443
47695 47373
15553 46032
5046 13173
20723 21712
12841 20723
44281 23152
3180 41026
47695 41026
23536 40330
22053 6214
44281 21311
29230 26084
30963 1418
6594 17368
23152 1479
22053 12841
47936 34935
28790 6214
3945 26306
33611 25448
34935 35533
539 8930
26306 12841
8930 26084
24560 22053
3945 47695
17368 19770
34751 43714
28626 4185
42800 34751
15553 15759
26264 15553
40484 47695
33522 15759
23229 34819
40330 26061
7440 28714
6214 47448
25010 1479
7685 22053
5046 11850
42902 31763
31663 25010
47373 19770
29230 38411
5046 25145
6405 12841
47695 46032
6214 17741
1479 28714
26061 26084
30447 48800
581 40649
29230 42800
11411 48800
12841 5046
40649 17368
24100 4185
1053 15553
33611 24186
8930 33522
539 47936
6214 3180
28626 29230
31763 25145
34819 12841
21712 3099
42902 28895
9675 12312
40330 25010
581 19770
1161 29443
17368 24100
28626 15759
22053 44281
8930 7440
30963 6214
1161 26306
581 35533
17741 1434
1161 26061
46032 12841
22053 23152
24100 6919
29443 12312
3180 3099
23229 6594
12183 31663
28714 30447
23536 11850
13173 22053
19770 6594
43714 3180
1434 47936
25010 40040
20723 1418
12641 37032
976 47695
42800 31663
47373 29443
33611 23152
12183 30963
26061 23152
38411 33522
44281 39771
6594 28626
22053 539
24560 24186
28714 43714
32487 11411
12641 34751
11850 26430
13173 26650
13173 12312
23152 6919
24186 26264
32487 1161
3180 15553
3945 35533
28626 3099
40330 1363
26061 40040
581 3180
5046 44281
13173 3099
17741 1418
6919 8930
28714 12183
20723 15759
24100 44281
28714 31663
23536 17741
26264 26084
12841 8930
6405 47695
1363 28790
26084 39771
37032 38411
23152 47448
47936 34751
26650 47373
1053 12641
28626 47936
976 46032
19763 12183
22053 9675
48800 30447
1418 23536
23229 24560
28714 46032
19770 11850
21712 15553
25010 47695
6405 1053
1434 30447
47373 15759
28895 43714
26430 11411
34751 31663
43714 40649
4185 11850
33522 976
26650 46032
6919 26650
25145 17741
29230 28714
25145 30963
40040 3945
3945 23152
13173 23229
8930 19763
47936 44281
47936 11850
17368 6214
26084 6594
12841 30447
1053 30447
25448 29230
42902 25448
28895 48800
34819 33522
3180 49303
34751 40484
43714 24951
35533 20723
48800 3099
26264 44281
19770 15553
24951 35533
8930 43714
23152 20723
42902 30963
20723 39771
13173 25145
6214 29230
7685 1363
44281 539
30447 47695
40484 37032
32487 15759
3945 12183
6214 7685
40649 19770
4185 21311
26264 49303
38411 13173
26430 34819
28895 33611
44281 48800
581 43714
40330 6214
34751 5046
47373 8930
17741 23536
15759 40040
1363 40484
3180 6405
49303 33611
26084 42902
34819 5046
4185 48800
9675 24951
1434 25010
30963 1434
25448 26084
12183 6594
29230 29443
25145 43714
24100 34751
11850 37032
24560 1161
24560 12312
976 28790
28790 25145
11411 44281
23152 44281
44281 22053
41026 33611
39771 31663
15759 19763
6405 21311
6594 11411
12183 41026
26061 12183
7685 19763
28895 26264
40649 539
40330 44281
35533 25448
34751 8930
30963 26650
42800 35533
38411 12841
29230 3099
6594 47448
3945 11411
33611 17368
539 26650
24100 15553
6594 24186
6405 17741
40330 15553
31763 20723
23152 21712
19763 1053
539 42902
12641 40484
976 34935
26650 15553
42800 581
20723 1161
49303 31663
12312 4185
25145 29443
3099 42902
34751 11411
48800 41026
581 26084
40330 17368
26084 17741
12183 3180
23229 24951
976 26264
23229 32487
40484 46032
12183 26264
41026 15553
3099 1418
3945 43714
39771 46032
34819 25145
24560 34819
1161 44281
24186 40040
6919 26084
7685 29230
26084 41026
13173 25448
21712 7440
11411 17368
26264 19770
17368 31663
13173 28895
34819 23229
40040 47448
5046 37032
35533 47373
15553 17368
11850 33522
31663 6405
40484 26061
1479 7440
6919 29230
5046 4185
24186 31663
6214 40649
49303 39771
20723 9675
976 3945
1053 37032
39771 15553
40649 48800
25010 12841
47695 32487
33611 1053
976 25448
23536 6405
24560 1418
33611 7685
44281 34819
23536 6919
17368 539
9675 47936
7440 23152
1434 3099
23152 17741
24951 12641
12312 24560
34751 26430
26264 24560
34751 28895
3099 44281
40040 24560
17368 32487
1053 42902
17741 31763
1479 31763
29230 1363
26650 976
28895 12841
539 38411
6405 23152
23229 12312
5046 33611
33522 40484
40040 28714
12312 1434
26264 8930
48800 19763
35533 7685
47936 26306
26306 539
3945 1479
47695 22053
26650 17741
6594 28714
8930 47695
1479 22053
581 42902
19763 12841
21712 29230
1479 6919
23229 33611
11411 11850
35533 29230
1053 47936
3099 47936
44281 1161
49303 12841
47373 41026
31663 26650
41026 32487
23536 5046
41026 1363
22053 28714
44281 1053
34935 28714
24560 32487
29443 40040
22053 1418
38411 32487
4185 7685
12841 47695
24186 3180
39771 30447
26430 3945
39771 23152
3099 47373
26264 33522
539 40330
47936 25010
20723 23229
40330 26430
7440 3099
1363 1479
9675 581
1053 39771
6405 24186
30963 23536
15759 29443
24186 12312
28790 12641
48800 31763
581 28895
17741 4185
35533 6919
47373 12312
41026 8930
26084 28895
44281 31763
23152 29230
8930 46032
25010 40649
20723 11850
28895 29230
26306 28790
40484 44281
12183 49303
34751 21311
28626 6594
46032 7685
1418 21311
26084 49303
6405 19770
12641 48800
17741 28895
48800 47936
34751 23536
23152 6594
3945 34935
43714 26084
17368 11411
7440 40040
26061 17741
38411 1479
43714 581
24100 26061
6405 7440
6214 33611
12641 6405
26650 24186
25010 26650
43714 47448
26084 11411
31763 44281
5046 32487
1418 34819
26650 12312
29443 7685
21311 15759
47695 1479
26650 1363
30447 6919
6405 4185
38411 47936
8930 44281
12841 9675
49303 581
40649 1418
34819 19763
6919 9675
12641 5046
49303 30963
49303 31763
26430 40484
8930 40040
22053 47936
47448 3099
47448 8930
24100 47448
20723 23152
39771 1479
29443 46032
38411 26061
9675 28626
22053 21712
24951 25010
38411 24186
23229 38411
26306 30963
28790 1161
28626 976
24951 13173
43714 1479
7685 30963
26084 6405
48800 15553
40484 4185
24186 34819
31763 9675
24186 31763
6405 31763
29230 46032
13173 28790
20723 19770
21712 40649
19763 42800
6594 4185
6919 12841
976 37032
28790 5046
21311 26061
15759 12641
40484 6594
37032 1363
19770 22053
11850 48800
1479 1418
12312 539
47695 39771
35533 6405
35533 1418
47448 25448
24951 28626
30963 3945
31763 23152
25010 31663
37032 42902
28790 47373
1161 11411
7440 25145
49303 21311
28895 46032
28626 40040
34935 28626
15759 34751
23536 13173
26264 34819
42800 30447
8930 12841
47373 42800
7440 34935
581 1363
40330 539
26084 33611
34935 22053
3099 26061
12841 29443
3180 5046
28895 6405
28790 34751
42902 26430
1053 31663
976 48800
29230 1434
11411 47448
11850 9675
35533 24186
24951 44281
17368 17741
23229 539
40330 26084
33611 20723
24186 47448
17741 40484
43714 42902
17368 26306
46032 17741
47448 6214
5046 24186
34819 4185
1363 21712
17741 3180
15553 40649
31663 24951
25448 40330
7440 30963
41026 12841
35533 37032
6214 24951
30447 25145
1363 40040
26264 30963
19770 28714
9675 11850
1434 30963
3180 40484
6594 5046
19763 15759
21311 34935
6405 49303
30447 49303
42800 28714
1161 13173
26084 34935
23152 15553
1161 40330
1479 976
539 42800
6405 976
7685 8930
6594 32487
26061 8930
12641 1418
1434 12641
7440 30447
19770 24951
47695 28714
23152 34751
12183 39771
13173 976
1363 15759
1434 6214
25448 21311
26264 25145
3180 6214
6214 7440
31763 35533
37032 32487
6594 12841
19770 29230
24100 40330
29443 34935
3945 47936
6919 4185
28790 23229
42800 539
20723 21311
28895 8930
37032 49303
28790 1479
20723 3945
20723 26650
23536 15759
34935 26430
581 39771
25448 25010
42800 33522
49303 12312
26430 42902
15759 581
40649 31763
32487 3099
33611 28714
1434 11411
21311 1363
41026 12641
19763 1363
24951 40649
47936 40330
37032 11850
49303 42800
28626 26306
25145 31663
26264 40040
26306 46032
41026 25145
31663 47373
5046 47695
38411 34935
6405 46032
34935 6919
23229 28790
34751 41026
29230 7685
38411 22053
42800 39771
17368 39771
28790 42800
7440 12183
26061 12841
26264 15759
40040 21311
28714 26306
28714 28626
46032 39771
6214 6919
28714 1161
1479 42800
23152 7440
15553 29230
23536 3945
21712 1363
32487 34751
29230 12641
26264 31663
1053 539
32487 46032
6214 48800
28714 17741
19770 21311
34751 40040
3945 1434
9675 33522
19763 40649
3180 46032
35533 9675
6919 23536
24186 42902
29230 539
6919 39771
6594 1434
47936 21712
47936 40484
1418 29443
25145 8930
17368 43714
976 1161
21712 34819
48800 30963
19770 33611
12312 30963
47373 6594
47695 11850
46032 24186
17368 15553
17741 26650
8930 26264
15759 21311
6214 1434
20723 34935
1363 31763
22053 12183
48800 29230
39771 26650
22053 12641
47448 12183
15759 39771
29443 41026
33522 25448
581 26306
24100 40484
539 33611
1479 34935
38411 24560
5046 24951
23536 1479
8930 6594
539 6919
6594 1479
25448 976
15759 40484
11411 43714
1418 3099
11411 3180
4185 29230
26306 11411
26430 43714
44281 28790
11411 26430
34819 1434
1479 49303
33611 30447
26264 43714
35533 28714
23152 34935
581 28790
35533 34935
40330 29443
43714 21311
25145 26084
31663 25145
1434 40484
23536 25448
28895 38411
46032 15759
29230 24951
31763 3945
20723 35533
17741 21311
3180 28714
28790 26650
1434 5046
47373 33611
34935 31663
976 49303
1363 47695
3180 28626
26650 1434
24951 19763
30963 1479
34819 34935
6919 31763
26430 7440
1161 23229
48800 25145
34819 28714
30447 23229
30963 11411
11850 19763
49303 6405
9675 7440
6214 44281
24951 3099
6214 47695
47936 39771
6919 1161
32487 11850
42800 20723
23229 30447
24100 1363
28714 33611
6919 25448
6594 29443
21712 11850
34819 31763
26084 23536
15759 23229
46032 6405
26061 29443
17368 34751
30963 12183
6919 1418
42902 31663
1053 12183
29230 11850
22053 26084
24186 20723
49303 34935
12312 40484
34935 47373
11411 19763
34751 17741
39771 37032
31663 21712
1053 26306
17741 24186
48800 539
28714 31763
25145 15553
26084 4185
581 24951
1479 19770
9675 26430
30963 25145
8930 21712
26264 47936
34819 47936
33611 23229
42902 21311
3099 30447
28790 28714
29443 47448
42800 40330
12641 24951
12641 19763
28895 24186
33611 49303
12641 28790
30963 26430
24100 5046
28626 539
24186 23229
49303 28895
39771 48800
29230 23536
46032 3180
15759 22053
40040 6405
3099 24100
47936 23152
3945 22053
15553 47373
22053 1053
44281 24951
25010 23536
48800 38411
15759 25010
28895 42800
47373 25145
28626 19770
3099 35533
25448 35533
12641 3099
44281 26264
6594 24100
25448 42902
30447 23152
12183 47373
6919 33611
38411 23229
13173 34819
1161 1479
976 6214
46032 47373
34935 581
20723 43714
25010 32487
6214 976
1161 22053
11850 26061
1363 24951
3099 6594
17368 1161
19763 33611
21712 34751
19770 38411
8930 3099
7685 6919
1363 30447
581 46032
43714 42800
41026 44281
23536 43714
40649 29230
17368 15759
1363 1418
34751 42800
539 3180
24100 28895
3180 40649
15759 35533
28714 42902
25448 38411
28714 33522
30447 8930
5046 30447
12841 40330
21712 6919
11850 12641
49303 3180
1053 1418
22053 25010
33611 24100
28790 30447
33611 47373
25010 35533
7685 41026
46032 25448
30963 539
11411 47695
21311 29443
28714 22053
40484 23536
24951 23152
32487 40484
37032 47448
32487 23536
37032 19763
1053 29230
1434 1418
29230 8930
7685 26264
26650 31763
24560 1479
47448 7440
33522 40040
29230 20723
24186 25010
26061 30447
21712 3180
25010 3945
24560 3180
40649 8930
28626 30447
4185 3099
7685 34819
40040 40484
4185 8930
29230 6405
6214 6405
17368 28895
976 44281
34751 3180
12841 44281
12183 28790
11850 21712
20723 12312
11411 5046
26061 22053
25145 37032
40040 1363
42800 32487
6919 48800
32487 1053
32487 1479
28895 1418
28895 17368
539 17368
26264 31763
47936 539
976 19763
34819 976
24100 33611
23152 23536
12641 30963
1418 33611
24186 35533
25010 42902
47936 6919
26061 6919
15759 7685
25010 3099
44281 1479
42800 3099
9675 46032
6405 1363
41026 6594
40040 7440
24100 17741
976 47936
49303 8930
1161 7440
19770 26061
11850 33611
12841 25448
34819 24560
40330 12312
28790 17741
40649 35533
34935 976
34751 34819
47448 30963
21311 28790
37032 30963
40040 42902
5046 7440
8930 11411
29230 40040
37032 25145
47936 6405
11850 11411
1479 5046
38411 1418
8930 29443
17368 1479
28895 21712
8930 37032
24560 12183
21311 46032
35533 23229
581 31663
7440 47448
13173 1363
12312 23536
28714 23536
12183 12841
26650 25010
7685 6214
26306 581
21311 44281
6919 26264
1434 49303
7440 48800
44281 33522
19770 41026
22053 28895
4185 41026
24951 41026
11411 15553
24560 23229
34751 12183
44281 4185
39771 26430
24100 12841
37032 30447
28895 28790
1418 49303
22053 30963
32487 39771
11850 6594
4185 3180
1053 581
28626 42902
12312 15553
48800 22053
44281 40484
47695 26084
17368 37032
34935 1479
6214 15759
25010 17741
17741 1053
30963 21712
19763 26650
26306 37032
1479 30963
33522 26264
28790 44281
11411 1418
42800 1363
19770 1363
42800 28790
19763 40330
12183 1418
26650 6214
42902 33611
44281 30447
12641 47448
8930 24186
15553 6214
24186 43714
1161 30447
12312 29230
42902 6214
40484 17741
21311 6214
42902 43714
1161 30963
47373 15553
38411 47448
23152 26650
40040 1053
3180 6919
21311 24186
44281 40649
46032 34751
11411 21311
28790 9675
26430 12641
20723 38411
28790 3180
29443 32487
47936 33611
11411 25010
21712 21311
21712 6405
8930 20723
28790 581
44281 7685
19763 21311
34819 6405
34935 48800
539 21712
20723 1053
25448 33522
21712 4185
5046 30963
21712 46032
6594 29230
32487 12183
49303 34819
22053 40330
24186 581
28895 6919
7685 47373
7685 26061
31763 19763
31763 23229
1053 34935
21712 38411
47448 17368
46032 47695
23229 46032
5046 40040
33522 47448
17368 25145
1363 17741
1479 15759
46032 6214
44281 40040
29443 25145
6594 24560
47373 1363
29443 29230
12312 23152
29230 31663
20723 13173
12183 30447
40330 3180
42902 30447
39771 1434
38411 44281
40330 976
1418 38411
17741 49303
40040 31663
28626 42800
12312 40649
6919 12183
17741 29230
28626 11850
1161 35533
33611 47695
43714 44281
24951 42800
46032 33522
29443 7440
47695 35533
12641 24100
6214 1479
46032 37032
12312 1053
26084 44281
5046 1479
7440 23536
47695 3180
3945 24186
24560 25010
38411 8930
13173 26264
5046 34751
22053 34935
11411 33522
26430 40649
17368 976
28895 25145
539 41026
7440 1479
35533 21311
6594 35533
26306 11850
40484 12312
1479 34751
12641 6214
43714 15759
6919 41026
35533 26084
39771 9675
17741 12312
47448 41026
37032 21311
40040 581
47695 34751
15553 43714
24951 12841
25145 4185
4185 34751
25145 22053
3945 25010
7440 1053
20723 40484
976 47448
38411 40484
47448 17741
1363 44281
34751 40330
1479 47936
40484 6405
46032 26061
6214 34935
30963 26061
24186 15759
43714 15553
26264 32487
33522 21712
21311 24100
6214 25448
23152 26306
37032 47936
28626 40484
5046 1418
3180 15759
28714 976
49303 1161
34751 29443
11850 7685
28790 32487
3099 21712
6214 40040
31763 28895
24560 47936
24951 26650
25010 44281
40484 34819
24186 1053
33611 3099
34819 9675
17741 12841
12841 34751
22053 42902
24951 40330
11850 12841
42902 6405
26084 23229
7685 12641
25448 29443
40484 28714
32487 26084
47695 25448
34819 7440
24560 30447
28626 25145
21712 7685
21712 26061
3180 39771
47695 7440
24100 11850
24951 47448
1363 24100
31663 22053
47936 21311
15553 30963
43714 4185
15759 3180
26650 29230
34819 8930
34935 44281
25010 8930
26264 1363
26084 8930
3945 41026
26306 34751
34935 25448
19763 3180
34819 23152
31663 47936
25145 15759
40649 33522
28714 34935
24100 1434
24100 40040
40330 43714
4185 32487
26430 24951
33611 40649
1363 3099
44281 6919
37032 28895
12841 30963
3099 20723
39771 40330
3945 33611
44281 47373
11850 19770
43714 40040
6919 12641
47936 22053
21311 32487
33522 25010
40040 47373
13173 40330
25448 31663
21311 28714
7685 28790
8930 31663
40484 21712
1053 1161
25010 1434
23152 28895
29443 1479
20723 48800
15553 1161
26084 6919
37032 13173
34751 20723
25010 41026
41026 34751
33611 11850
37032 28626
42800 24100
19770 1434
28626 25010
12841 31663
17368 41026
3099 29230
28895 21311
26061 1418
28626 33522
19763 11850
1363 35533
1434 34751
33611 24951
28895 26084
3180 28895
581 30963
41026 19770
1363 28714
539 976
37032 3180
25145 23536
24186 19763
26430 34751
26084 1434
12841 32487
5046 49303
12312 24100
26430 25448
26430 26306
6405 17368
5046 23536
21311 25010
46032 28790
9675 8930
19770 7685
31763 33522
32487 40649
39771 35533
42902 13173
17741 11850
23229 40649
3945 4185
6214 33522
19770 31663
6405 25448
9675 26061
23229 39771
12841 23152
34819 539
38411 9675
28626 47448
23229 26430
12183 32487
11850 41026
19770 6405
1418 22053
48800 19770
12841 24186
7440 24100
26061 21311
6405 39771
26650 47936
11411 30963
49303 47695
47448 1434
26264 1053
1418 3180
6214 13173
3945 3099
33522 19770
34819 40040
38411 1363
41026 28790
40040 46032
539 39771
26061 1363
6594 26650
15759 20723
28714 44281
6594 48800
34935 26264
1161 1363
47448 24951
28626 39771
33611 13173
33611 1479
3180 30963
17368 26650
28790 24951
26650 4185
38411 3945
33522 5046
49303 25010
41026 40484
26306 1363
30447 3180
24951 21311
41026 26061
33611 7440
40330 33522
43714 12841
23536 6594
26650 6405
40484 30447
15553 33522
43714 41026
47695 26264
17368 12841
9675 21311
539 3945
25145 48800
539 49303
34819 24100
25145 6214
539 28626
24951 1434
1418 23229
3945 12841
9675 33611
12312 26264
28626 40649
47373 23152
23152 19763
9675 40330
539 7440
33611 40330
33611 31763
25010 3180
12841 19770
42902 20723
25145 23229
49303 3945
37032 33611
47448 26430
3945 28626
42902 976
26650 12841
41026 21311
21712 539
26430 24100
7685 19770
31663 26430
1479 39771
1053 26061
12641 11850
29443 6214
28895 44281
24951 5046
30963 35533
7440 28895
6919 26061
21311 7440
23536 25010
11850 26264
12183 29230
23229 22053
21311 41026
20723 976
39771 29443
28895 40040
12641 40040
40649 22053
26061 41026
26650 28714
581 26430
30963 25010
26061 26306
1363 25145
31763 26084
12641 28895
29230 6919
26650 26430
30963 47695
26264 28895
40040 13173
976 41026
25145 34935
23229 23536
40330 24560
34751 26650
24951 31663
24951 6594
26061 42902
1434 23536
25010 24951
976 21311
23536 33611
43714 38411
30963 40330
28895 26650
12183 1434
24951 33611
17368 47448
40484 40649
7440 29443
3099 539
40040 23536
31663 9675
47373 40330
21712 11411
7440 49303
15553 581
42800 1418
47695 43714
23536 47695
30963 42800
26306 5046
37032 26264
34819 33611
1363 42800
24186 1434
40484 40040
28790 29443
6919 17368
1161 1053
40330 4185
30447 20723
1479 1434
40649 12312
15759 32487
6594 6214
12312 9675
17741 47695
46032 23536
1434 24560
21712 17368
37032 1161
32487 7440
25448 40040
26061 9675
39771 3099
15759 19770
26650 26061
33522 12841
42902 1363
1161 12312
13173 6594
12312 3180
23152 39771
15553 33611
28790 6919
41026 42902
34935 11850
7685 9675
48800 26306
44281 47448
21712 28714
28790 47448
47936 34819
23229 47448
47695 34935
40484 1418
33611 42902
23536 20723
1434 38411
25448 34819
31763 46032
34751 31763
39771 34935
22053 3099
37032 34751
29443 12841
17741 1363
4185 581
28626 17368
48800 43714
26430 12183
29443 21311
26084 1418
25145 30447
33611 42800
35533 40484
6405 6214
40649 23536
34935 42800
8930 25010
6594 31763
44281 42902
40649 9675
44281 12641
40330 7685
28895 30963
5046 1053
7685 21311
32487 33522
34935 1161
1053 3945
3180 24560
20723 1434
34935 43714
47936 24186
44281 30963
34751 581
32487 1418
23229 26264
17741 42800
24951 37032
9675 12841
40649 49303
47936 17368
32487 9675
17741 7685
44281 26306
3180 26061
26650 7685
34751 47695
12841 38411
1053 25448
1434 29443
21311 4185
15553 11411
539 4185
3099 24560
39771 24100
1418 1479
28626 21311
12183 17368
1161 28626
39771 8930
23229 3099
34935 40330
20723 30447
9675 19770
29443 40649
3099 11411
25145 34819
13173 9675
40330 6919
38411 3099
42902 44281
1434 47373
47448 47936
25145 12183
40649 17741
30447 15553
23536 24951
19770 1053
17368 4185
6594 22053
21311 23536
40330 21712
38411 19763
20723 30963
31663 13173
22053 25448
581 28714
41026 19763
24186 24951
34819 24951
33611 12641
31763 15553
34935 1418
15759 47936
6919 1053
24951 30447
4185 1053
25448 17368
539 29443
5046 26061
41026 26084
28714 41026
31663 1418
26430 30447
35533 42902
21311 47695
24560 11850
6405 21712
47373 24951
12641 41026
29230 40484
8930 34751
28895 23152
28714 29443
30963 1363
3180 29230
1418 25145
22053 26264
25010 15759
19770 40040
1161 6594
1053 9675
3180 1363
17741 581
1479 12841
33522 47936
26430 39771
15759 11411
5046 40330
25145 3099
12841 26264
31663 23229
42902 8930
26084 22053
4185 49303
29230 41026
41026 976
24186 29230
26264 19763
17741 13173
28895 20723
8930 40330
23152 15759
26430 28626
1418 26650
25145 26061
9675 40040
29230 28790
47448 11850
26084 38411
6405 1418
24100 42902
8930 1434
26061 37032
47448 40649
11411 3099
28790 11850
34819 47448
17368 24951
4185 12183
26650 539
5046 42902
49303 38411
3099 43714
17368 24186
24100 11411
33611 33522
25010 24186
581 25448
24560 48800
47448 6405
43714 26264
7685 26650
23536 25145
42800 26084
21712 34935
48800 12841
6594 581
5046 3180
7440 3945
19763 15553
1053 34751
47448 34819
26264 40484
12183 40040
12183 42800
48800 40484
23229 42800
30963 22053
15553 41026
38411 6214
7440 21311
40330 31763
21712 33522
9675 42800
11411 49303
28626 23536
15759 28895
6405 1161
49303 17368
25448 1053
47448 26650
26430 41026
25010 12312
1418 33522
8930 22053
6919 49303
17741 34751
40649 26084
6919 38411
42902 34819
38411 23536
40484 28895
1434 581
40040 19770
6214 28714
47448 48800
28714 17368
3180 26306
41026 23152
40330 24186
29443 40330
46032 26430
32487 49303
9675 34935
48800 581
24951 9675
24186 11850
12312 40330
42800 1053
21712 8930
38411 33611
26650 28626
40649 31663
11850 3180
25145 12841
32487 42902
12641 26306
42902 40649
539 34819
3180 40330
41026 7440
26430 49303
9675 48800
42800 22053
24560 42800
3099 40649
26084 35533
24100 3180
40330 30963
19763 34935
47373 37032
24951 976
40330 26650
25145 34751
1418 30963
3945 40649
34751 23152
21311 17741
6214 3945
6405 15553
30963 17368
39771 17741
6919 28895
1418 26430
25448 28714
8930 13173
40484 47373
1161 26650
25448 30963
38411 25010
11411 8930
24100 539
15553 28626
26264 1418
40649 40330
40484 539
47695 1161
47448 42800
1418 40484
48800 34819
32487 47695
23536 21712
26084 12183
40484 35533
581 1161
35533 15553
26306 26650
34819 44281
20723 28626
23229 26084
47373 48800
24100 24560
21712 48800
8930 28714
26264 21311
3099 15553
40040 23229
976 31663
1053 4185
1161 17368
4185 30963
33522 6405
40649 33611
28626 581
40484 7685
539 37032
38411 26650
1434 15759
26061 12641
48800 24100
11850 976
17741 48800
28790 39771
1479 43714
33522 3099
26306 3945
11411 28895
13173 539
26264 21712
6919 11411
1434 28790
15759 6214
4185 43714
35533 12641
13173 38411
5046 22053
6405 40330
42800 6214
1053 15759
1363 26061
19763 4185
48800 12641
28895 33522
9675 30447
33611 4185
20723 5046
29443 15553
12183 44281
25145 581
1434 11850
976 26306
28626 48800
581 4185
40040 39771
34751 23229
6594 1161
21311 11850
47695 11411
4185 28714
24186 26061
1418 6919
32487 26650
47695 19763
30963 32487
42800 5046
21311 47936
1053 5046
47695 4185
28790 28895
20723 37032
15759 42902
23536 22053
46032 40330
26264 47695
28626 24951
40330 7440
26430 31763
32487 6405
23229 31763
26084 15759
43714 32487
33611 6214
1363 33611
23229 24100
1418 12641
23536 12312
44281 17368
40649 5046
13173 39771
24100 26264
1161 43714
1434 37032
21712 47448
12183 8930
4185 25145
1053 23229
4185 11411
30447 30963
43714 46032
26061 539
26430 13173
9675 31763
1418 19770
1434 43714
26264 25010
26084 42800
28714 25145
26264 9675
21311 29230
26306 21311
30447 33522
37032 24951
19763 6594
3180 47448
25145 5046
1363 12841
24560 37032
8930 49303
42800 24560
15759 33611
26306 39771
43714 539
5046 25448
1479 26430
20723 6214
28790 1434
26264 47448
28714 19763
3099 26430
40330 23152
33522 42800
976 42800
12641 25448
6919 34819
39771 24560
31663 31763
3099 29443
43714 11850
19770 8930
30963 44281
1363 30963
33522 11411
47448 40040
15759 6919
28714 7440
42902 22053
37032 23536
28895 40649
23152 12641
47695 13173
7440 47373
33522 3945
49303 32487
31763 39771
49303 15759
539 7685
13173 12641
37032 581
33611 28626
40484 32487
38411 12312
12312 20723
21712 49303
44281 7440
47448 20723
25010 23229
12183 1479
17368 40330
49303 26084
1053 26084
12641 42902
28714 1479
4185 34935
24100 3099
6405 26650
1479 17741
40040 24186
41026 1418
28626 17741
26650 31663
15553 1479
40330 12841
30447 33611
23229 42902
8930 33611
3099 32487
31663 3099
11850 12183
23152 25145
40040 12641
37032 5046
44281 42800
976 23152
32487 8930
1363 26430
17368 29443
19763 3099
42800 9675
6405 11411
976 13173
37032 12183
31763 21712
40330 48800
19763 17741
8930 35533
25145 38411
24186 39771
4185 34819
25448 46032
6214 12183
19763 29443
12841 24951
21311 26650
6405 26306
24560 23152
28790 12841
26650 33611
12841 23536
20723 539
12312 7440
48800 21311
30447 40330
40649 28790
26084 581
31663 29230
12183 6919
28790 6405
19763 22053
33522 7685
41026 12312
30447 12183
44281 12841
22053 29443
12183 17741
44281 35533
581 12183
30963 29443
6214 38411
23152 1161
20723 23536
47695 6594
23536 26650
42800 26061
33611 39771
49303 539
35533 40330
26061 28895
15759 49303
25145 26430
4185 1434
26084 43714
7685 1479
23536 21311
32487 19763
11850 1479
40330 6594
38411 26306
20723 41026
28714 12312
25010 40330
539 47448
1479 41026
1418 4185
34819 26430
26306 30447
1053 35533
46032 12641
43714 25448
49303 1434
19770 34935
30963 28790
29230 15759
23229 34751
13173 23152
1418 6405
1434 6405
7440 40649
28895 31763
40330 33611
8930 25145
47448 22053
12841 34935
47448 12641
26264 17368
9675 28790
12312 3945
35533 19770
34819 1053
11850 25010
44281 24100
25448 43714
42902 24951
34935 15759
40649 1053
539 6214
24186 48800
29230 12183
43714 19763
40484 33611
1479 46032
12312 28895
9675 19763
26264 23152
3945 40484
12312 28626
28626 1434
35533 17741
42902 539
24186 41026
1434 34819
26306 31763
6214 31763
17741 25448
3945 49303
976 34751
3945 8930
26650 19770
581 5046
33611 22053
21712 12312
28714 23229
24560 44281
26650 17368
33522 1363
41026 24951
6214 5046
42902 25010
12841 23229
24186 24100
33522 1161
1363 26306
28714 29230
26264 26306
44281 13173
11411 7685
1418 47936
31763 7440
25145 41026
581 15759
1418 7440
6594 24951
12641 17368
28714 25448
49303 20723
40484 12641
33522 46032
1053 3099
47448 539
38411 37032
26061 11850
9675 47373
3180 35533
35533 26264
47695 15759
42902 49303
47695 30447
35533 3945
11411 46032
43714 1053
47936 25145
13173 19763
42902 40040
26650 49303
28714 11850
35533 1434
35533 40040
48800 1363
1161 24186
43714 28626
1479 1363
23152 22053
3180 23536
17741 5046
12183 24186
15553 12183
31663 7440
11850 25145
44281 26650
29230 1053
32487 25145
26061 25448
23536 26306
19763 30963
17741 6594
22053 1161
3180 29443
1053 17368
539 28895
17368 21712
31663 15759
976 29443
1053 19763
47936 20723
22053 4185
32487 43714
8930 4185
41026 6919
12183 28626
24560 539
29443 1161
40484 17368
26430 1363
30963 41026
31663 11411
21712 44281
15759 28626
581 40484
39771 47936
47695 38411
30447 19763
26084 46032
28714 24186
12641 1053
1418 24186
3945 31763
32487 34935
46032 19763
25010 17368
33522 25145
31763 47936
1053 48800
19763 33522
7440 7685
33522 4185
1363 41026
26430 1418
33611 1434
976 32487
33611 3180
20723 33611
1053 47448
29230 37032
3099 31763
24100 34819
12841 7440
29443 39771
976 40040
1434 40330
26650 40484
12841 46032
11850 5046
22053 31663
48800 1418
38411 11850
40330 3099
17741 24951
40649 34819
24951 1418
40330 47448
23536 24186
32487 20723
24186 6594
28895 3945
24951 539
3180 26430
26306 6594
47936 42800
26430 581
34935 28790
6214 6594
15553 25010
47373 47695
23229 12841
30963 21311
21712 24186
33522 24951
19763 28895
12183 9675
3099 11850
581 13173
11411 31763
19770 42902
9675 6594
11411 26264
17741 40649
5046 34935
5046 539
21712 24951
40040 1434
6594 539
1053 33611
3945 47448
42902 1479
6594 6919
40484 1434
40040 47936
21712 1479
48800 9675
29443 33522
19763 8930
21311 28895
6919 40330
3099 1479
47373 47936
1418 39771
28626 19763
26306 21712
8930 23152
7440 26430
28626 31763
12641 976
1418 19763
6214 25010
1434 26264
47448 15553
20723 28714
30963 31663
1434 12183
8930 40484
12183 6405
31663 6594
24186 28790
26306 32487
12312 1363
17741 11411
42902 3099
19763 23536
28895 23536
15759 40330
581 37032
23536 1053
28790 33522
1434 32487
15553 3945
17741 22053
48800 44281
31763 1434
1479 25448
24186 26430
17368 581
39771 33611
26264 6919
34751 25448
21311 1479
23229 40330
33522 29230
11411 19770
24186 46032
539 34935
3180 4185
1479 23229
4185 47936
6405 26061
24951 26084
23152 28714
26306 3180
35533 32487
13173 24100
1479 17368
26650 5046
4185 28895
33522 47695
31763 6919
39771 7685
20723 15553
25145 26650
48800 11411
3180 17368
32487 29230
41026 9675
7685 24186
17741 12641
41026 23229
17368 33611
26061 47695
35533 6594
1053 40649
11411 38411
26084 29230
581 28626
25010 40484
48800 23152
43714 39771
28714 539
20723 8930
6214 19763
12641 21311
28895 24100
12841 12641
25448 41026
39771 47695
26430 12841
23536 31663
20723 26061
32487 47373
12641 23152
28790 20723
41026 25010
26061 976
48800 12312
42800 25145
47448 9675
20723 46032
8930 3945
1434 6594
34819 20723
23152 4185
25448 26430
26061 34819
25010 48800
23536 48800
1363 976
1053 40040
40484 1053
976 6919
15759 28790
24560 26430
42800 47373
21311 37032
24186 3099
31763 48800
1161 12183
48800 23536
581 23536
28790 24100
34751 26084
40330 40484
26084 1363
34751 12312
21311 30963
17368 12183
28790 6594
26650 37032
12641 24560
26084 29443
1479 40484
8930 24560
581 26650
28790 22053
29230 17368
24100 29230
44281 34751
30447 9675
15553 21712
24186 34935
3945 26084
44281 28895
26430 976
32487 24951
37032 12312
25010 26061
26061 39771
30963 23229
3945 40040
31763 4185
1418 48800
30963 9675
24951 20723
6405 48800
34935 21712
581 6405
26084 21712
17741 6405
40649 47373
40484 1479
41026 47695
1479 25145
49303 43714
40484 43714
38411 35533
40040 19763
