3987
38995 40897
30868 28407
20750 41039
19642 1783
12807 755
4519 11594
38995 27416
23961 27549
22179 36882
22179 19642
21435 2486
2502 31713
20750 43926
27602 1783
8645 410
42822 26665
11594 38150
20915 43782
23961 48931
2502 39582
2082 45194
48931 21252
33859 15034
45797 28407
29469 33859
45790 49255
33280 16171
42155 40897
1303 4519
36882 47065
19642 18909
20915 43469
29469 31330
1303 22694
30776 1882
43324 8183
16236 21435
42155 43324
39444 4519
27412 24102
8645 33280
5464 6590
33969 44587
39191 22694
410 5291
5464 32626
22867 12564
48903 39444
39474 37932
8183 26665
43324 13489
20672 19642
5634 49517
6590 7781
410 16236
36882 24523
43926 21435
23409 42233
30592 43782
42233 33859
29208 44519
16236 31330
48410 42233
40897 27602
44400 46499
7781 8759
28721 23435
33859 14885
43912 28721
27412 15150
24102 15034
4519 23435
33859 33280
23456 9131
48127 26665
13489 32626
15034 4519
48967 27549
2486 32626
20672 4731
43912 44400
8183 47065
23409 45797
8645 23961
43469 18065
27416 20915
44400 49255
3259 45797
24102 4519
35038 48967
46499 48903
1783 45194
31330 2229
1783 47065
15034 42155
6004 30776
48903 38995
40897 42155
21252 44587
44400 220
8183 20750
3259 22867
40897 15335
4087 410
46499 28721
39444 49255
40897 38995
45194 43469
37669 26360
36882 44256
49517 27602
12807 13489
40897 39582
19642 33969
755 6004
23961 48967
23435 15150
2486 39474
44256 45733
38150 35038
18909 20672
10760 23937
47065 2564
31330 2486
15150 1783
23409 43926
27416 46499
21252 21435
10760 35038
14885 35163
25216 48967
21435 33969
22694 28407
48903 45733
45790 11594
22694 1882
12807 41039
2502 33859
22179 26360
44256 18065
44587 9306
14885 48967
9131 44587
23435 48410
3259 4087
36882 8645
35038 18065
39582 15335
37669 9306
42465 32626
2486 27412
16171 3259
49255 20672
20672 6004
42155 30868
24523 20750
12564 43782
22867 4519
40513 43324
27416 15150
40513 47065
18139 49255
31330 9306
268 33969
410 22694
37932 44587
44587 3259
22694 4087
1303 39444
12807 6004
26665 7635
45797 32626
44159 43469
44400 29208
42465 8183
31330 23409
220 15335
26088 42155
44256 16171
46499 39444
7635 22179
6004 15150
11594 13843
9131 36882
31330 27602
35038 7635
33969 21252
40624 27549
49517 29469
27416 6004
16171 23961
5464 29469
9306 38995
8183 5291
27602 22694
41039 30776
48903 45797
46499 33969
49255 11594
44587 31330
20915 45790
1783 8645
9306 45194
39444 19642
15150 13489
8759 5634
8183 43926
44159 2229
30776 47065
45194 27412
9306 8759
8183 33859
5464 3259
7635 33969
43912 30868
29208 31713
33969 15335
8645 27549
44519 6004
23961 21252
48967 31330
23435 23456
40513 5634
27416 9131
41039 18139
23409 2502
268 19642
26360 44256
33859 5291
43469 15150
18909 29208
33280 26360
2229 39474
8183 45790
49255 47065
48903 48410
268 45790
44519 8759
16236 10760
38150 39474
1783 5634
44159 26665
14202 41039
30868 410
30592 29208
12807 48127
7635 13489
45194 16171
23456 755
27412 5291
42233 18909
14885 4731
7781 35038
3259 8645
38995 12564
29208 43926
45733 13489
22179 33969
48127 43469
29208 45194
45790 42233
14202 7635
39582 32626
32982 43324
39474 45790
43926 29208
9131 6004
25216 39191
46499 7781
40513 268
16236 9306
16236 32626
48967 41570
20915 38150
15150 47065
33969 37932
27416 44159
39582 49517
1882 8183
48410 37669
48903 44400
41039 20750
11594 8746
1882 23435
44159 40624
37932 20672
42465 45733
44519 38995
38995 22867
43782 41570
32982 44256
47065 44587
5464 8645
21435 25216
27412 30868
1882 44159
43782 45733
220 9306
6590 45194
2229 42465
10760 4519
28407 8645
23961 12807
5464 12564
14885 48410
18065 33969
42233 44519
16171 220
21435 35163
1303 42155
22179 15335
43782 48967
32626 22179
46499 48931
48410 7635
39444 39474
2486 14885
13489 40897
8645 26088
26360 13843
6590 44519
48410 4519
27412 30776
268 2082
38995 48967
44159 31713
11594 45790
26665 13843
25216 27549
15335 7635
2229 40897
38150 15034
25216 43926
21252 46499
27416 268
16236 2502
40513 4087
42822 13843
29469 43912
28407 220
18909 43324
2082 2229
24102 30868
6590 31713
28721 7635
23435 48967
21252 33280
20915 13489
1303 8183
45733 220
18909 26360
30776 35038
39474 13489
2564 220
12564 5291
15335 48931
12564 2564
9131 21435
410 39582
33969 8759
40624 35163
1882 2564
4519 28721
16171 43469
9306 10760
48931 37669
41570 42465
1783 3259
35038 2082
48967 13489
35038 44587
18139 49517
39474 48127
23435 43912
23456 7781
23435 28721
27416 23456
43926 43782
23435 47065
30868 22179
8746 5634
13489 20672
43926 2486
22179 28721
15150 2082
48127 3259
18139 29469
3259 1882
42233 12807
37669 16236
39474 42822
755 23937
48931 33280
18909 16236
39191 8183
10760 45733
18909 13843
22694 19642
14202 18909
5291 14885
39191 24523
40513 2502
40624 18065
5464 29208
27416 24523
15150 22179
38150 18139
15150 43912
47065 9131
26088 8183
14202 4087
8746 23409
23456 45733
12564 45733
29469 9306
11594 29469
2486 44159
48931 2564
42465 11594
11594 5464
46499 22179
27412 45733
4731 45797
44400 35038
27602 1303
21435 18065
42233 32982
220 44400
37669 2082
38150 12564
39444 8746
21252 8746
29208 5291
43324 20672
4087 26088
31713 44519
32626 32982
13843 3259
12564 8746
15150 7635
2502 43926
48410 15034
14202 33280
2229 18139
23409 22179
21252 42233
33969 42233
37932 18139
220 28407
2082 6590
40624 15335
2229 39582
42233 5464
1783 10760
32626 23435
22694 268
43926 15150
48127 4519
35038 5464
12564 8759
5634 43912
32626 24102
25216 12564
5634 11594
27602 48127
40624 16171
21435 31330
22867 30592
39444 48410
1303 43469
40897 22867
44256 22867
10760 23961
3259 14885
39191 38995
40513 48410
37932 21252
45194 40513
27416 28407
43324 6004
27602 6590
46499 8183
220 42465
5464 268
1783 2564
4731 48903
23961 23435
24102 37669
48931 31713
48903 30776
27549 38150
11594 30592
21252 31330
48410 23456
44159 23456
22694 48931
27549 44587
31713 13843
37932 43324
15335 21435
21252 20672
2502 14202
30776 40624
44256 755
29469 20915
14202 1303
15335 2229
27412 6590
7635 35038
49517 42465
43782 9131
24102 7781
38150 32626
20915 6004
26088 4519
13843 37932
12807 43912
32982 48903
42465 48903
15034 12564
27412 26088
32982 48967
6590 22179
22867 35038
48931 10760
27602 42465
13843 39444
20915 48903
33969 1882
44256 7781
5291 43469
18139 5464
33280 41570
29208 43469
3259 33280
755 15034
15335 44587
46499 27416
42822 25216
9131 49255
18909 23456
30868 43324
10760 44400
33859 43912
4731 21252
42233 19642
35163 48410
31713 21252
14885 23937
6590 27416
20672 15150
29208 33280
22179 7781
30868 43912
44159 6590
29469 43926
38995 8645
5464 43324
23937 23409
42465 23456
7635 28407
26665 3259
48127 39191
33280 9306
31713 26360
22694 26088
26360 5291
12564 44587
5634 220
21252 44256
42822 30868
30592 48410
40897 44519
27412 14202
48967 42465
48127 8759
40897 6590
45797 44159
2082 44159
48931 39444
24102 16236
33280 13489
48967 20750
14885 35038
35163 2486
27412 42155
16171 27412
220 15150
11594 35163
15034 33859
25216 4731
44400 38150
41039 25216
37669 36882
44519 5464
31713 33969
30868 38995
28407 46499
755 2229
29469 28721
6590 27602
48903 27549
43469 48410
9306 42822
4731 4087
14885 21252
10760 26088
23409 44256
2502 37932
5634 32982
18065 40513
42465 25216
16236 42465
31713 1882
11594 33859
43926 15335
2082 8183
41039 3259
48127 26088
45194 48903
6004 18065
6004 46499
29469 38995
5464 33280
7781 49517
24523 8759
31330 8746
12564 9131
27412 32982
49255 4087
7635 1882
49255 22694
6590 27549
36882 42822
33280 24102
25216 15150
37669 7635
46499 18909
21252 24523
11594 46499
44159 33859
22867 21435
42155 13489
220 33280
37669 15335
41570 41039
4519 39191
42233 14885
26360 24102
28721 25216
48931 14202
19642 13489
9306 43926
3259 220
23937 47065
26360 39474
28721 30592
8183 755
45733 6004
35163 2229
43324 45790
29208 6590
26665 42822
48967 45790
20672 40624
24523 21252
22867 9131
49517 45790
29469 44519
1303 33280
12807 47065
18909 42465
45194 23456
4731 45194
18139 35038
38150 410
37932 9306
22867 43912
24102 6590
2502 27602
1783 39474
36882 7635
43912 44159
33280 49517
45194 20750
13489 39191
38995 2502
36882 9131
33859 27412
26665 27412
4087 4519
26088 30868
6004 26360
5464 2082
23435 48931
14885 33969
29208 6004
2486 49517
26088 21435
4731 7781
40897 29208
49517 19642
41570 26665
48967 14885
48127 10760
26360 30776
39474 9306
48410 44400
28721 2564
48967 42822
28407 23456
1303 29469
40624 2486
49517 39582
20915 45733
8759 8746
25216 26665
13843 16236
45194 38150
16171 4087
15034 6004
44400 1882
36882 4087
23961 8645
2486 45733
14202 44587
44159 15335
37932 2082
220 39582
8183 21435
44256 30776
8746 27602
23409 42155
21435 32982
5634 33969
16171 2486
48410 15150
20915 2229
48903 26088
27412 2502
11594 27416
40897 4519
7635 45790
15335 21252
41570 9131
25216 27416
1783 20915
220 40513
30592 24523
23937 45790
5634 40624
43912 44587
43324 48967
44159 32626
37932 28721
15150 33859
43782 48410
42822 49517
49255 48127
9306 48903
35038 26088
25216 45733
220 43324
45733 4087
14885 7635
19642 43782
49255 31713
15150 48410
48931 8645
15335 28407
39444 2229
23937 23435
48127 48903
16236 2486
20750 22867
24102 45194
220 39191
39582 22694
48410 6004
44256 2486
12807 49517
28721 40624
20672 5291
23409 37932
25216 29469
49517 40897
32626 23456
5291 48931
18065 45733
2229 30776
25216 28721
1303 48903
23456 268
8645 2229
6590 32982
22179 18065
46499 42822
21435 268
37669 45790
21252 30776
10760 2564
43912 7781
18909 12564
1303 45194
8759 43926
9131 26088
10760 33859
43912 8746
44159 43782
44256 48931
8645 48127
10760 13489
4519 39582
48967 27602
21252 43782
42155 5291
30868 14885
44587 23409
27549 48903
27549 27412
2082 48967
12807 45733
8759 18065
7781 18909
19642 5464
4087 44587
21435 45790
410 27549
38150 49255
27416 32626
40897 5291
37669 44519
4731 2502
48903 23961
22179 38150
12807 35163
38995 29469
2229 2486
45790 8746
1303 3259
15034 2502
29208 40513
22694 28721
32626 26665
48967 4087
14202 37932
48410 38150
5291 41039
21435 45797
10760 42155
9306 23409
49517 39191
28407 38995
18139 220
7781 38150
33969 36882
37669 6590
13489 31330
43782 48903
32626 48931
2486 48903
6590 38995
33859 5464
10760 6004
43324 48127
47065 48967
13489 22694
41570 3259
40513 24102
35163 22179
3259 49255
410 4519
21252 38150
44256 40513
39474 41570
2082 26360
8746 48931
38150 29469
4731 26360
40897 18909
30592 35038
16236 9131
5634 15034
268 6590
2486 410
33969 28721
48903 2486
45733 12807
45194 4519
26360 33280
8183 1882
31713 36882
39191 49255
47065 2502
30868 19642
15335 39444
20672 44587
43926 39582
23456 35163
44587 31713
2564 39474
43782 8183
21435 2229
40513 27549
32626 37932
19642 48931
1783 36882
13843 49517
18909 45797
35163 48931
33969 26360
31330 26665
18909 9306
31713 33280
43324 28721
21252 7635
16171 18909
2486 43782
49255 12564
25216 7635
21435 42155
1303 42465
27602 42822
23937 38995
42233 38150
37669 410
23435 23937
1882 2486
41039 13489
1303 2082
5464 39191
47065 30776
20750 25216
2082 20750
15034 43469
41570 22694
13843 10760
42233 40624
40513 41570
2564 44256
7781 23961
1303 33859
12564 3259
35163 13489
39582 39444
28407 16171
7635 22867
38150 27602
43912 13489
25216 44587
4731 31330
48903 28721
15034 20750
46499 15335
32626 22867
15335 45733
48127 1303
13843 1882
16236 29208
15335 220
39582 11594
9131 5634
28721 43926
25216 30868
410 9131
28407 48127
23456 30592
10760 42233
23435 27549
41570 21435
42233 39191
38995 41570
45790 15150
14885 24523
5634 43324
22179 5291
22867 2502
27602 410
24102 33280
43469 27549
40513 20915
28721 37932
45797 15150
22179 30776
13489 48967
30592 9131
8746 45797
7781 48931
43926 40897
30868 48127
39474 2502
21252 48127
45790 48931
14885 10760
39582 26360
30868 29469
31713 14202
41039 2229
29469 42233
44587 28407
38150 1303
18909 48931
21435 40624
5291 30868
7635 46499
28407 23435
8183 42465
30592 7635
29208 14202
42155 8759
31713 20915
7781 8746
30776 28407
49517 23409
4087 268
2229 32626
30868 37669
48903 43324
220 7781
28407 7781
23456 220
1303 4087
31330 33280
26665 12807
36882 2486
38150 44256
26088 29208
21435 27416
45790 20672
33859 12564
42233 23961
2082 42822
25216 47065
43926 42822
13489 5464
43782 47065
23409 6004
42233 6004
2564 4519
2502 15034
2486 27416
1303 1783
15150 36882
39191 13843
48410 29469
48967 2486
14885 23435
38995 24523
21435 10760
14202 39191
43469 48903
29208 12564
39582 45733
220 16236
33859 23409
39474 12564
43912 33280
9131 3259
23435 45790
48410 8759
46499 2229
29208 1783
2564 45797
23937 15034
48410 24523
755 38150
45797 47065
48903 35038
33969 27412
21435 44587
6590 35163
45194 1783
268 13489
46499 25216
43324 44159
268 44587
14885 40513
23435 4731
8183 27412
31713 42465
27549 1303
32982 6590
42155 18909
42233 33969
43324 12564
22694 23435
44256 14202
46499 44256
27412 2564
21252 20750
43926 48127
49255 48931
220 22694
27412 43469
22694 14885
12564 46499
19642 43469
39444 9131
6004 41570
32982 12807
2082 2486
27602 26665
43912 20915
35038 21435
21435 23961
4519 31330
268 3259
43324 18065
18065 47065
24102 43469
2564 43782
27602 14202
16236 45790
27549 16171
9306 46499
8645 39444
27602 43926
15034 18139
24102 4731
21435 26665
7781 36882
13843 23937
31713 40513
15034 14202
13489 47065
14202 15034
32982 410
14202 15335
8746 26360
14885 49517
42233 26665
37932 33969
8183 25216
48931 9131
7781 32982
8183 38995
1783 21435
41039 4731
1783 6590
31330 43926
5634 29208
18139 22179
28407 25216
33280 43469
48127 23435
29208 40624
43926 1303
20672 8746
29208 8645
1303 1882
220 8645
28407 27412
6590 20672
10760 40513
19642 26665
41039 33859
44400 20750
14885 26360
44159 23409
9131 43926
45733 23456
9131 23937
15150 5464
31713 43912
21435 30776
42155 40513
1783 21252
41570 19642
1783 15150
23937 30868
28407 13843
45797 43912
27412 6004
20915 44159
45797 29469
2082 22694
30868 30776
45733 30592
16171 23937
23937 39474
48127 22694
38995 6590
27549 26665
755 48410
21252 25216
45194 2486
5291 33859
28407 10760
43912 29469
13843 23456
8746 20750
5291 49517
43782 44587
35163 45790
1303 27416
18065 4087
48127 2229
9306 755
32982 10760
2229 12564
44519 22179
23961 14885
39474 1882
7781 10760
41039 5464
40513 26360
29208 27602
23435 39582
30776 33859
48931 37932
410 28721
38995 5634
23937 25216
49517 8645
20750 22179
13843 16171
2229 13843
45194 46499
3259 14202
755 16236
20750 12564
31330 30868
43926 37932
22179 2564
44587 39191
1783 19642
39582 45790
5291 35163
16171 13489
22179 26665
36882 49517
44587 45797
1882 46499
14202 20915
36882 27412
8746 5464
40513 27416
8759 29469
7781 11594
20750 45790
23409 39191
49517 48127
48931 15150
27602 21435
41039 22694
33859 39582
7781 45733
35163 27416
14885 42465
25216 48931
2229 21252
43782 19642
23435 9131
36882 39191
43469 38150
31330 48903
15034 15150
18065 1303
45733 41039
45733 1303
40897 31713
37669 42465
43469 4519
43782 2564
15150 27416
49255 43782
44400 4519
38995 33859
1882 23937
31713 5291
41570 220
24102 1303
22867 18065
45733 27602
24102 20915
36882 20750
37932 15034
12807 14885
29469 5634
16171 41570
27412 48903
23456 29208
45797 48410
44159 7635
26360 44519
29208 32982
21435 4519
24523 33969
41570 44256
39582 4731
5464 42465
7635 18139
23456 27412
49255 9306
20915 4731
45194 43782
14885 45790
23937 24102
25216 23435
1783 45790
44159 2564
40513 11594
12807 19642
44256 22694
21252 33969
42155 33969
48967 18065
22179 22694
20915 7635
22694 23937
33280 39191
4087 2502
42822 43782
30868 8645
22867 37932
8645 9131
48931 45194
48410 15335
23456 24523
24102 39582
12807 48410
27549 755
22867 45733
42465 4087
2229 48903
220 40897
35163 44400
22179 6004
41570 44159
33859 49255
8746 24102
45790 25216
32626 25216
44587 6004
40513 1882
20672 28407
43324 43469
23435 39444
29208 26088
40624 15034
48967 33859
8746 39474
4731 18065
4087 26665
48127 32982
48931 26665
220 4731
5634 8183
22179 1882
18139 7781
14202 1783
42155 20750
27549 49517
33859 268
44256 39444
5464 4519
5634 29469
23961 38150
1303 30776
4731 26665
31330 40513
45797 39191
49255 18909
22867 43782
2082 36882
38150 31330
2486 48931
44256 20672
47065 32626
21252 49255
4731 2082
40897 2564
8645 31330
2502 41570
40513 8645
26360 2564
45733 39191
8759 43469
23456 26665
13843 45790
220 8183
39582 2502
8183 26088
12564 30592
268 39474
33280 15335
48967 268
11594 37669
1882 40624
4087 42155
44159 44519
27416 33280
38995 27412
43324 3259
45797 37669
26088 1783
4519 40513
40897 13489
28721 36882
18909 2229
3259 9306
6004 220
220 44519
40624 42233
2229 6590
22867 10760
12807 29208
39191 14202
27412 11594
755 33280
37932 49255
5634 44587
16171 48931
6004 39582
48967 2564
410 5464
27602 8746
45797 20915
43469 48127
41570 8746
44400 33969
48410 26360
1882 18139
1783 5291
21435 49517
45733 39444
44519 28721
37669 28407
44256 18139
48931 32626
40513 220
15335 44519
18065 29469
45797 42822
48967 5634
2082 40513
21435 26088
29208 32626
48903 11594
39444 21435
6004 10760
14202 24102
7635 42233
11594 42822
16236 1882
23961 2502
28721 26088
41570 32982
41570 42155
46499 2564
3259 21435
20750 37669
27549 15335
45733 22179
39474 6004
44159 44587
2229 19642
45797 18909
43912 48903
42465 24102
45194 11594
30592 31713
7781 30592
49255 2229
49255 23409
2486 3259
30592 45797
13489 39582
4087 41039
30776 49255
3259 48903
48410 49517
23409 27549
21252 22694
41570 27412
38150 47065
9131 30592
11594 7781
22694 2229
2486 18139
35038 46499
268 45797
44256 27416
45790 2502
38995 23937
6590 43469
44256 40897
28721 18909
5634 23937
24523 32982
10760 27416
19642 28721
410 16171
39582 43469
22179 21435
7781 21435
26665 7781
36882 5634
15335 38995
39191 45790
2564 8645
42465 49517
21435 19642
2486 8759
6004 39474
2564 8746
15335 24523
15335 31713
26088 6590
48967 42233
2486 15335
27416 23435
44256 41039
45790 13489
43912 31713
45797 48967
24102 16171
39474 27602
9306 40897
5291 15335
40513 30592
21252 20915
41570 14885
42233 42155
2082 18909
23435 268
2564 44400
43782 27602
39474 12807
37669 39474
45733 30776
29208 13489
15335 6590
44256 31713
41039 27416
44519 23937
8645 13489
42822 42155
28407 11594
28721 49517
44159 22694
43469 15335
220 43912
2486 15034
27416 5634
18139 3259
48127 33969
15335 11594
44256 47065
42155 39582
20915 18909
220 8746
3259 12564
33859 8183
24523 15335
18139 15034
40513 22867
31713 30592
48127 15034
39191 23409
44400 45733
37669 12564
28721 1783
22694 23456
8645 28407
20915 1303
20672 43324
23435 8746
2502 44400
15034 49517
24102 30776
8645 19642
45797 9131
48903 48931
48903 35163
24523 22179
9306 4087
13843 38150
4731 18909
31713 7635
35163 23937
4519 33969
23409 48931
4731 45733
45797 23435
31713 16171
220 27549
4519 22179
43469 35038
4731 27416
39191 45797
43912 23409
44587 18065
48127 43926
31713 2082
48903 42155
18909 39474
43782 4731
44587 33859
16236 2564
22694 24102
15335 24102
268 30868
27412 33969
36882 30868
39191 30868
2229 8645
11594 410
15150 44159
1303 29208
28721 20915
8759 20750
42822 21435
20915 13843
48967 27416
3259 23456
28407 48967
46499 13843
40624 44159
48967 7781
33969 40897
9131 13843
16236 45797
755 46499
9131 27602
44256 18909
45797 36882
6004 43912
45194 45733
8746 755
12807 44400
39474 26360
27416 30776
6004 23961
8183 40513
16236 44587
45797 5634
22867 268
20915 755
9131 27416
20750 16236
15034 22179
42155 21252
2502 45790
26360 39444
14202 45733
23456 2082
18065 45797
19642 42233
44159 48903
5464 48903
24523 15150
5634 22179
12564 4519
2564 14885
48127 18909
39191 27602
35038 1783
3259 11594
42822 220
27416 15034
2502 27416
22867 2082
28721 12807
38995 7781
4087 29469
11594 41039
19642 33859
39582 40897
42233 37669
45194 7781
30868 12564
18065 27549
18139 11594
22694 26665
31713 43469
49255 15335
31330 20672
18065 8183
42465 6004
5291 43926
39474 13843
38150 48931
49255 31330
43926 4087
22179 48127
27416 14202
14202 7781
9306 2564
4087 48127
12564 48127
45194 12564
6590 26088
9131 40624
45797 12564
2229 220
29208 1303
22694 23961
39582 48410
29469 7781
2564 21252
13489 16171
27549 43912
5634 18065
12807 2229
36882 10760
18909 27549
32626 18065
9306 1303
12564 33280
14202 22179
2502 20915
48410 220
42465 2564
22867 1783
39191 20915
42822 40513
21435 28407
26665 8183
43926 20672
4519 48931
13843 43926
26088 32982
18065 21252
1303 39474
48410 21252
45733 40513
7781 43782
33280 23409
23961 11594
49517 25216
27549 44400
7635 23961
45790 13843
7635 6004
19642 29469
24523 27602
18139 24523
6004 18909
6590 30592
3259 16171
4519 1882
18139 18065
44159 8183
41039 220
42465 16236
13489 15034
49255 40624
33280 49255
22179 33280
15335 12564
8759 26088
1783 31330
48127 20915
38995 42822
2486 268
42233 27602
14885 11594
4731 2229
15034 39474
220 47065
47065 26360
8645 42465
27549 38995
27549 48410
33859 44256
32626 31713
1882 48967
40513 15150
14885 9306
49517 15150
1783 33280
25216 30776
12807 5634
2486 24523
8746 40624
43469 47065
23435 2082
20915 8645
4519 20672
45733 22694
23961 44587
31330 29208
2486 44256
31330 35163
8645 25216
2564 26665
44519 40624
5634 44159
7635 31330
15335 41570
45790 40624
23961 43912
35163 410
42465 29469
37932 6590
2486 16171
44159 9131
44159 2486
27549 7635
29208 33859
33859 24102
26360 45790
42822 39474
23961 22867
48967 8759
28407 22694
18909 48903
8746 39191
39444 35038
44519 29469
40897 40513
14202 18065
20915 23937
39191 13489
35038 13489
42233 44159
43469 46499
8746 30592
31330 42822
2082 11594
15150 45790
1783 43926
26360 36882
40897 39474
35038 23961
36882 1783
43912 22867
220 36882
43912 35163
45797 40513
43324 4087
44519 30776
41570 36882
23961 8183
27412 41570
29208 44159
37932 48903
220 18909
22179 8759
29469 43324
23961 13843
1783 46499
25216 5291
27602 27412
9131 48931
48903 410
33859 45790
2229 39444
1303 10760
23409 4731
16236 22694
410 23409
47065 28407
15335 23456
46499 1303
32626 29469
45733 26665
27549 42233
268 33859
32982 20915
22694 8183
21252 9306
23961 1783
49517 21435
4087 220
18065 15034
8746 40897
41039 8645
41570 7635
38150 20915
32982 33969
39582 26088
8746 1303
7781 15034
20672 32626
39191 24102
5291 25216
10760 8645
32626 27602
18065 4731
43324 26088
21435 21252
31330 6590
26360 10760
2564 30776
1783 43469
8759 5291
42233 9131
10760 40897
43926 15034
26360 38150
4087 28407
6004 8183
22694 33859
15150 20750
21435 1882
20915 44400
23961 45797
44400 8746
26360 43782
30592 20672
22694 12807
39582 43324
15150 39444
8645 2564
25216 42155
7781 19642
12807 38150
49255 42233
39444 27416
43782 12564
27549 3259
43926 48931
15150 8183
220 22179
10760 31713
39191 43469
14885 8645
15034 26665
8759 2486
3259 18909
33280 2229
4731 268
40624 29469
40624 42465
21252 16236
46499 4731
1303 35163
44587 35163
4087 48903
44519 48127
48931 1882
43782 18139
26360 18139
9131 44256
43912 20672
31713 39474
23409 22694
18909 39582
26665 8645
48127 2486
13489 40624
1303 20750
49517 44587
220 755
39191 2564
268 29469
15034 30868
2082 8746
9131 15335
6590 44159
16171 2229
48903 20915
37669 16171
44256 8645
39582 1303
20750 4087
20672 48903
2502 5291
5634 26360
44256 13489
44159 16171
46499 26088
20672 37669
44159 16236
21252 22867
10760 3259
220 3259
48410 26088
410 40624
755 6590
39582 18909
1882 11594
27412 43324
28407 31330
26088 45194
33859 26665
12807 11594
45194 41570
39582 30776
33859 4731
46499 9306
15335 23409
14202 22867
5291 220
25216 44256
44256 15034
3259 43469
45790 48127
13843 39191
40897 27549
42233 16236
12564 37669
29469 2502
2564 31713
24102 42465
36882 13843
4087 8759
13843 2564
20915 26088
42822 5291
1783 44587
40513 23409
23409 32982
27602 4519
13843 410
43912 44256
5464 48410
20750 7635
18909 35163
33969 29469
48967 36882
43324 30868
40897 18065
43324 43912
1303 8759
39191 755
31330 28407
27549 4519
1882 43469
5464 42233
4519 35163
27549 27416
2486 26360
2082 24102
23435 24523
35038 48931
40624 37669
5634 49255
18139 31330
36882 39444
16171 23456
42822 8746
49517 23456
20750 38150
44587 41570
31330 21252
41570 755
15335 19642
26360 44159
8645 38995
1303 15150
18909 11594
21252 30868
43469 31330
30592 755
268 20672
33969 8645
4087 18139
27416 38995
44256 36882
18065 15335
23435 14202
22179 43782
8759 24523
48931 40513
21435 11594
38150 42465
44587 27412
30868 24523
2229 9131
2564 23961
22694 43782
23409 25216
45733 43324
42233 8183
38150 28407
42822 20750
22867 8183
48903 10760
41570 16236
43926 24523
39582 9131
15150 38150
24523 31713
40624 16236
21252 1783
11594 18139
14885 43324
26088 2229
43926 13843
22867 15335
2082 27602
20915 27412
12564 35163
7781 22179
27416 16236
39582 15150
21252 24102
26088 43912
21435 38150
8746 44519
1303 31713
2229 35038
48410 45194
21252 268
24523 268
48931 1303
2564 48903
48903 15034
42822 27602
23937 16236
40624 40513
48127 4087
18065 43912
41570 44587
5634 2486
1303 23409
41039 48903
49255 33280
33280 755
20672 23456
9131 5291
23456 18909
29469 48967
42465 26088
8746 4087
30776 48931
20750 29469
11594 4731
33280 23435
2564 47065
7781 4731
3259 25216
43926 30868
20915 15335
268 44159
30592 42822
14202 32982
410 49255
220 2486
12564 15335
12807 42822
11594 24523
28407 22179
30776 13489
13843 32982
22867 35163
45797 410
16171 28721
22179 4087
41570 27549
37932 23435
43912 30776
1303 40897
18065 38995
23937 24523
36882 45797
18909 1882
2229 15150
2486 40897
48127 32626
30776 43782
45194 5291
26360 49517
45797 20672
43324 22179
1882 26665
15150 15335
14885 220
39474 31713
8759 39582
16236 16171
24523 23961
24523 26360
32626 33859
39444 410
45790 4519
48931 42822
1882 2229
43912 44519
33280 35163
8759 8183
7781 28721
4519 27549
27549 2229
20915 20672
11594 43782
41570 48967
20750 45797
49255 37932
43324 268
5634 28407
5291 11594
38150 20750
40624 6590
30776 38995
22179 8746
22867 44159
10760 37669
10760 44256
45790 14885
43324 43926
39444 8759
45733 7635
22694 27412
2082 49255
21252 44400
37932 8645
12807 28721
6004 45194
1303 24102
43782 35038
27602 31713
43912 1303
43782 7781
41570 47065
44256 10760
4731 43926
43912 36882
39191 41570
44400 5291
31713 28407
23961 18065
43469 42465
48410 22179
18065 30592
38150 8183
48410 48931
410 27602
2502 33969
13843 26360
20750 12807
45790 32626
20672 30592
33859 48410
6004 1303
27602 32982
3259 2082
31330 47065
13489 38150
40624 39191
18065 37669
23937 13843
13843 35038
23435 44587
39582 42233
15150 30776
33969 48903
16236 15150
2229 15034
2082 5291
11594 42233
48127 42155
31330 18065
28407 43324
21435 39474
26360 30592
21252 2502
43926 32626
48410 23961
49255 48903
4087 5291
26088 44400
268 49517
42822 2229
22694 26360
26360 15034
4731 41039
30868 48410
4087 30868
24523 49255
2082 6004
23409 8746
5291 23456
43324 26360
4519 30868
48931 42233
43324 6590
18065 30776
26360 37932
35038 45797
27416 1303
4519 21435
42465 13489
32626 755
23409 48903
268 31713
18139 6004
30868 42233
43782 35163
12807 2502
3259 13843
23961 32982
1783 8746
37669 2229
13843 2486
6590 2229
14885 27549
23961 44159
24523 8183
31330 43324
1783 33969
22867 28407
43912 40513
40624 26360
43926 28721
220 12564
23435 14885
3259 48127
42155 7781
755 36882
27602 23409
35163 26088
8746 24523
25216 3259
13843 5634
16171 39474
22867 49255
11594 26665
27602 7781
2502 26665
42155 48127
38995 4087
410 22867
2486 27602
22867 39582
755 5634
32982 40624
13843 6004
23409 40897
43782 42822
2229 30868
30592 45733
755 45194
23435 35163
40624 27416
26088 42233
5634 32626
33969 39582
2082 5464
23409 38995
48410 27416
6590 39191
21435 5634
10760 43324
14202 29469
2502 48903
2229 18909
220 48903
28407 22867
18139 15335
6004 23409
8183 22179
43782 220
1303 23435
8759 220
24102 44519
18065 32982
27412 7781
410 9306
26360 48127
48903 43912
48967 23435
2502 12564
47065 27412
40624 28407
23961 29469
21252 4731
410 45194
30776 42465
220 27416
16236 49255
46499 40513
26665 10760
20672 39444
49517 14202
37932 5634
7781 2082
23456 49517
26665 45194
29208 23456
15335 42465
41039 23937
43324 2082
40624 39474
26360 45797
33280 35038
23961 2564
5291 31330
13843 9306
2082 28721
27412 755
18065 13489
39444 33280
15150 42155
38150 10760
12807 43926
18909 30592
48127 19642
9306 49517
44519 1303
23435 45733
39474 43912
42822 20672
44519 20672
8645 21435
18065 8645
6004 37669
42822 43912
37932 42155
18065 31713
22694 40624
29208 755
8645 4731
48903 37669
30868 47065
40624 10760
15335 23937
15034 42822
23937 38150
42233 23409
13843 39582
39474 47065
2502 44519
42465 7781
16171 9306
23435 5464
20672 44400
15150 26360
40513 45797
16236 220
8645 29469
43782 23409
20672 2502
9306 2229
29208 8183
29469 39191
18065 22179
39444 27412
32626 42822
40624 4519
8645 39474
39582 44159
7635 44256
22694 15335
2502 28407
220 31330
21252 18065
23435 30592
14202 30592
22179 46499
45790 42155
268 20750
28407 48903
27416 4731
15335 18139
10760 18139
39444 2486
4087 43782
27416 410
39191 41039
23409 35038
48931 23409
32982 29208
28407 12807
6590 45797
35163 33859
15150 268
23961 7781
42155 2486
44400 45797
5291 48127
6004 22694
12564 42155
48931 42155
30592 48931
47065 3259
25216 9131
33859 18139
26665 9306
39444 2502
20750 36882
8759 30592
26088 47065
22694 14202
12564 43912
38995 44519
2564 40624
49517 10760
33280 44159
25216 44519
45790 20915
43912 38995
29469 5291
16171 38995
33280 14202
16236 18909
43912 42822
15335 26360
30868 23456
45733 1882
38995 49255
45194 23961
8645 18139
4731 19642
28407 26088
25216 46499
49517 33280
43912 1783
33859 23961
1783 24102
27602 268
42465 1882
2082 23937
410 20672
5634 2229
4087 36882
44159 5291
20915 33969
45733 5464
8759 23409
8759 7781
6004 15034
21435 37932
1783 39444
30868 40897
755 28407
23409 4519
41039 32982
39474 21252
29469 15034
26360 21435
27416 2082
20672 9131
23435 23409
4731 35038
43469 1303
8183 28721
27549 10760
23409 7781
1882 36882
37932 23409
22179 32982
10760 45194
15034 23435
13489 220
49517 39474
37932 24523
41570 33280
1882 10760
18909 18139
42233 48967
36882 33280
2564 48967
2082 23435
2502 220
30776 16171
23456 27549
1783 45797
30592 26088
9306 30776
33280 31330
13843 23409
35038 23456
268 48127
18065 2082
2082 18139
3259 39444
43926 42465
4731 48967
27602 33969
410 6004
48127 44159
33969 12807
15034 268
40513 44256
43782 23961
25216 38995
40897 16171
268 48967
1783 38150
755 22179
45194 23409
30776 46499
39191 2502
12564 268
5464 18139
15034 15335
18065 8746
1303 2502
16171 27416
6004 30868
44256 35163
48127 15335
5464 15034
33280 6004
46499 26360
29208 7635
2082 21252
5634 4731
32982 35038
13843 46499
18139 28407
26360 27416
9131 18139
45733 44159
25216 43912
48967 2082
32626 7635
36882 18909
5634 48410
16236 5464
32626 44159
49255 15034
12564 18139
6590 8746
23937 14885
48967 410
39582 2229
410 2229
15335 8183
21252 8759
410 48931
26088 40624
7635 15034
32626 45797
16171 35163
26088 11594
13843 220
3259 755
32982 43912
22867 32982
2082 22867
39474 23456
36882 22179
44400 42822
22179 268
19642 2082
22867 1882
9306 37669
39444 23937
43926 9306
755 2486
32982 18909
45797 7781
7635 27412
9306 44587
45733 28721
20750 13489
4087 8746
44587 4731
20750 5464
12564 6590
16171 16236
44519 45733
30776 49517
39191 38150
44519 27416
43912 26088
23961 42155
32982 44587
48967 24102
13489 4519
28407 24102
42155 18065
9131 32626
31330 44587
42233 26360
26360 9306
39191 2229
23961 15335
45733 44519
22694 42465
33969 48967
7635 22694
21435 16236
2082 21435
3259 28721
220 49255
27412 39582
21252 43926
1783 30592
35163 21252
48903 2229
39474 20750
9306 39191
23961 23409
25216 21252
7635 5291
12807 44519
18065 22867
43324 32626
4087 37932
18139 40897
24102 37932
11594 43469
12807 4087
31330 29469
48903 4087
49517 2082
36882 23961
39582 24523
44159 37669
16236 32982
19642 40513
5634 8759
48410 44159
1783 44256
31330 24102
7781 20672
13843 48931
20915 35038
4519 43324
6590 15150
44587 21435
39191 22867
2486 22867
23456 20672
1783 39191
8746 37669
755 21252
27416 18139
410 48903
40624 22694
1783 27412
48903 45790
10760 38995
22867 8645
47065 21252
4087 30776
4087 48967
2486 1882
25216 1882
48410 39191
20750 26360
1882 45797
26088 410
4087 33969
27412 5634
24523 2502
22179 25216
44400 39474
22867 31713
42155 49517
16171 43912
42822 30776
28407 4731
1882 44256
3259 15150
45790 35038
12564 42233
9131 4519
14202 30776
29208 39474
22694 15034
26665 43324
12564 49517
48931 23435
4519 2502
27412 1882
36882 48410
42155 1303
32626 4731
21252 43324
44159 40897
44159 10760
42233 27416
43324 39444
30776 26088
20915 15034
48967 48903
12564 23456
48127 30868
45194 45797
24102 36882
38150 25216
48410 31330
13489 9306
45797 46499
27412 44519
18909 23435
42233 29208
39582 46499
26360 41039
5464 38150
48903 3259
19642 23937
13489 45194
44256 48903
39191 4519
42465 1303
43324 5291
45790 4731
13489 10760
18139 10760
32982 45194
44587 25216
42233 18065
45733 5291
5464 27602
23409 8183
40897 24102
6590 2082
2229 36882
39474 2229
26088 39582
39582 28721
48931 48967
11594 33280
7781 25216
18139 19642
30868 35038
15034 48410
44256 2564
35038 25216
43782 44159
33969 18909
40897 23456
27416 12564
1303 18909
21435 48410
18909 20915
43912 43469
48931 24523
2082 2564
15150 49255
20750 15150
21252 2564
47065 33280
6590 44400
43469 27412
41039 38995
25216 21435
13843 14202
24523 21435
45194 30592
30776 7781
39191 10760
38995 23961
41570 12564
40897 27412
5291 45194
9306 47065
10760 220
38995 755
27416 49255
43912 6004
12807 39474
15150 31713
1783 37932
45194 24523
15335 27602
27549 39474
32982 48931
1783 40897
13843 44587
2486 42233
43324 2486
20750 4731
47065 39444
44400 43782
20672 23435
26665 26088
6004 8746
1303 44159
29469 30776
2502 1783
5291 31713
14202 24523
48127 20750
4519 26360
44400 14885
3259 26088
15335 48410
35038 27602
45790 30592
29469 23409
35038 33280
4519 755
2229 43782
7635 410
40513 44400
2564 21435
755 10760
14885 14202
38150 48410
23937 44159
26088 45733
33280 3259
32982 8183
21252 35038
9306 18139
23409 18139
36882 40513
39444 8645
20672 45797
39474 27412
41570 45733
21435 41039
35038 1303
44400 3259
12807 24102
45194 7635
20672 3259
8645 37669
23961 35038
22867 3259
43324 23409
1882 49517
31713 37669
16236 49517
37932 4731
20915 1783
48127 7781
220 45797
37669 48967
29208 28721
7635 45797
22867 48127
24523 29208
44256 44400
4519 39474
48127 38150
4087 32982
42465 44400
42465 7635
30592 45790
30592 43469
2502 32626
43324 40624
23409 7635
45790 5464
42233 43912
38150 43912
49517 18909
9306 16171
24523 13489
32626 47065
7635 14885
39444 43912
30776 8759
32982 39474
6004 42233
27416 21435
28721 5634
2082 13489
39191 43782
45194 27602
23435 43926
25216 45194
2564 26088
30776 20672
2082 32982
7635 29208
42822 41039
4731 37932
5464 40897
39582 15034
3259 42155
45733 24102
39444 46499
44587 44159
31330 43782
30592 2229
45790 4087
49255 37669
14885 12564
28721 5464
39474 20672
19642 15335
44400 13843
42155 47065
48931 47065
4519 40624
22867 23435
22867 21252
38150 9306
755 19642
43469 20672
8746 4731
47065 2229
22179 48903
2486 2564
37669 45733
29469 40513
5464 4087
16236 8183
29208 48967
41039 44519
5634 4087
18909 755
9131 25216
39191 2486
48967 37932
8183 16171
4731 26088
27602 6004
5291 9131
1882 33859
4731 9306
15034 13489
48931 40624
15335 39474
15150 19642
13843 4731
19642 42465
16236 45733
23435 40897
42233 755
31330 45733
40624 5291
1882 27549
15335 15150
44587 18139
31330 11594
33969 43912
42822 37932
37669 28721
48410 42465
30592 48127
14885 5291
2229 1303
31330 4731
37932 12807
41039 46499
22867 39444
11594 24102
48903 31713
23435 45194
31330 18139
24102 12564
1882 42155
44256 42822
44159 755
18139 21252
23409 40513
48410 39474
45733 49517
42822 13489
26088 40513
49255 45733
26360 45194
29208 2502
28407 38150
2229 45797
39444 1882
42822 38150
45194 5464
39191 48931
42465 22867
48967 40513
9306 27416
49255 755
410 4731
3259 44400
2229 41039
5464 43469
16171 4519
43926 39191
20672 410
39444 44256
18909 45194
45790 23409
19642 39444
44400 33280
20672 42155
44256 26665
410 14885
23456 33969
8645 39582
5634 21435
410 35163
8183 48903
36882 8746
33859 2229
5634 45733
30868 35163
9306 45733
20672 39474
47065 12564
6590 41570
1882 49255
2564 33280
41570 11594
32626 13489
1882 13843
49255 23937
4519 32982
1303 39191
40624 18139
44256 4731
14202 1882
12807 20750
23409 43782
32982 43469
8645 14202
35038 45194
49255 42822
42155 9131
268 28407
15150 42465
26665 23961
44587 43324
43469 20750
47065 32982
28407 15034
49255 45797
27602 44587
35038 8645
5291 9306
4087 6004
23456 42822
23456 43782
9131 30776
1882 26088
47065 41039
49255 39474
41570 40513
268 23937
4087 39582
36882 31713
43782 10760
42233 35038
19642 12807
22867 14202
42465 44159
15034 2082
27549 48967
26360 26088
15150 45194
20750 2502
43324 8759
6004 38995
20915 8759
49255 45194
3259 48410
33969 6590
48410 40624
20750 41570
23456 29469
18139 25216
15150 39474
42465 27602
28407 41039
16171 44256
45733 1783
28721 7781
20672 5634
14202 31330
23409 12807
44587 42155
18909 37932
2229 33280
26665 20672
27416 40897
45790 48903
30592 2082
30592 42155
30592 38150
27416 45194
6590 13489
19642 38150
14202 15150
22179 38995
23409 5291
42155 14885
47065 37932
27549 220
32626 45194
23961 42465
8759 31713
33280 5464
23961 4087
33859 47065
33969 42465
30776 43926
23409 1303
44587 28721
26088 35163
5291 42233
44587 5464
2502 15150
19642 13843
40624 21252
27602 22179
37932 37669
23961 37669
44400 30592
40513 2486
43912 8759
48967 6590
20750 14885
19642 27602
40897 755
27412 46499
30776 27412
39474 30776
4731 12564
6004 16171
48903 8183
31330 35038
4731 29208
220 20672
41570 39582
9131 45733
8183 48410
38150 755
2502 46499
15335 33280
48903 27412
40624 22179
13843 43782
48967 23409
10760 755
8759 5464
13843 27412
26665 2486
43926 21252
30868 40513
48410 12564
48967 22179
20750 8183
9131 22694
2564 49517
23456 38995
16171 13843
22867 32626
31330 26088
41570 45194
44587 15335
43324 20750
14885 48127
30776 31713
31713 20750
39444 12807
44519 27412
31330 24523
4087 23456
13489 23937
23937 31713
9131 12807
39444 33859
30592 1303
37669 14885
46499 24102
5291 39444
2082 48931
38150 19642
23456 44400
8759 4731
27416 27549
5464 20750
11594 8183
22867 40624
9306 20672
23456 42233
13843 15150
45733 18139
9306 38150
26360 42822
7635 755
12564 29469
48410 5464
2229 7781
31330 14202
21435 18909
44159 20672
22179 42822
23961 8759
24523 28721
38150 20672
8746 8645
4519 45790
38995 48931
410 43912
38150 16236
48967 20672
23435 42233
22694 21252
40624 49517
42233 220
23937 36882
20750 45733
10760 18065
16171 12807
5464 2502
40513 43469
9306 26088
33280 43782
44159 41039
31713 48127
8746 6004
16171 23409
33859 40513
45790 26088
5291 23961
20672 21435
9306 14202
4731 10760
22694 37669
30776 21435
8645 40897
41039 22179
32982 32626
2502 410
47065 26088
24523 9306
29469 26088
48931 45733
8759 13489
2502 16236
40897 2082
13489 8645
27416 7635
4731 30868
39582 4519
27412 12807
48903 22694
23456 23409
31330 22867
15034 39444
4731 20750
35038 39444
41039 33280
30592 18139
45797 28721
27602 4731
38150 46499
43926 38995
10760 44587
2229 8183
39474 268
2486 33859
12564 40624
48410 23937
28721 33969
44519 43324
2564 4731
39582 48903
12564 45790
20672 25216
29208 37932
44519 12564
45733 42155
45797 22179
49517 22867
7635 20915
44587 14885
27549 33280
19642 26088
23435 46499
44587 8746
48127 33280
49517 27549
31330 10760
5634 45797
16236 21252
48967 1303
48931 5291
37669 35163
35163 43912
9131 14885
47065 38150
33859 1882
755 21435
7635 8759
46499 20672
6590 41039
755 44159
8746 39444
16171 14885
39444 6590
43324 44519
2486 44587
15150 35038
14885 5634
29469 37669
38150 15335
48967 39582
23456 15150
15335 2564
1783 4087
44519 21252
13843 42465
23456 9306
268 43324
33280 37932
26360 40624
30868 268
49517 41570
2229 45194
21435 15335
16171 23435
43782 1882
4519 410
5291 48410
48410 43912
410 33859
18139 41039
25216 39444
8183 33280
23456 33859
8746 37932
28721 44519
48903 24102
1882 2502
48903 18139
14885 44256
38150 24523
4731 3259
28407 2564
42155 8645
13489 27549
41570 30776
9131 16236
28407 49517
2502 40624
35163 18139
44519 24102
2564 31330
220 43469
14885 49255
40624 44587
5464 49517
33859 49517
26360 31713
20672 18065
15335 22179
10760 1882
39582 33859
29469 45797
24523 39474
46499 16171
43912 2486
16236 2082
32626 8645
31330 41039
37932 2486
25216 44400
42233 22867
39191 16236
24523 43912
35038 22694
38150 40897
4731 44519
8746 45194
45733 44256
2082 39474
23409 33969
4519 44159
43926 42155
24102 2564
6590 33280
43469 2082
27549 12564
6004 4731
45790 45797
1882 14202
35038 43782
24523 3259
42822 42233
2082 48410
24523 10760
19642 48967
44587 29208
9131 11594
2502 22694
43912 12564
21252 39474
2564 22867
37932 33280
21252 40513
30868 18139
8759 33969
47065 48931
23409 9306
45733 268
268 42465
13843 2082
14885 9131
44400 2486
12807 21252
43926 268
44519 19642
30592 8759
25216 29208
16236 28721
29208 25216
28721 1303
39444 30776
1882 20915
35163 38995
30776 24102
42155 41039
44400 39191
42465 8746
42822 21252
28407 20915
45194 43324
16236 27416
42233 1783
41570 23456
40513 40897
18065 7781
2229 44400
26088 38150
27602 20915
32626 1303
23435 1783
15034 9306
42465 42155
43912 40624
755 268
35163 25216
43324 16236
28407 39474
13489 35163
31713 15335
10760 20672
268 4519
48127 7635
37669 18909
42822 2082
36882 45790
48410 268
1783 18065
32982 15335
30776 4731
2564 39582
22694 1303
42465 16171
44587 2502
23409 46499
29208 15034
22694 21435
28721 13489
27602 26088
7781 45797
38150 42155
29208 26665
4731 36882
29208 18909
45790 45194
410 24102
35038 410
39474 18065
32626 4519
31330 15150
48127 8746
7635 3259
30592 39444
15034 7635
2564 22694
14202 49255
39474 37669
31330 25216
2486 26088
22179 37932
7781 29469
24102 41039
33280 13843
43926 13489
2502 5634
755 20672
46499 15034
27416 37932
39474 11594
38995 41039
9131 410
45733 8759
31330 12807
268 36882
33969 14885
30592 42233
48931 43926
42822 6004
2502 15335
48410 5291
12564 21435
14885 1783
4731 220
26360 4731
15034 44400
3259 32982
2486 37932
39474 27549
13489 27602
8645 22694
13489 46499
8746 28407
33280 1882
44519 31330
39444 31713
21252 18139
45194 220
39474 48931
49517 7781
26665 41570
28721 22867
6004 33859
39191 4731
33859 26360
22867 30776
33859 3259
1882 33969
7635 43912
9131 45790
5291 38995
41039 20915
22867 37669
48903 9306
40513 46499
268 5464
27602 12564
49255 26665
23435 15335
35038 14885
23409 21435
19642 30776
33969 16236
23961 21435
1882 9306
32982 16171
8759 14202
16171 1303
23456 41570
43782 11594
35038 39191
11594 16236
38995 46499
7781 44256
39474 2564
410 48127
35038 44519
9131 23456
13843 2229
38150 31713
41570 39444
1882 25216
2502 35163
12807 46499
35038 16171
755 11594
16171 36882
22179 47065
39582 21435
14885 2082
8746 15034
18065 3259
6004 48410
9131 18065
22694 2486
2502 21435
22694 40897
8746 42155
15034 18065
4519 49255
44587 39474
26665 45797
43324 1303
14202 48410
42155 21435
43469 45733
23961 6004
23961 2229
5634 39474
26360 33859
5464 43912
42465 21252
11594 3259
30776 13843
29208 39444
23409 755
36882 35163
29469 13489
8746 18139
42822 5464
1303 20915
31713 410
30592 2486
4731 42822
44587 45194
22179 1783
42822 8645
2564 25216
1882 22867
36882 39582
27412 20750
40897 8759
45790 39191
40624 7781
45797 21435
42822 24523
6004 48127
20915 2082
41039 48967
20672 44159
43782 28407
24523 18909
42465 23937
220 21252
45733 43782
2486 15150
33859 220
22867 22179
45194 31713
46499 36882
42465 14885
9306 6004
43912 26360
39444 24523
5634 268
18139 44159
42822 16236
39582 29469
2486 20672
14202 20750
14202 40624
2486 21435
23435 4519
49255 5464
25216 45790
22179 14885
23961 43469
15335 25216
28407 44159
15034 22867
13489 23409
6004 12564
2502 38995
43926 220
27412 7635
2564 10760
5291 755
9131 43782
18909 45733
36882 27549
12807 28407
18065 410
2486 33280
26088 43926
14202 13489
36882 25216
38150 40624
26088 6004
13843 15034
45797 4519
28721 24523
35038 6590
23409 8759
45790 18909
6590 13843
9131 6590
42465 1783
29469 22694
27416 3259
16171 45790
8645 1303
27602 39191
8746 21435
35038 9131
4087 43324
49517 31330
42155 37669
45733 21435
38995 32626
410 24523
48127 35038
8746 43469
19642 35163
15034 25216
2486 38150
21435 13489
27602 2502
43912 2082
42822 14885
48410 35163
4731 5634
23435 18065
39474 39444
27416 32982
4731 1882
4519 24102
40897 9306
38995 12807
26665 31713
2082 20915
29469 27602
8645 44587
268 24523
44519 11594
25216 32626
49255 38150
33969 31713
268 35038
44159 20915
23435 26360
4519 41039
2229 18065
30868 42155
31330 1303
11594 15034
18909 47065
6004 30592
5291 41570
29208 40897
20672 7781
13843 22694
19642 4087
15034 44159
4087 45797
11594 4087
23961 48127
48127 12807
13489 35038
30592 15150
31713 8759
10760 30776
44587 45733
1882 44587
28721 44400
18065 43926
8645 47065
18139 27549
31713 20672
42155 18139
4731 32626
2082 15150
30592 21435
23435 41570
29469 45733
29208 23435
38150 1882
14202 38995
39191 15335
22867 33280
43469 8746
2564 27416
9131 2229
48903 26665
36882 5464
7635 36882
33859 30868
31713 49517
16236 7635
39474 29208
46499 42465
45733 33969
23937 48903
4519 15150
30592 41570
14202 42465
44519 46499
6004 43324
45797 8183
43469 42822
12807 31330
37669 5291
28407 1783
45194 2082
28407 5634
30776 4519
9131 30868
24102 3259
8645 23456
45733 33280
43324 46499
21435 47065
35038 18139
22694 48410
2082 8759
43324 45733
47065 15150
31330 15335
41039 37669
40624 38995
43324 24102
35163 18909
49517 2564
5464 27549
48127 18139
26360 39582
28721 27602
11594 6590
22694 5291
41039 755
26360 44400
27602 28721
18139 2082
2486 8183
47065 2486
39582 755
26360 22867
14885 18139
44400 40897
29469 39582
14202 46499
49255 44159
30868 6590
27412 21435
44400 27416
28721 6590
27416 44587
29208 268
5464 30776
18065 44159
37932 40624
15034 31713
42822 37669
23435 16236
14885 37932
43912 21252
45790 18139
26665 18139
4087 25216
25216 49255
42822 35163
42822 1783
35163 39444
9131 48903
20750 48127
13489 42233
43469 6004
47065 8183
6004 13489
22694 48127
46499 19642
12564 32982
46499 11594
18139 7635
44256 33969
42233 2502
8645 16171
23456 48931
48967 20915
14202 45790
39474 33859
42233 43926
410 26088
8183 2082
9131 43912
2486 10760
30592 15335
12564 15150
26088 9131
49517 26665
27416 10760
3259 42233
19642 22867
43926 24102
28721 39582
10760 29208
20750 39474
39582 21252
36882 12564
24523 40897
8183 37932
268 7781
37932 8759
13489 42822
24523 38150
36882 32982
32626 29208
45797 19642
31713 268
8183 18065
8645 27602
33969 46499
35163 8645
16171 26665
20915 36882
27412 44400
28721 39474
45733 44587
20672 45733
5634 1303
42155 410
12564 12807
44587 46499
30592 33280
11594 1303
40897 30776
40897 48410
48931 27549
14202 13843
48903 23409
7781 44519
43926 29469
8746 42233
49517 14885
9131 12564
2502 8746
2082 42233
28407 44256
44400 24102
