1920
23135 4780
46923 24475
12379 13863
35828 15728
37895 35828
9672 24475
45447 12537
9425 42030
46923 4780
18311 23135
6142 4780
42131 38446
299 27941
9425 12379
35383 299
28572 11949
19306 6142
38293 4394
14927 42030
36717 39129
14976 43200
6904 41897
39990 23492
14927 46923
19306 37686
12379 4621
9672 34765
37686 26037
46249 40866
19306 38293
37686 22280
43530 4131
4394 40866
46249 26518
40993 40866
45657 26518
49660 13397
5089 18541
4621 23492
5763 26037
46819 38794
11949 3965
15711 24475
43200 39740
13397 38794
4516 4621
15528 22280
22280 25641
35562 26528
45447 9672
5763 42030
43200 36717
49577 46819
18311 49660
9672 19306
35383 36717
9672 14927
19306 48758
22280 46249
38794 10057
34765 4780
14172 13863
37686 5763
40993 3965
3477 26528
34765 36717
9672 13397
8983 9672
22717 34956
12379 48780
5089 6142
1939 26037
8983 26518
45497 22717
38446 5089
28249 46819
27941 26518
48780 13397
1939 24107
48758 3477
41897 30979
39740 49360
24107 41897
5089 19007
42030 3965
28572 34956
6142 15667
19007 6142
38794 36717
44522 2733
22280 34956
3075 25641
39129 9424
45447 46819
38293 931
4621 46923
15632 27941
25641 2511
10129 18311
9672 9424
43200 12537
22361 39740
30979 45447
37686 25641
4516 299
4621 4131
22361 6904
15632 12537
37448 19306
39129 34956
3477 32406
5089 18311
49577 34956
18311 48780
11949 32406
22717 46923
42131 48780
39740 28572
1939 49577
45339 5089
37448 42030
25641 45497
2511 36717
39740 299
5568 4516
12537 299
26037 46923
12379 48758
15667 4516
14172 40866
6142 30979
2939 26528
32406 15667
46249 5568
43200 40993
3965 31626
43472 1939
44522 3965
35828 10129
1939 2733
26518 16820
38794 38293
299 37448
15711 29695
8983 24475
10129 18541
5089 45657
45657 14172
22280 43530
26037 22280
31626 24475
45497 45657
12537 12379
15711 23492
29695 13863
46381 45497
39740 1939
4131 10129
45657 32406
46923 42030
42030 10057
29695 38446
5568 3477
28249 9425
49577 26518
31626 49360
45657 931
39129 42030
22280 6142
15728 38446
38293 32406
29016 26528
18311 35828
29016 48780
3965 49660
931 24475
38446 24475
27941 45657
35562 49360
4621 26518
37895 1939
42131 2511
2939 299
37448 6904
4516 34956
38293 34956
26528 19306
43472 43530
13863 2511
9424 46819
28572 49660
35562 11949
45339 12537
4621 15528
14172 49360
9672 4131
37895 42030
48758 6904
43530 22361
39740 2939
12379 15728
26528 4131
40866 10057
11949 40993
31626 42030
14927 24107
32406 42131
31626 46381
29016 6904
37448 26518
4516 11949
36717 45339
18311 32406
22361 30979
5089 9424
10057 26518
48780 13863
35562 25641
45657 46381
48758 15528
26037 49660
42030 29695
9672 22717
16820 35828
6142 26528
6904 38446
4621 39740
49660 18541
39129 35383
34956 34765
40866 43200
22717 5763
37686 40866
299 49577
13397 18311
48780 26037
1939 9672
49360 22717
15528 3075
23492 49577
18311 2511
5763 38794
37686 35562
1939 28572
37448 9424
28572 32406
37448 2733
38446 15667
49360 15711
37895 6142
41897 4394
34956 9425
37895 39129
9425 18311
41897 299
14976 14172
45497 48758
299 2733
10057 4516
15528 15711
22717 10129
2511 15728
46381 28572
48780 4516
31626 49660
8983 2511
31626 11949
48758 42131
4516 39740
31626 38446
6142 12537
4780 10057
38794 49660
46923 3965
4780 45339
9425 43200
35562 37686
18541 22717
32406 12537
38446 18311
37448 12537
49360 37448
3075 4516
36717 35383
931 22361
35383 19306
24107 2733
48758 23135
45447 16820
38293 34765
45447 4516
28572 6904
15632 13863
10129 9424
29016 22280
34765 35383
36717 2939
3075 15528
10057 42030
40866 31626
4780 12379
1939 49660
45447 31626
5568 5089
2939 38794
1939 16820
36717 13863
37686 38794
34956 4394
25641 34765
5763 34765
13397 43200
42131 18541
10129 38794
40993 18311
41897 32406
42030 45497
12379 6904
5763 12537
40866 26037
2733 37448
29695 37895
46381 34956
26528 5763
23135 24475
13397 41897
38794 15667
14927 23135
31626 37448
5568 3075
12379 9424
35562 45497
15728 35562
12537 40866
4516 22361
2939 49360
28249 40993
12379 14927
37686 48758
29016 26037
48780 28249
35828 42030
22361 26037
9425 43472
14976 12537
13863 10057
4131 9425
16820 45497
4394 9672
4516 41897
46819 28249
4621 44522
46819 42030
15711 42030
24107 10057
45657 40993
43200 1939
48780 23492
14927 5763
29695 14927
46923 14172
5568 4780
25641 11949
42030 15632
29695 26528
13397 35562
2511 22361
40993 24475
37686 43200
2939 45339
46819 22717
45657 48780
12379 44522
2511 40993
32406 34765
35383 24475
40993 48780
39990 48758
38446 2939
37686 19306
39990 18311
1939 4780
18541 12537
34765 42131
27941 49577
4621 4780
24107 45657
38794 11949
40866 37686
12379 931
46923 26518
37686 29695
38446 931
25641 9672
35383 4394
37895 9425
43200 43530
23492 45657
42131 15711
18311 15728
43200 39129
6904 34956
49577 14172
28249 40866
39740 6904
2939 19007
42131 9424
36717 15667
40993 23492
26518 2939
19306 4780
4780 25641
46249 38293
6142 2939
40993 26518
12379 28572
24475 40993
23492 5568
44522 22280
9425 13863
46819 38293
23492 46819
34956 14976
26528 4780
26037 46249
9424 12537
2511 299
40866 32406
38293 10129
44522 48780
24107 46923
37686 9672
48758 34956
35383 46381
25641 4131
45447 46381
45657 38293
15667 38293
45447 35828
37895 43200
37448 15667
2511 41897
12379 45497
10129 28249
24107 32406
18541 45447
28249 23135
46381 38446
4131 11949
14927 11949
24475 37448
34956 2511
4394 15667
26518 45447
40993 14927
48780 15711
48758 24107
15528 23135
49660 16820
2733 23135
43472 45657
26528 29695
35562 9425
43200 6904
2511 15632
13863 14927
3965 26037
23492 31626
35383 12537
34765 39990
38794 35383
931 29016
29695 5568
14172 10057
36717 45497
9425 37448
37448 37895
28572 28249
1939 10129
4621 48758
43472 49577
49660 39129
10057 9424
40866 28572
15728 29695
4621 29695
18541 26037
13397 14172
4394 37895
38794 40866
3477 18541
38794 29016
35383 31626
5568 49577
40993 22361
34956 13863
12379 18541
9672 4516
43530 39740
45339 41897
45497 15528
15632 931
23492 46249
31626 3477
40993 10129
22717 18311
38446 6904
49660 45447
42131 39990
48758 35828
11949 16820
9672 46819
10057 19306
39990 15667
22361 14976
43200 4780
6142 40993
23135 19007
46381 5089
4394 25641
49660 48780
46819 40993
42030 44522
48758 37448
13863 19007
4394 28249
2733 45339
27941 15528
5763 39740
23135 931
35828 15711
6142 1939
3965 9672
16820 9672
26518 3075
39129 35562
37448 4516
6142 38794
5568 26037
45497 44522
5763 34956
37895 15528
15528 4780
37895 25641
3477 37448
299 35828
18541 39129
46249 12379
28572 14976
16820 11949
3477 48780
43200 931
42030 40866
31626 14172
46819 34765
45339 39740
28572 26037
14172 43472
12379 24475
3965 11949
39990 5089
24107 10129
15711 4621
43530 9672
37895 24107
48780 2511
39990 28572
6904 35562
26528 48758
39129 37895
4780 43200
931 35383
28249 38446
22717 4131
13397 5763
15667 19306
15528 9672
40866 15528
45339 29695
46923 42131
2733 38794
18541 15632
18311 45657
36717 37448
42030 19007
35828 44522
44522 26518
24475 37895
37448 40993
39129 10129
27941 931
29016 39990
5763 24107
38446 9425
43530 41897
45339 23135
4621 5568
39740 3965
46249 28249
299 12379
19007 37686
46249 31626
29695 38794
45657 3477
46923 48780
6142 24107
12537 6142
2733 15711
24107 37448
46923 9425
18541 23135
28572 12379
39990 9424
12537 9425
4394 18541
32406 49360
10057 24107
39129 31626
37895 8983
22280 24475
6142 15728
4780 14172
46923 26037
2939 28572
26518 39740
42030 15728
15667 24107
2939 38446
19306 5568
23135 15667
29016 19306
14927 6142
9425 49360
5089 40866
41897 14172
43472 3965
5763 43472
4131 40993
26037 37686
34956 45339
2511 37686
8983 27941
35828 46819
28572 4621
36717 8983
48780 43472
12537 19306
18311 6904
14927 3477
931 10129
49577 25641
23492 4516
6904 19007
35562 13397
18311 41897
49360 43200
27941 39740
13397 6142
40993 2733
28572 18541
22280 41897
5089 39990
49577 45447
15667 23135
3965 35383
5763 6904
40993 14172
45657 43472
37686 27941
27941 2939
4394 28572
35383 42030
299 23492
46923 37895
23135 34765
43472 29695
42030 4131
19007 34956
6142 12379
49660 37448
2511 26518
12379 2511
46819 32406
46381 14172
46923 16820
13863 24475
2733 45657
15711 43472
2939 4394
44522 1939
18311 45497
35383 4131
22717 4780
2939 39129
26528 32406
38293 43200
5568 49360
15528 5568
22361 40866
15528 45657
15667 3075
15528 4394
26037 29016
24107 28572
299 4621
43472 37895
40993 27941
46819 2511
10057 49577
12537 10129
49660 46381
15528 931
22280 3075
46923 15667
13863 43530
2511 48758
42131 29695
38794 43200
28572 5763
35562 38446
4131 15667
30979 49660
23492 29016
11949 12379
46381 35383
36717 10057
13397 3075
26518 42131
41897 4780
37895 48780
2939 46819
30979 2939
14976 24475
43530 35383
38293 14927
46381 3477
26037 38794
26518 4780
49577 1939
9425 48758
8983 49660
41897 12537
35828 24475
15728 2939
26037 19007
45497 23492
48780 37448
39740 26037
19007 34765
45657 23492
4516 4780
26518 26528
45339 22361
26037 22361
32406 29016
22361 9672
3075 19306
3477 45447
10057 12537
46249 6904
29016 15632
29016 49577
22361 5089
18311 16820
30979 24107
37686 12537
9424 5568
13863 9424
48758 4621
15728 24107
23135 26528
38293 11949
5568 39129
4780 2939
13397 45447
9425 6904
28572 29016
40866 4394
4131 19306
9424 46249
46381 39990
36717 25641
2939 12379
19306 46381
34765 3477
26037 25641
35562 3075
30979 46923
35828 48780
44522 37895
40993 31626
43472 9424
15667 4621
5763 24475
31626 41897
27941 34956
44522 15528
18311 14172
35562 28572
26518 18541
4131 6904
4394 16820
4516 5763
32406 14976
5568 44522
16820 15632
13397 299
40993 48758
26528 2733
299 31626
5763 2511
23135 28572
5568 9672
4516 45447
45657 27941
15528 40993
11949 15711
40993 5089
28249 35383
42131 2733
12537 29695
46249 3965
24107 6904
24107 38293
23135 16820
43530 38794
40993 45657
4780 26518
37448 46381
35828 3477
3477 38293
15711 38293
35383 26528
14927 4394
49360 23135
44522 299
10057 15711
15667 40993
931 39740
15632 5763
43472 32406
38794 38446
29695 24475
2511 23135
28572 38794
35383 38293
37895 2511
45497 37448
931 6904
45447 29016
2939 35562
43530 44522
39129 15632
12537 45339
42030 6904
39740 15667
31626 45497
6904 14927
28572 29695
9425 8983
4621 34765
29695 38293
38446 42030
11949 9672
29695 4131
29016 3075
14976 34765
12379 14172
2733 28572
42131 23135
44522 5763
30979 3075
40866 43530
26518 6904
931 10057
26528 38293
9425 46819
4394 5763
4780 27941
29016 38293
5763 32406
46381 2511
4780 12537
2733 26518
26037 19306
8983 4621
30979 10057
36717 45657
37686 13397
4780 43472
4780 39129
3477 29016
299 18541
39990 6142
3965 37448
28249 32406
12379 38293
15528 34765
5089 38446
45657 43530
19007 22361
38293 16820
4621 42030
30979 46381
44522 46819
46923 9672
40866 15667
26518 4516
19007 3477
45447 19007
12537 24475
26528 3965
49577 42030
3075 42030
4780 15632
48780 45339
5089 39740
3075 35383
41897 40993
16820 299
10057 30979
46923 46249
46249 29016
12379 45657
35562 40866
41897 8983
45497 49577
34956 29695
34765 5763
46819 42131
26037 9425
41897 26528
5763 16820
18311 38794
48758 10129
28572 38293
35383 34765
15728 36717
16820 4621
38446 35383
45657 15711
22361 4516
26518 36717
2939 23492
2511 4621
9425 4621
46249 39990
26528 45497
12379 24107
12537 32406
35562 48780
9425 4394
18541 43530
2733 15667
3965 2939
26037 4394
27941 4394
38794 10129
23492 13863
42131 4131
35383 931
38794 37448
299 12537
46923 46819
9672 40993
15528 1939
45447 1939
43472 10057
15728 22717
48758 29016
14976 38794
46923 10057
9425 26518
43530 43200
35828 28572
4780 45497
5089 2733
16820 43530
5763 45497
18541 38446
5763 4621
11949 35562
8983 9425
14976 19007
11949 14976
4780 2511
37895 29016
45497 9425
34765 28572
299 19306
48758 13863
13863 43472
3477 16820
19306 13397
26037 10129
46249 9425
1939 15528
15528 42131
40993 2939
46923 15728
22717 36717
48780 38293
46923 43472
24475 299
37448 44522
45447 35562
43530 49660
22280 37448
23135 46819
4394 39990
15667 15728
931 299
3965 22361
26528 14927
42030 35383
10129 37895
5763 18311
46381 25641
18541 29695
14927 10129
45447 44522
22280 15632
37448 48758
11949 22280
4394 30979
8983 46819
34956 15711
22280 39129
12379 28249
5763 26528
26037 49360
49360 31626
39740 12537
22717 18541
27941 26037
35828 28249
36717 22361
45339 39129
4621 4516
45339 49360
49660 24475
44522 3075
42131 46819
9672 3965
35383 6904
49577 5089
30979 5568
5763 4394
3965 9425
12537 46923
5763 13863
25641 5763
35383 3965
41897 48780
39740 49577
36717 12379
49577 35828
45447 34765
4780 29695
11949 19007
39129 5089
1939 29695
15728 19007
39990 24107
32406 3075
14927 28572
3477 40993
34765 2939
45497 5763
18311 46923
49360 26037
38446 12379
32406 931
14172 35828
1939 5568
43530 48780
6142 8983
12537 2733
31626 299
34765 10057
43530 34765
34765 48758
2733 11949
36717 11949
22717 23135
14976 42030
39990 3477
44522 8983
41897 15632
13397 45497
12537 22361
18311 30979
48780 26528
34765 46819
34765 45339
15528 37686
4394 44522
26528 14172
13863 29695
28572 25641
4621 16820
4780 15667
42030 931
43472 15632
13397 15632
48758 26037
12537 48780
39990 8983
299 48780
2939 43472
26528 36717
38446 46249
38794 9425
13863 42030
29016 9672
26037 23135
28249 13397
43530 5568
35828 43530
49577 38293
42030 13863
26528 45339
5763 37448
46923 49577
39129 2939
11949 37686
45657 18541
22717 37895
6904 46923
19007 5089
45497 31626
8983 38794
34956 45447
5568 45339
38794 15711
45447 43472
46249 10129
27941 299
10129 42131
12537 5763
3075 44522
31626 3075
15728 5763
10129 26528
45657 19007
49660 44522
45339 49660
4780 4394
14927 15632
48758 39990
37448 22280
9424 18541
299 3477
35383 43530
39129 5763
43530 5089
3477 43200
37686 4394
48758 4780
3965 43530
14976 2733
15528 4516
4131 4516
19007 14976
39740 45339
39990 4621
29016 11949
26037 5568
14976 15632
26528 28249
23492 9424
31626 35828
44522 6142
5763 39129
36717 23135
6142 15632
42131 40866
48758 22361
43472 11949
49660 18311
37448 45657
32406 43472
24107 37895
12379 49577
37686 3075
36717 43472
24107 37686
45447 49660
43472 15667
4780 49660
13397 2511
35383 2733
9424 45497
15711 39129
24107 22280
37895 39990
34956 299
38293 13397
43472 22361
12379 38794
4394 41897
5089 26518
45339 9672
19007 8983
4780 48758
14976 40866
27941 49360
19306 4621
22280 38446
10057 4394
19007 38446
13863 32406
299 10057
3075 45657
10057 49360
4780 49360
9425 10057
11949 39740
38293 26037
49360 49577
5568 2511
14172 25641
38446 4780
3075 4131
28249 43200
15632 15728
9672 49577
35562 36717
5568 22361
3477 44522
23492 3075
40866 45497
10129 22361
45447 45339
3075 43200
31626 14976
43200 23492
9672 6142
3965 49577
32406 9425
14172 23492
18541 23492
9672 43200
43472 14927
48758 299
22361 49360
29695 6142
48780 26518
28572 15667
5763 30979
4394 4516
44522 23492
2733 5568
45657 2511
25641 38794
46249 16820
39129 46249
35828 37895
24107 4621
24475 15667
9425 5763
2733 35562
43530 19007
16820 24475
12537 16820
15632 38293
25641 43530
12537 15632
22361 26518
3075 39740
28249 22361
15711 14927
27941 15711
2733 22717
45339 10129
43530 45339
3477 15632
3477 2511
15667 42030
40993 37895
45497 34956
19306 34956
4621 4394
49660 5763
28249 23492
10057 35828
22280 19306
4621 5763
16820 13397
37448 27941
39990 43530
26037 13397
45339 15728
12537 35828
15667 18541
42131 23492
35562 4621
43530 6142
5763 13397
40993 42030
3965 23492
6142 18541
12379 49660
41897 45447
4131 3075
5568 28572
37686 42030
46923 38794
40993 38794
37686 35383
4780 31626
12379 19007
5568 27941
15667 5568
36717 32406
5089 41897
29016 35562
299 19007
24475 45657
49360 28572
34765 23135
41897 15728
38794 2939
22280 39990
39129 26037
5089 23135
39740 9672
49577 11949
39990 44522
26518 45657
30979 48758
49660 38446
1939 15711
2939 31626
18311 4780
49577 4780
1939 46249
40866 38293
35562 9424
15667 28572
13863 19306
10129 29016
43472 15711
15711 931
2511 38446
4780 39740
28572 22361
27941 34765
37895 26037
5763 40866
49577 29695
36717 931
28249 15528
26528 9425
12379 8983
9672 18541
49577 49660
5568 299
42030 9672
13397 38293
15711 13397
9424 19007
23135 49660
14927 2511
4780 23492
29016 35383
5089 23492
4131 38293
9424 36717
19007 18311
1939 43530
25641 36717
11949 42030
9425 3075
39740 19306
4131 9672
4621 12379
9424 35562
19007 13863
26528 25641
15667 23492
4621 49360
45339 30979
40866 299
48758 4516
13863 35383
37448 299
27941 5763
22717 42131
32406 23492
45497 2511
11949 28572
27941 35562
9672 8983
40993 38293
15667 34956
39129 49360
3477 19007
46819 11949
15632 18311
42131 45447
43200 4394
18311 28249
9424 38293
48758 43530
48758 9425
29016 38794
9424 24107
35562 2939
14172 3477
48780 41897
24475 32406
23135 45497
3477 37686
39129 34765
49360 2733
25641 37448
49360 42030
2511 9424
48758 41897
5763 44522
19007 45497
2733 4621
43472 19306
22361 49660
4394 13397
5568 45447
931 32406
28249 6142
37448 15711
38794 13397
45447 13863
29695 931
27941 6904
14976 2939
42030 16820
10129 32406
4394 10129
2511 27941
31626 49577
1939 19007
15632 45339
49360 6142
48780 43530
2939 5089
26037 41897
3477 4516
38446 6142
19306 25641
23492 18311
46923 25641
22280 14172
11949 2511
45497 14927
4516 38293
16820 15728
42131 15632
9424 15632
9424 39740
28249 25641
14976 44522
2733 30979
5089 9672
4621 14172
28572 44522
39129 14976
5763 14172
43472 39990
46381 48780
4516 4394
13397 22717
5763 43530
6142 25641
1939 48758
18541 28572
2511 38794
45447 4780
5568 12537
5089 46249
39129 15528
40993 35562
41897 27941
2733 15632
36717 31626
43200 16820
38293 31626
23492 38794
45657 28249
10057 46819
49577 2939
14927 3075
46381 30979
48758 2733
30979 10129
16820 22361
12379 39129
3965 38293
30979 25641
3965 38794
8983 23492
24107 26037
39990 40866
2733 31626
24107 43472
43200 15728
43530 37448
3075 13397
18541 48758
2511 49660
45657 38794
18541 28249
18541 5568
19007 46381
9424 3965
48758 28249
43472 27941
34765 48780
46819 37448
38794 4780
35828 26037
6142 22361
299 35562
28249 4394
3965 13863
23492 45447
39740 931
46923 6904
19007 43472
48780 15667
49577 46381
14172 26037
18541 2511
45339 4394
39129 10057
12379 42131
18311 37448
29016 28572
22717 46381
14927 43530
13397 13863
31626 5763
46381 49577
14976 15711
28249 43530
4516 43530
28249 48758
12537 29016
30979 12379
49577 13397
8983 32406
26528 22717
15667 2939
23492 45339
44522 39990
45497 26518
42131 5763
14976 931
10057 38446
9425 931
14976 49360
5089 29695
30979 1939
41897 9424
26037 6142
37895 26528
46249 22361
3965 16820
22717 48758
49577 45497
12537 41897
15667 49660
43200 31626
4516 45657
5568 24107
37448 35562
4131 49360
49660 35828
14976 32406
46923 18541
3075 5089
34956 38446
10057 2733
4394 46381
13863 39990
46923 9424
38293 1939
43472 931
14172 41897
3477 29695
26518 15632
15728 30979
931 49360
39740 39990
15728 26518
34765 16820
22361 8983
19306 26518
9424 26037
4131 8983
38794 2733
25641 32406
22280 22361
26037 44522
13397 43472
13863 15528
26518 40866
34956 6904
35828 11949
34765 43472
44522 19306
28572 46923
26037 9424
43530 2733
2511 13863
11949 29016
38293 46819
23135 38446
19007 5763
299 35383
4131 30979
27941 35383
6904 23492
49360 5568
45339 46819
23135 43530
15632 19007
29695 15632
22717 35828
34765 19306
18541 3075
9425 18541
38794 22717
9424 15728
44522 49660
5568 4621
3075 2511
19007 31626
931 26518
45447 48758
46381 8983
19007 45657
4394 22280
23492 13397
29016 2733
49360 4621
46381 36717
38293 15667
24475 4780
46249 9424
32406 31626
46381 35828
43530 24107
12537 35383
35828 38293
15711 13863
22280 931
43200 39990
25641 3075
45657 1939
45447 29695
45339 5568
34765 40993
46381 46819
18541 2733
9672 37686
1939 37895
3965 1939
10129 49577
22280 3965
13397 36717
37686 3477
2939 4621
931 45339
45497 29016
9424 931
1939 5763
35383 13863
48758 25641
35383 29695
36717 6142
42030 38794
3965 36717
45339 34765
30979 45339
28249 48780
28572 22717
12537 49360
22717 2511
24475 14172
32406 35828
49660 1939
9672 49660
13863 15667
39129 22361
10129 46819
2939 5568
14927 2939
35828 2733
15632 22717
36717 35562
18311 48758
39990 13863
15711 46249
11949 37448
34765 13397
26037 14927
26528 5568
35828 46923
39990 42030
40993 46819
45497 36717
19007 15711
38293 3477
38446 19007
22280 23492
49660 43472
41897 45339
9425 9672
43200 12379
2939 14976
45657 22280
37686 22717
37686 4131
34956 28249
18311 43200
22361 24107
15632 18541
3965 24475
45339 28572
14976 38293
48780 12379
14927 13397
40866 37448
12537 14976
36717 27941
46923 30979
39990 299
15728 39990
299 4516
35562 34765
3075 34765
15528 36717
3965 19007
6142 49577
43530 30979
14976 24107
44522 18311
5568 40866
6904 1939
8983 29695
13863 9672
9425 5568
46923 23135
23135 18541
39740 29695
15728 49360
4621 29016
39129 29695
16820 34956
9425 4516
30979 2511
11949 4621
4131 26518
35828 15528
40866 4621
46819 45657
37448 49360
29695 39990
49660 4131
35562 4394
10057 22280
3477 27941
8983 22361
43200 46249
22280 46381
11949 26037
30979 22361
24475 5089
45497 24107
18541 6142
37686 26518
11949 37895
39740 43200
3477 43530
4394 46249
45447 49577
5089 5763
26518 1939
4516 30979
25641 37895
30979 49577
15632 24107
35828 22717
45657 37448
39129 13397
30979 42030
45447 12379
40866 14976
29695 15667
49577 22717
49577 14976
4394 3477
15632 2511
4516 14172
15667 37448
37448 25641
3965 39990
4780 22717
28249 37895
28572 35562
26518 4394
38794 44522
4621 49660
931 40866
31626 42131
14976 35828
11949 15667
38446 23135
46819 36717
3965 25641
19007 32406
15632 14172
14172 2511
19007 16820
4516 9672
18541 9424
23492 15667
42131 37895
15528 3477
23492 22361
4131 25641
3965 22280
11949 28249
45447 45497
42030 26528
39740 45447
931 5089
35383 40866
43530 299
15632 46819
4131 46819
13863 5568
45339 299
299 14927
3477 46923
3477 9424
13863 22280
12537 39129
25641 39990
28572 4131
40993 46381
39129 23492
15728 2733
6904 30979
18311 6142
28572 45339
5568 29016
9672 15711
28572 9424
16820 2733
931 35562
37895 46249
15667 42131
28572 3965
43530 14927
3965 41897
29695 46249
38293 40993
12537 42030
8983 3477
28572 9425
40866 39129
45657 9672
5089 14976
30979 35383
35828 32406
39990 5763
19306 14927
9425 22361
49660 39740
24107 14927
43200 3965
1939 35383
38293 28249
49360 299
38293 18311
27941 6142
14172 6904
24475 35383
49360 1939
4780 28249
42131 299
2511 1939
46381 26518
12379 3965
10129 12379
8983 12537
28249 11949
38446 29016
28249 24107
48780 39990
4621 43530
3075 32406
12379 43530
8983 931
15711 5568
38293 2939
8983 39990
22280 35562
23135 4516
46249 2939
46819 9424
15632 14927
44522 36717
45657 5089
42030 30979
35383 15728
28249 45447
15667 30979
27941 38794
