7953
161 23048
32773 38515
15350 35843
31759 20294
38515 3215
43453 35131
7328 45230
6216 35120
38784 48588
48588 1013
30142 11924
7048 35131
46910 11924
35311 43306
21151 4885
36273 20510
34479 15992
38515 49017
35458 27190
22686 40585
42095 1013
6754 32169
37146 19347
19032 12563
35131 39828
38515 4203
24105 42095
43306 46776
10297 18296
43327 10419
42095 3450
595 6754
42311 43453
25525 20294
21347 44983
3450 11924
31759 13094
27073 29351
32169 18459
32773 42095
10419 8136
27073 35120
13833 18459
20510 6355
39526 36273
39746 25525
39526 39119
595 31759
43306 18296
28360 29009
29199 25765
31759 39119
10419 29797
27621 29351
42720 8139
35918 13833
18008 43453
25525 4356
25328 8139
19868 1195
40312 23048
25328 37146
36120 28360
35843 37436
29199 35458
43306 7048
40585 19032
33307 33291
43506 44983
23048 29199
45230 13094
9255 13483
35843 48588
41687 13833
14700 28759
40312 13833
17874 29009
4885 22451
23048 38515
39074 4356
32169 47311
7048 20510
12563 43306
34479 39746
9770 3215
40585 47945
24058 48062
11924 25328
18451 31759
22686 24058
33307 8340
20473 35120
13094 27030
2468 27030
35131 10419
43506 28759
23048 26005
23031 32169
48062 390
18008 48588
12563 38515
32169 21347
8139 8340
28360 30142
13472 3450
595 48410
26529 4601
33420 42311
26463 18605
43453 28360
20510 49017
22032 33420
35918 29315
4829 20294
29040 27190
27030 13010
30142 35458
20510 36273
18296 23031
44983 28476
26463 2468
6216 6355
20294 24105
22939 31759
46635 7048
26529 39828
43506 38515
46910 37436
13833 3022
32773 28759
40123 39746
32773 23048
20150 29315
1145 161
41795 29009
28360 46776
20294 41795
44640 6754
25765 29199
34071 20150
15350 46776
35918 35905
46776 29040
46910 25525
24450 24058
38515 161
35918 26223
18908 39526
8139 21151
19032 13833
8340 23048
27073 7048
38515 17447
32169 39119
5001 7504
39526 39074
49738 18296
43327 1195
15350 14520
15051 28476
44983 12563
36228 48791
29315 48062
11924 30142
4829 35843
40123 13833
40585 23048
42720 25328
34479 32773
47311 33420
49738 12563
39119 27025
22686 18459
46635 21151
4356 18296
26223 26463
33291 49017
15992 44640
20294 4885
11924 4601
8139 24450
40312 4601
8139 44640
25754 19868
43453 25765
1145 7048
13094 46776
43327 3450
35131 9770
28421 23048
3215 5001
21316 32169
49738 27025
4601 20294
35458 39074
19868 46886
47945 13472
42720 43327
18296 49017
1195 18008
46635 26223
19032 1195
21506 38784
24058 49069
15992 37976
19361 29009
36273 10297
25765 48588
10297 390
15051 4601
26690 44640
35311 48410
36228 43298
17461 18451
48410 44983
20876 21506
45230 36228
27025 4885
27030 24450
26529 18296
8185 26223
18605 13094
19361 27073
27190 1145
46886 18605
35918 48062
36120 8293
13010 29040
9770 1195
39074 2468
13833 26529
161 28421
4356 26529
14700 3022
46776 19347
22032 19361
10297 595
13833 48588
25328 12563
17461 29797
23048 18605
1195 3215
33420 20473
35843 4601
21347 13094
13833 36273
9255 39119
32773 35131
38569 27621
25765 18459
5001 48588
15051 3215
20876 23031
13472 46635
37146 46776
46886 25525
24105 26223
27030 15992
25754 47945
47945 13833
35905 48062
46910 14700
20876 18459
8139 29040
49738 8139
40312 19347
31759 48410
22686 29797
18605 22451
39526 47945
4203 20294
11632 27030
6216 49069
39526 42720
13010 18451
40585 25765
18451 39119
39074 20876
36228 20150
21316 29797
3450 48062
28476 7048
32773 18296
13472 35905
8136 11924
31759 43327
26005 8340
27030 17447
18296 41795
9255 35843
28360 46635
44640 18459
39526 15992
29260 42720
48791 10419
390 18908
27190 29199
29040 49017
4601 26223
43327 24058
41795 10419
4356 34071
29351 38515
29315 34071
29040 4885
11632 40123
5001 9255
43298 26463
45230 32773
27073 34479
33307 48588
37146 2468
44640 18296
12563 4203
46910 30142
39074 595
26463 28759
42095 44640
8340 47945
3215 18451
28421 22686
22939 10419
9255 20876
29040 46635
23048 43306
18459 18008
25754 33420
6754 37146
17461 28421
34479 22939
37436 3215
8340 28360
17447 47311
43298 43327
22939 46776
34071 38569
390 39526
44640 38569
38515 13483
15350 31759
27190 36120
28476 1013
35458 35131
31759 8185
32773 1195
38784 23048
39746 7504
17874 44983
48062 48410
11632 35918
18605 36273
34479 1195
1013 29260
12563 18605
3022 24450
14520 32169
12563 5001
8340 21347
28421 13010
6754 29260
7328 14700
17447 46776
35843 15992
19868 18296
15350 595
390 41687
7504 43306
2468 33420
40123 24058
48410 10419
1145 42720
28421 35843
10419 36273
41687 46635
21347 42311
44640 11924
8340 33420
27190 18451
17874 23031
48410 19361
36228 24058
46776 8185
48588 27030
28421 35120
41795 26463
19347 1013
25765 47311
25765 4885
4829 37436
43306 30142
13833 26005
5001 43327
44640 11632
23048 4203
9770 46776
48062 33801
29315 23031
46776 24058
27190 15350
4203 18296
21506 13833
23048 39828
28421 46776
44640 43453
27190 43306
48410 26690
18908 26005
26529 33291
3022 22451
6355 161
28360 33420
20473 21347
13483 43327
19868 20294
7048 18908
18605 23048
29040 18008
38515 4356
43453 21347
22686 21506
6355 33291
37976 35131
42720 4885
23031 29040
27190 22939
39746 29009
8139 39746
21347 23031
22939 49017
26223 27190
44640 27025
33801 38515
47945 29351
4356 43306
35120 18296
29260 43506
8293 46635
36273 1013
21347 4356
32169 29351
35843 34479
1195 9255
24105 38569
20473 4601
10297 23031
33307 3215
34479 33801
43306 22032
49017 43327
48791 6355
26005 35458
42095 49738
36228 12563
29797 11632
29351 24105
28476 37976
4829 14520
37146 18459
26463 19032
20473 38515
35905 28476
23031 47945
29199 18459
23048 20294
21506 6216
20876 4356
2468 18008
27621 21316
4356 38784
22939 37436
25765 14700
19361 33801
7048 9770
12563 46910
36273 18451
18008 41687
29797 23048
42095 4829
19032 24450
1145 6355
14520 7504
20473 390
18296 10419
26529 7048
35458 38515
21151 44983
35311 28476
26529 21506
4885 43306
33291 18451
38569 18296
20510 33420
46635 18908
48062 40312
14520 18008
40312 27030
8293 42095
4356 26005
42720 18459
7504 15992
20150 8139
7328 47311
26005 6355
24058 3022
8139 39828
14700 48410
43327 20150
28360 11924
4601 26690
4203 32169
6754 39074
41795 25765
13483 42311
26223 36273
8340 35131
30142 29351
19361 3022
43306 44983
29199 37146
24450 13472
24450 46886
27073 22451
40585 24450
6754 13472
17461 25754
3022 39074
17447 39074
34071 8136
10297 20510
18459 15992
8185 35905
4829 33420
43327 28360
29009 31759
390 19868
48588 18296
40123 33291
18451 1195
27073 26223
14700 4356
33420 36120
14700 4829
29797 18008
42311 35918
4356 8293
20510 49069
13010 43298
38515 1145
4203 34479
30142 8293
7048 31759
11924 37976
18605 15992
1195 29260
29351 41687
49017 28759
9255 28360
13833 35843
47311 4203
46776 29009
595 38569
6754 18008
26005 17447
7328 1013
29199 46635
33291 3215
22939 9770
17874 26529
7048 44983
1013 18908
46635 22451
29009 39526
15350 7328
43506 1195
20294 46635
18605 35843
27030 32773
46886 18908
4829 49069
42720 28476
33291 43306
18008 28421
25525 44640
42311 3450
18459 35843
35843 32773
30142 42311
46635 33307
49738 7048
42311 6216
29351 7328
20473 18451
9770 47945
20473 7048
24058 34479
9770 14520
20876 26463
42720 46635
26529 38784
41687 36228
26223 29199
3406 33291
8185 40123
46910 26223
29199 3215
15350 12563
34479 46635
8293 13472
161 38569
25328 29040
47311 22451
10297 19032
18459 20473
37146 1013
41795 3022
595 4601
48062 30142
32773 12563
21316 30142
28759 37146
35131 18451
29315 8340
48791 39828
18908 18459
47945 32169
14520 3406
4829 29009
43506 43453
33801 18605
47311 28476
3450 29351
34479 48588
23048 44983
18451 23048
37436 26223
29351 8293
26690 40585
29315 22939
35131 10297
18008 39828
17461 43506
36120 14520
27073 28476
25754 26223
29199 18908
20473 13483
27073 39119
3450 48410
29199 34071
19032 35905
1195 8185
42311 17874
2468 3406
29351 27190
40312 13472
21506 39285
34071 1013
27073 48791
27030 21347
18008 33420
17874 46910
39526 39828
22939 161
28759 29315
47945 20473
9770 35918
11924 1195
29009 21347
26690 7048
33291 19347
35458 3215
35458 35843
19032 40585
29199 24105
18605 47311
33291 32773
4356 5001
27030 3022
7504 33801
15350 8136
41687 8340
28421 32169
4885 35918
27030 18908
10419 18451
14700 18908
26690 29260
39285 40585
33307 35131
21151 31759
45230 18459
13833 23048
29009 36120
26690 15992
13483 18459
19347 26463
37436 21316
47311 41687
28476 49738
30142 21151
42095 46635
27621 21347
28421 32773
28476 46635
27073 29797
14700 19347
8136 3450
29260 49738
18008 29797
37146 17874
28759 47311
29040 25765
36228 17461
29797 7048
20294 44983
24450 14520
35905 18459
10419 13483
44640 161
43327 19032
29199 1145
33291 34071
36228 4203
48588 17874
18459 5001
28360 49738
10297 37436
17461 29351
26690 45230
17447 33307
26529 32169
21151 46776
19361 29797
19868 34071
40123 8340
37436 28360
47945 33801
22032 26463
43453 7048
25328 25765
38784 28360
28421 24105
11632 24058
21316 18296
14700 41795
5001 41795
35120 4356
9770 28360
21151 28759
1013 18459
7048 29199
40312 28421
38784 25525
43327 27190
48062 21506
17874 7048
36120 33307
7328 29009
23031 40123
6355 29199
35311 7328
2468 47311
37436 46886
13483 34479
21347 39285
39285 19868
43506 46776
38515 35120
27030 8139
35311 24450
31759 42095
40585 9770
47945 42311
26223 8340
35918 37146
23048 25525
26463 48062
39285 33420
3450 25525
49017 9255
13094 13472
7328 43298
46886 33801
39746 4885
49738 3022
47945 26529
35120 35905
27073 15350
17874 390
36273 12563
23031 29199
3022 29199
6754 22451
4601 29260
33420 49069
17874 26690
3450 27073
23048 29315
21151 41795
29009 12563
30142 49017
27621 3450
27621 29260
34071 8340
40312 39746
31759 25754
19361 1013
35311 43298
26005 29199
6754 11632
28421 11632
29040 4601
10419 27621
22686 43506
35843 35131
46886 27621
26463 13833
27621 35843
36273 29315
22686 47311
4356 32773
21151 27025
1013 33801
24058 44640
1195 21151
43453 46776
25765 19868
26005 34071
38569 9255
41687 4356
26529 29315
4203 3406
28360 35843
26223 48791
28421 8340
19361 9770
33801 48062
21506 26223
9255 14520
38784 8136
20294 36273
27621 8185
39526 37146
21506 42311
19032 35918
21316 43453
21347 32169
7504 25525
43453 37436
33291 28360
9255 23031
43506 49017
25525 26223
39526 1145
20473 39828
21316 13483
22686 7328
14700 32169
595 29040
46635 15350
7328 27621
22451 35905
9255 48062
35905 41687
25765 161
46910 6216
46776 19032
25525 3450
35458 43453
33307 21347
29315 19868
15051 19032
15350 7504
28360 13010
22032 43453
8293 8340
49017 3215
4356 48410
25765 42720
8340 29315
20876 8293
33420 17447
21347 38784
33420 26529
39746 3215
15051 8340
32169 22686
14700 22686
26690 19032
37976 4601
3022 36120
35905 29009
35131 24105
38784 39119
44640 29260
13472 20294
39746 49017
33801 26690
35905 24450
35843 43306
26005 35843
32169 22032
35458 15992
13010 6355
8340 20876
36273 3406
8185 27190
19868 13833
26223 10419
15350 42095
39285 33307
44640 14700
8185 5001
40312 4356
26223 8136
39285 8293
1013 46776
37436 43327
22451 33801
7048 18451
46886 43306
25765 12563
21506 25754
13833 15051
4601 17447
25328 17447
15992 46776
35311 19347
23031 21316
7504 26463
39746 37976
48791 34479
20876 29797
26690 41795
42720 20473
13483 26529
6754 595
7504 18296
29260 32773
17447 32169
8139 3215
36273 29009
10297 17874
35918 26005
25754 48791
37976 18296
27621 27025
4203 22939
13483 39828
28360 32169
27190 35120
34479 2468
26223 39119
10419 37436
27621 3406
35843 27190
22451 29315
29351 42720
35120 19347
37976 27030
15350 8340
11924 41795
22686 4356
48791 7504
26529 47945
8139 1145
10297 5001
13094 21347
22686 27190
24450 8293
4203 38569
31759 26463
28476 6754
23048 39746
39828 27025
19347 42311
34479 45230
18451 20510
21316 595
10297 17461
40312 19868
28421 20150
21347 21316
9770 43506
38569 18008
23031 27621
49069 15051
3406 4829
42095 10297
6754 13010
17447 46635
20510 43506
4829 8293
13010 26690
48410 9255
35905 18008
3450 8293
13833 39828
39746 1195
43506 43306
25328 21347
9770 18605
17461 29199
20294 19032
18459 3406
20510 35131
1145 28360
161 20294
18605 27621
6216 23031
43453 15350
42720 4203
390 31759
8293 49069
22686 36120
14520 18605
15350 29199
7048 36228
7048 3215
25328 17461
21316 38784
40123 42311
18459 19361
35905 9255
13483 4829
22032 34479
48410 27190
18908 33801
29260 10297
29260 8340
26463 35843
29199 28476
7048 10419
33307 3450
27190 11632
39526 10419
48062 8139
11632 18459
8139 8136
48791 15051
23048 25765
41795 48062
39074 28476
18451 7328
27025 15992
29040 40312
15350 20150
39074 1013
46886 6754
48791 39746
37976 15350
22939 39746
39119 42720
8139 29315
3022 7048
390 42311
29797 38784
14520 17447
10297 18008
35918 39074
45230 26690
20473 42720
2468 26005
43453 22939
46635 8139
14520 20473
22939 20294
23048 17447
20150 13483
37976 46776
48062 10419
13483 20473
27190 47945
20876 47945
39074 31759
390 30142
21151 38515
27073 6754
46776 31759
12563 17461
25328 8293
32169 20150
13483 7504
48791 4203
21506 595
21347 36228
29199 29351
39828 24450
39285 39119
34479 13483
48791 13483
28360 17447
15350 9255
15992 13094
34479 20510
19347 43327
21506 39526
13472 13483
28759 17461
2468 26223
13094 1195
44640 35131
161 10297
18908 161
8139 39526
43327 39828
20294 39285
40123 13094
42311 12563
14520 4601
48791 4601
49069 35458
44640 8185
3406 31759
14520 10297
28759 10419
47311 38515
35120 11632
26529 28421
45230 48410
18908 24058
43306 34071
7328 10419
43453 24450
36273 22686
41687 3215
39828 48588
49738 8185
24105 35918
29797 35311
34479 21151
42311 20294
38569 35120
4885 27030
20150 36273
33291 26463
4885 15992
28476 33307
41687 37436
25754 39526
44640 4203
17461 26690
8136 28476
35311 43506
44640 41687
25754 13010
27073 35905
41687 27073
27025 3215
13094 5001
33307 44640
8185 8139
18451 22686
3406 49017
33420 36273
2468 46776
11632 22939
13094 11924
41687 18459
18451 39285
19347 24105
38515 21347
33420 39746
26463 35905
15992 12563
46776 40312
5001 44640
4203 4601
28476 24105
2468 4885
22032 34071
14520 20876
48410 20876
21506 14700
36273 48588
17874 18296
390 17874
48588 42720
14700 3450
7504 46776
39285 36120
6754 31759
4885 17447
40585 45230
47945 35458
33801 13010
8340 7504
43327 21151
46910 2468
26223 595
48410 46776
49069 48410
39285 40123
28759 18459
20473 24058
46635 27621
32773 49738
7048 35905
13094 25328
28476 7328
26529 9770
24450 13833
46776 14520
21151 40312
35458 25525
32169 48062
39285 41687
12563 24105
4885 33420
35918 20876
34479 14700
3022 15350
36273 43306
35918 37976
27073 47311
3406 8185
24058 18296
11632 27025
8340 28759
23031 42720
1013 4356
19868 35905
21347 27621
26463 49069
48062 29315
35311 42095
19868 46776
11632 30142
26690 3215
390 35918
8136 4356
2468 4601
23048 18296
38784 3450
26463 20294
29315 29040
4829 44640
43306 8340
1145 1195
34071 18451
8185 17874
18605 45230
37976 9255
6216 46886
8293 2468
8185 20876
21506 8293
39828 18908
43306 29260
28759 39828
24058 20294
46635 20876
48062 38784
46886 18296
24105 13094
4601 14700
40585 48410
47311 27025
27025 11632
38569 42311
6355 46635
46910 13010
17447 39119
43453 18008
8185 30142
29351 28360
33801 29260
43306 21506
5001 13483
39828 17461
48791 4885
30142 8340
43506 24058
4829 4885
44983 15051
27030 22032
46886 28476
46776 3450
40123 3215
20150 20876
44983 46635
48588 22686
12563 21151
18908 19361
7328 37976
19347 18451
30142 39074
25765 28476
23048 5001
25525 19032
19032 1145
19032 43453
19361 46635
26005 44983
6216 13094
1195 7048
4356 42095
3215 1013
30142 3406
33291 33420
34479 17447
46910 44640
20473 8136
35918 15992
43506 13483
29009 8340
29797 18296
36120 36273
37146 12563
35458 10419
49738 48410
42720 13094
43306 49069
17447 4356
29009 13833
18296 43453
23048 13010
26690 8136
10297 48791
22686 23048
40312 3022
20510 20294
47945 28759
20876 29040
6754 4203
6216 28421
44640 3406
7504 17461
39119 13483
34479 8136
48410 1195
17874 43298
43306 39119
44983 42311
25765 41687
15051 23031
25754 43298
48410 28759
35131 25525
35120 49017
22939 13094
45230 22939
47311 43327
20876 9770
11924 19032
43506 47945
42311 27190
29351 33801
47311 26463
29797 9770
8293 23048
23031 15350
14520 43327
20294 33420
7328 35905
4829 34479
29040 4356
36273 7504
35905 8340
39526 48791
6355 49738
22939 27025
11632 4601
15992 8185
29797 15992
17447 13472
18008 22686
18008 29315
43506 15051
37146 35120
43298 39526
13833 15350
1013 3406
15350 7048
3450 39285
6216 26690
33291 14520
29260 35120
29260 2468
35311 4829
13010 40123
32773 10419
27621 13833
38515 390
15992 18008
11632 6216
26463 28421
39074 1195
13833 43298
44640 44983
39285 35843
37976 38515
20473 4829
1195 13094
44983 3406
3406 38515
8139 20150
3406 35458
36273 30142
6355 10419
40312 42095
20150 26223
35311 26529
9770 41795
28476 17874
18605 7328
15992 20473
22686 28360
38784 1145
21151 43453
161 34071
1145 6754
18451 39746
47945 18908
33801 27030
13010 32169
22939 25328
25328 28759
21316 45230
22032 28759
42720 10419
13483 6216
8293 1145
12563 8139
28759 3450
19032 46776
42095 29260
13833 29009
4829 13010
43327 23031
20876 31759
45230 17447
24105 39526
8136 25328
18459 34479
3022 9255
40585 42720
4885 13833
8293 49017
20473 35311
4203 21347
1145 27030
11924 49738
595 27621
4203 40312
26463 39119
28476 25328
48588 6754
26005 5001
17447 33801
18605 39526
19032 6754
49017 1195
37436 4203
41795 13483
15350 38515
4601 15350
21316 1013
3022 22032
19361 35905
35843 46776
26690 49738
17461 20150
2468 1145
7328 18008
43298 23031
8136 19868
38515 26005
23048 23031
28360 22032
19361 7048
21347 8185
46776 49738
3406 44640
34479 24058
21316 39746
21347 13010
36120 31759
49069 3215
25765 38784
595 38784
8139 12563
26690 29797
40585 29351
36228 10419
26529 29040
25328 7504
38784 36120
13483 1013
26529 20510
3215 1195
3450 28421
38515 8136
27073 21316
19032 41687
44983 27190
43327 38784
4203 10297
19361 27190
7048 29260
11632 1013
48791 21316
4356 46776
29315 1145
36228 3022
38569 6355
12563 22032
19361 24105
8293 34071
3450 21151
6355 15350
4885 25328
46776 8340
11924 39526
1013 26223
22451 19868
11924 22939
19361 38515
18459 24450
4885 35311
18605 39746
14520 29009
30142 24105
22451 37436
42311 19868
29351 10419
48062 43298
390 33420
18296 9770
25754 27073
3406 24058
49017 19347
29315 28421
24105 3215
14700 17461
12563 18908
1145 13833
26005 14700
38784 39746
1013 48410
26529 11632
9770 7048
39746 43298
27030 6754
18451 14520
17447 40585
161 32169
29260 21506
39285 25328
18459 25765
29797 24450
20510 22451
46910 35120
19347 390
13094 20150
10297 21347
20294 3406
6355 24450
12563 595
39074 34479
21347 3406
26690 4885
4203 3215
46635 17447
41687 44983
19347 19868
3215 9255
40123 18451
25525 34479
18451 4829
20150 6355
37146 26690
35120 44640
39526 20876
13094 15051
1145 27025
27621 14520
6216 39119
49069 20473
37436 35131
6754 19347
20294 35458
8136 19032
35120 38784
22451 42720
18908 38569
38784 49738
41687 46776
5001 29040
29797 36273
41795 42095
8293 33801
39526 35120
35131 22686
7328 33801
18908 3450
36273 28421
45230 40123
22686 43327
31759 46776
24058 4829
2468 37146
15350 19032
19361 32773
20473 23048
13094 40312
28759 8293
17447 14700
14520 25765
18459 35918
47945 4203
47311 21347
38569 35311
7048 10297
38784 33801
3215 49069
17461 35120
23048 595
8293 11632
49017 33420
41795 33307
42095 34479
28476 24058
7328 13010
35120 35843
25754 37436
27025 49069
21316 47311
6754 19361
13094 49069
22032 46910
41795 21151
27025 41687
27025 32773
2468 36120
34479 7328
49017 32773
8340 18908
26529 36228
27025 22939
43298 36273
1013 22032
24058 28476
20294 19347
27073 19032
20150 25328
1195 3450
13472 6216
46886 44983
10297 39828
41795 20510
20876 34479
49069 29351
4885 26005
46910 6355
26463 42095
43506 19347
30142 2468
29260 9255
3215 39119
27073 45230
26690 3406
3215 18605
45230 6355
25525 8293
4203 39074
42095 7328
37436 28759
32169 26529
22451 35843
8293 37436
22939 33420
22451 28421
48062 32169
13010 390
35458 27025
22451 20876
28421 25765
25765 14520
1195 43506
8136 43453
38784 28421
32169 19347
48588 19347
36273 32169
43327 3406
2468 3022
9255 3022
25765 27190
21151 14520
48588 4203
595 43453
35311 3406
44983 390
1195 9770
25765 32773
8139 29009
39828 15051
1145 18451
17461 17447
7048 7504
8293 34479
6355 29009
22939 13483
46886 29040
23048 29009
27621 24105
25525 22939
7504 37146
12563 19361
46776 39828
11924 43327
42311 20150
40585 29797
11632 46635
33801 37436
4356 15350
25765 22032
22032 20294
39746 8340
9255 4356
48588 42095
18459 27030
20150 39828
27073 15051
15350 42311
22032 15350
35905 35918
46776 18296
26223 46776
29040 595
36120 1145
17447 26223
5001 11632
8136 15350
42095 29009
40585 43453
36120 40312
29797 8139
44983 34479
3406 19032
39285 35311
21316 13472
26005 33801
17874 48791
44983 19032
18451 44640
8136 3406
27073 22939
38784 33307
8185 48410
22939 18605
10297 13094
21151 29009
46776 11924
37146 1145
19868 43506
1195 3022
4356 37976
23048 21151
12563 26690
27030 40312
39119 3406
29351 37146
31759 43453
18296 34071
4885 23048
8185 42720
18451 13483
29315 38515
13833 20473
26529 27030
35843 20876
24450 37146
36120 161
39746 161
45230 35458
22686 47945
11632 26005
39119 35120
36120 3022
29797 2468
27621 39746
17447 22939
18008 33801
10419 22032
13483 25328
32773 24450
39285 9770
15992 29040
28476 38784
17447 23031
39526 26223
40123 34479
27621 49069
18908 46910
24058 38515
1145 3406
47311 8293
25754 13483
17447 1145
27073 33801
35131 46776
1195 40312
43306 28759
4203 3450
33420 8136
36120 19868
19361 43453
25328 29199
6355 390
390 21316
7504 43453
18908 17874
41795 15051
18908 3406
25754 29040
34071 48791
35843 26529
3022 38515
20876 43453
39074 41687
42720 8185
48791 45230
26529 27621
9255 4601
27025 24450
35905 37976
11632 4885
1195 39828
18459 6355
1013 29315
18908 46776
29351 38784
7504 38784
29199 20876
28360 6216
42720 21506
35918 46910
44983 33307
35311 49017
18605 34479
42311 29009
26463 42720
33307 35843
27621 20510
27073 11924
48588 4601
11632 19032
390 14520
35843 18451
11632 8185
26529 15350
8340 29797
17447 7504
3406 22451
15051 5001
35843 29797
48791 46635
3450 13472
41795 4885
25525 49017
49738 34479
8185 18605
37436 1013
10419 29040
26223 20473
19868 34479
18008 24058
42720 1145
40585 27073
15051 27025
42720 7504
7048 47945
29315 36228
8136 22686
7048 29040
6216 3450
41687 12563
27030 29797
19347 44983
43306 14700
3406 35120
32773 22939
43506 41795
13472 43506
35131 35458
3215 6216
26690 37436
29009 40312
28759 37976
26463 3215
46910 29040
25328 15992
20510 40312
14520 28759
13472 25765
390 9255
19032 36120
28759 21506
24450 35843
38569 25328
29040 23031
20473 26690
4885 29199
18459 38515
25328 44983
26463 33801
29351 14700
22032 48410
26463 15992
29797 20473
27073 6216
26529 18908
43306 35120
22939 39526
38784 18008
21316 161
8185 19868
18459 9770
49738 28759
47311 42720
25765 27030
48410 14700
11924 28360
24450 42720
26529 41795
31759 38569
33801 7328
39746 38784
1013 35843
20510 10419
27190 4829
31759 46910
36273 20876
48588 19361
34071 4829
39119 25328
35918 39828
38784 1195
43298 46910
8293 27621
25525 49069
4203 18459
43327 35131
10297 24450
23048 13833
4601 39746
20473 28421
23048 49017
36228 48410
35131 25328
21347 4601
15992 26529
24450 3406
2468 39828
42311 49069
37436 35905
27621 4356
26005 25765
22032 27025
13472 27190
17447 24058
29199 5001
3022 28421
33420 6216
26223 25328
11924 15051
19868 15051
3215 8340
20473 19361
45230 40585
29797 20510
48062 42720
22451 21347
25754 18451
36273 28759
21347 7504
20876 38569
33307 46886
4885 23031
41795 161
46776 39285
39119 18908
45230 40312
45230 29040
28421 25754
37146 17461
49069 11632
22032 30142
49069 4203
39285 38569
35905 19361
35458 19361
13472 4885
41795 11924
4356 41795
37976 20294
40585 4356
20150 19361
21506 44640
41795 37976
18296 7048
5001 12563
29315 37976
39074 29040
161 33291
49738 26005
27073 25765
44640 13472
7328 40123
26529 19032
21151 8340
5001 35918
43298 33801
22451 21506
9770 32773
3406 42720
43298 12563
6754 5001
18605 47945
13833 18451
33801 37146
22451 39526
25525 37976
18908 3215
19868 41795
26223 40585
12563 14700
25525 9770
13483 34071
4356 3022
6216 22939
4356 46910
21316 26690
25328 48062
13833 3406
33291 39746
14700 8136
8136 32773
20294 29315
29199 29260
29797 39526
22939 8293
48588 6355
6754 25328
22686 32169
15051 26463
27621 32169
26223 42095
23031 40585
39074 36273
25328 47945
20294 49738
43327 8340
4601 35131
24058 42095
39746 3406
39746 35311
2468 35843
32169 43327
3406 45230
39746 48791
43327 14700
7328 21316
36228 33307
25754 29260
25765 8136
38569 33307
390 44983
4601 22939
42095 24058
4203 37436
27030 13483
26690 24058
35458 7504
4356 43298
43298 18908
6355 37976
19361 33291
29351 31759
32773 40312
13472 35843
20150 33291
25328 25525
46910 39074
43306 19868
12563 11632
26690 35131
25765 6355
20294 13472
4885 26529
36273 28360
23031 20294
7048 33307
40123 42095
47311 390
33291 38515
45230 49069
22451 43306
25754 39074
35458 42311
1195 35918
35918 32773
25328 45230
36120 46910
4829 28421
36273 46910
595 48791
36120 43306
21151 23048
11924 28421
32169 35311
8136 33801
13833 33801
41795 42720
27621 29199
11632 48791
20150 21151
48410 33291
27190 35311
17447 39526
20510 35918
39285 39746
27073 40585
13094 18296
29315 27190
29315 23048
21506 19361
21506 10297
29009 24105
48791 40123
39119 21506
27030 1013
18459 21151
24058 8340
43506 13010
13833 38784
46776 23048
45230 1013
37436 18296
18459 47945
8293 20876
31759 29260
35905 35311
13094 9255
41687 48791
3022 42720
33801 13094
18451 35918
19032 42095
46886 35843
18296 18008
17461 40312
21506 7504
48410 21506
161 29315
6216 9255
17461 22686
27025 29315
4203 46910
27190 13472
10419 19361
18459 33420
46776 10297
26005 31759
39119 20294
33307 24450
21316 1145
44983 18296
37436 42311
27030 48791
27621 48410
37436 17874
18451 390
11632 42720
29260 14520
49738 47945
25765 40123
15992 4356
14700 29797
19347 8139
39285 9255
14520 28421
390 27025
8340 13833
20473 43506
34479 27073
26223 18605
14520 161
22032 29315
1195 161
39746 10419
6754 25765
27025 25525
33307 35311
27030 49069
34071 41687
40312 32773
49069 21151
10419 42095
38515 41795
27190 45230
3406 41687
8185 36228
30142 4829
20294 17461
21151 22686
18451 30142
25328 20150
20294 1145
33801 3215
595 23031
4601 38784
29315 35311
13472 22451
37436 48062
48410 37146
3450 39074
36228 28360
4203 19361
3022 21347
24058 26223
20294 46886
13472 20876
47311 15350
39119 46886
14520 3022
23048 8139
35131 39285
19032 24058
2468 28759
26463 21347
47311 21151
7048 35120
44640 49069
25754 12563
8185 32169
46635 28476
21316 27030
43306 35311
33801 43298
47311 43506
29351 4356
8139 38515
1013 27025
13833 36228
13094 1145
38569 24058
17874 49017
3450 29199
44983 48062
35458 7328
29260 19032
22939 3215
39074 14520
26005 28421
35918 46886
30142 28476
33291 9255
18296 33420
8340 17461
2468 44640
48588 42311
4885 43453
11632 46886
46886 27190
27030 28421
7504 25328
27621 35131
5001 24105
595 17874
1145 7328
42095 25328
17447 28360
8136 20510
13094 26463
21347 3215
19868 26223
44983 21506
14520 42311
43506 22451
18605 20473
20150 37436
18459 18451
43327 13010
42095 2468
12563 48791
21347 36120
44983 42095
18008 11924
39746 26529
35131 8340
44983 8293
26463 29351
30142 23031
29040 39526
41687 6355
35918 22686
4885 36228
34071 35905
45230 37436
9255 27025
40312 595
35311 35843
7048 12563
3450 22451
4356 27025
24058 27073
33291 45230
33801 35311
18459 21506
46776 7048
8293 8139
47945 44983
9770 7504
35120 8340
41795 47945
35131 11924
20150 15992
15992 39285
3406 28476
11632 33420
36273 3450
41795 6754
22686 8136
35458 35120
39285 595
13483 43306
20473 161
21347 35458
46910 42311
43327 20876
9255 48791
44983 39746
35905 4356
28360 20876
43306 35458
4203 12563
43298 18008
20473 35843
32773 43306
8185 3406
18008 35843
37146 36120
20150 37146
43327 18908
35458 3406
3406 46776
12563 33307
33307 17461
8293 35458
23048 28360
8340 25765
23031 390
15051 35120
38515 18908
35905 12563
15992 27025
48062 38569
17447 21347
22939 4829
28476 3450
24105 29199
48791 48588
39119 26690
13010 37146
7504 26005
48588 43306
1013 21506
7328 36120
3450 21506
15051 18605
6754 29315
35843 21506
35120 26690
27190 27030
19032 48062
26005 22032
3406 15051
14700 29315
595 22451
19868 19347
38569 18605
10297 46635
36273 18459
595 36273
390 46886
8139 49738
13472 18459
4203 17447
18296 27621
25765 18605
36120 27073
17447 21151
28421 47311
27621 28476
18451 2468
8185 38569
32169 27030
20294 18605
4829 27190
41795 13094
13833 11924
47311 48588
48791 46776
42720 22686
48062 7048
21347 42095
7504 3022
29040 29009
25525 48410
27190 13094
4885 18459
49017 39074
34071 4203
13010 25765
42095 390
40123 18296
46910 23048
14700 23048
25525 13094
44983 29040
390 27621
15051 39828
14700 41687
6355 34479
29199 18296
19347 25754
4203 38784
27621 27030
25754 21506
40123 34071
1195 24450
22939 18459
15350 37976
36273 5001
49017 33291
22032 31759
43298 2468
27025 38784
29351 34479
13472 4829
47945 35843
10419 33420
20510 32169
29040 36273
14520 24058
4829 46635
19347 48588
37436 31759
35458 39526
26223 20294
17461 20876
49738 44983
6216 1145
40312 10297
18908 6216
42095 23031
42095 35458
38569 12563
35843 39119
30142 35843
18296 30142
23048 13472
46776 35843
43298 44983
11632 35131
28759 32773
39119 23031
6754 39746
13472 40585
10297 42311
28476 19868
39285 26690
49069 18908
25328 13094
46776 36273
21151 32169
10419 390
42095 19361
6355 4601
12563 33801
19868 6355
2468 37436
46886 4885
22939 26005
44983 35131
47945 390
9770 13010
8136 26223
28476 3022
37436 24450
27073 39828
10297 38784
48410 43453
21316 49017
48062 10297
37146 35905
32169 7328
46910 48062
15051 13483
26690 39119
17447 24105
43306 10297
29009 27190
42095 29351
19032 20876
4601 49069
23048 7048
24058 8185
4885 39119
390 40585
42095 8136
13833 46776
7504 11924
39074 39285
23031 19361
15350 4203
29199 35311
48791 39119
43298 14520
20510 27030
48410 27025
29315 10297
35843 24105
28360 26529
46635 39828
15992 28421
4601 25328
49069 47311
4356 18908
13833 21151
30142 18008
19032 39526
1145 18459
28421 6216
40312 29260
29040 26005
49017 37146
25765 35458
10419 19032
19868 17874
45230 39828
13483 43506
48410 38515
7328 29797
44640 39828
21506 26529
15350 21316
22939 19361
44640 10419
18451 13010
7048 49017
35905 37436
28421 49017
36273 11924
5001 20876
15992 29315
37976 43306
29260 28759
29199 42311
43453 29351
29315 13483
46886 39828
15992 34479
29040 38515
40312 42311
13833 19868
32773 42311
34071 44983
38784 9770
37976 21151
15051 33801
26005 28759
39074 28421
13010 22939
19361 17447
13094 42720
15051 42095
18459 39526
33420 49738
43506 49738
49738 33801
49738 22939
161 20876
42095 39828
4203 47945
21151 4203
18008 43306
18296 44640
29199 14520
49069 26223
22686 38515
15992 47311
20473 23031
48791 38569
13094 39828
39074 3022
11924 25754
28360 27621
13483 13472
43298 24450
8340 22686
22686 39074
37146 15051
48410 13833
10419 28759
1145 3215
18908 15992
35120 27621
28360 39526
33801 43453
23048 29351
46910 22451
4885 37146
28759 26690
27025 21316
38784 27621
22032 18451
39526 24058
3406 20150
41795 35458
13483 3022
42311 4829
1145 20473
8136 38569
49069 21316
14700 5001
46910 26529
28476 13010
29199 15992
19868 18008
25525 2468
39119 13094
15992 29351
20473 29199
10297 38515
13472 29199
48588 26463
24450 27621
29199 1195
41687 23048
6754 33420
46886 47311
33801 29199
21347 9770
29009 24450
28421 7048
21506 26690
390 3022
3215 35918
18459 19868
24450 33801
39074 45230
12563 37976
3215 46776
26223 33801
8293 27030
27025 46776
25328 21316
30142 43298
46776 20294
8293 25765
11632 39119
42720 13010
5001 26463
31759 12563
13472 8136
17874 25754
29260 11632
47311 22939
7328 43453
4356 23031
47311 9770
39526 7048
46635 46776
39119 42311
15051 4203
32773 4601
49069 43506
47945 29040
43453 33307
47311 26690
1013 39119
8136 36273
28759 29260
9255 27030
18605 31759
18296 4885
33420 47945
18008 18451
29040 47945
12563 13094
11924 28476
22451 3022
8293 42311
25754 30142
39746 19347
1145 27073
35905 40312
39526 39285
43327 46635
24058 33420
46886 42095
43298 46886
18451 35311
47945 48062
9255 21347
48062 27621
22032 10297
49017 8185
10419 35905
3215 31759
595 21506
42720 36120
27190 30142
28360 3450
37976 49017
46635 4601
36273 9255
13483 18605
40585 44983
39746 12563
24058 49017
28360 18296
42311 22032
34479 40123
25525 49738
17874 46886
27190 43453
27073 27621
39828 23031
43298 40585
7504 35843
41795 20876
44640 4885
29260 35918
35120 15350
42311 28360
36228 41687
26529 17447
36120 26690
32773 23031
4601 40123
27073 161
44640 25525
36273 15051
13010 43506
33291 21316
48791 49738
46776 13833
35311 8185
36273 18908
24058 7048
8139 11632
4203 11924
36273 40585
19868 13010
4885 12563
48410 13483
3215 23048
23048 35918
48588 21347
37146 37976
31759 22939
4829 18451
43306 29009
8136 23048
26223 46886
33307 6754
23048 24105
46776 17461
33291 14700
3022 43506
35458 29315
41795 27025
43453 24105
8139 23048
34479 35843
6355 3022
15992 25754
32773 1013
26005 1145
12563 4885
35131 26690
13472 35311
8340 26690
3406 11924
18451 6216
35905 6754
27030 35458
18605 18008
12563 49017
14700 26223
39828 35311
13472 39746
47311 44640
2468 35918
21347 46776
28476 14700
46886 3406
35843 595
38569 3450
35131 3406
31759 18605
34479 8293
35905 49017
17447 18451
37436 43506
19032 25328
4203 15992
13010 29260
43327 46910
20294 18459
40312 34071
29040 6355
20876 1013
49738 13010
10297 3215
6216 32169
8340 22939
27073 35458
39526 13472
27025 39828
40585 19868
43453 4203
46776 4885
3022 47945
35311 3022
37976 13010
8340 4829
25328 8185
35131 35843
19361 29040
19361 13483
33307 6355
48588 40312
3022 390
39746 3450
22451 47945
12563 3215
39285 390
10419 35311
24450 24105
27190 9255
37976 38569
35918 34479
24450 25754
18459 13833
13472 19361
40123 26005
22686 38784
3022 18451
37976 29315
40585 49738
43506 42720
39526 46776
39285 20294
20294 390
14520 20150
32169 35905
28360 26690
24105 18908
43506 31759
9770 23031
43298 33291
36228 18451
13483 41795
9255 48588
43453 13483
3022 25765
27621 9255
32169 13483
15051 24058
42095 32773
1145 33307
7328 46776
39119 43306
26690 3450
19347 1145
23048 390
18459 10297
39526 19361
15350 3022
8139 1195
25754 29315
17447 23048
43453 33291
40312 8136
21151 17447
36120 17447
24058 14700
20294 47311
29315 3022
26529 29199
3450 5001
27621 49017
43453 7328
6216 43298
10419 34071
26463 41795
35905 44640
48410 36228
20876 18908
1013 32773
9255 8136
32169 29315
27073 17874
29351 47311
35918 43306
9770 35311
19347 48410
15051 44640
26005 18296
4885 26463
1013 27030
18459 42720
43453 26223
15992 43306
26529 19868
42720 33420
48588 35311
39828 14520
15051 18451
8340 22032
49738 43306
4601 4885
20510 46776
29199 10297
25765 26690
43298 8136
49069 35905
26463 21506
18908 36273
46776 43298
29260 43306
33420 13010
29315 3215
21347 24058
23031 43298
20150 17461
161 39828
20294 26690
17447 18296
10419 28476
26463 43506
26690 48588
43327 39526
35843 15350
8185 14520
18451 21316
39746 25765
26529 37146
12563 13472
47945 17461
48410 40123
3450 35311
46635 6754
15992 20510
4356 38569
47945 26690
38784 37976
19032 26690
29199 6355
4203 47311
35918 15350
39828 21347
595 1013
595 390
161 22032
24058 36273
8293 4203
17447 27621
18459 26463
26005 45230
43298 46776
40312 35311
3406 28759
42720 8136
37976 36120
37146 4601
46776 39746
7504 38569
32169 5001
20510 26529
21347 21151
25525 30142
26690 29199
15051 25754
390 43506
25525 35905
10419 5001
37436 26529
35311 40585
31759 46886
34479 35131
3022 18296
18908 9770
33420 46635
29351 35311
29797 40123
41795 43506
49069 29797
25765 21316
35918 28360
46886 29199
49069 161
42095 13483
19032 27030
47311 18451
15992 35311
27190 18605
28360 7048
9255 36273
25765 24450
43327 7048
43506 35843
9770 13483
37436 17461
6216 49017
18459 7328
39746 33291
20876 29009
34479 41795
18451 36120
36273 25765
29009 3450
23048 39285
3022 38784
18908 20150
28421 29040
28421 4885
24105 38515
43506 36120
29040 25754
1145 49069
33801 1145
27073 43453
4601 4203
3022 21316
9255 36228
8293 21347
38569 27030
8293 35843
29315 19032
39526 41687
46635 7504
45230 25765
8340 41795
29199 39285
49738 33291
13483 21316
21506 22939
18459 27025
46776 27073
15350 35905
29351 49738
4203 13010
48062 17874
4885 13094
9770 3022
33801 11924
20510 36120
39074 4203
27025 27621
33307 26223
8136 390
4203 43453
47311 29040
28476 21506
26690 1145
26223 22686
36228 41795
9255 49738
8139 4601
18296 20294
42720 27621
5001 8293
19347 29009
18008 13010
39828 21151
17874 26463
43327 23048
36120 27190
7048 33420
8139 24105
11632 28360
22032 39526
7328 19347
21151 20876
29351 43306
33291 1013
39119 44983
38515 13010
46910 26005
27073 24105
27190 40123
28476 26005
31759 18008
43298 34071
30142 9255
48588 15350
9255 27190
32773 22032
30142 39746
39828 47945
4885 39285
32773 6216
35311 22686
33801 28759
33307 37436
13483 8136
48062 18008
4203 32773
39074 33420
26690 14520
24450 38569
40123 46635
42311 29315
35120 28360
49069 7504
24058 35120
19868 4601
13094 35843
595 33291
22032 7504
8185 27073
44640 18908
40585 17461
42311 22451
34479 21506
38569 39526
14700 24450
29199 27030
4203 48588
8340 28421
35843 46635
390 18451
17874 6216
3022 10297
1013 17461
13094 38515
37976 20876
33307 13483
40312 40585
26529 161
37976 10419
17447 26690
10297 29009
33801 3022
15350 49069
33801 13483
48062 24105
13094 44640
48588 28421
5001 31759
4203 36273
24105 35843
39526 21506
26529 46776
595 41687
22451 7328
18296 8185
25765 7504
11924 28759
49069 595
42720 32169
27621 36273
43453 13833
47945 41687
595 18296
17461 14520
39526 32773
13010 18008
3022 33420
6216 46635
20150 47311
1013 6216
4829 26529
39746 43327
390 21151
37146 49017
21506 35843
31759 39746
19347 18908
13094 34479
41687 8136
7328 22032
23048 20510
22032 32169
28476 4601
46776 37436
21506 13472
5001 25754
33307 13472
6355 20150
37436 43298
33420 28759
20473 49017
9255 44640
21151 40585
7048 20876
17874 40123
4885 17461
42095 33801
18605 13472
35131 11632
29260 18451
4356 13010
1145 26463
39074 13472
28421 7328
18605 3406
49017 31759
28360 27030
44983 4885
13010 20876
28360 34479
29315 18451
33307 42095
15992 31759
34479 29199
33420 25328
46886 26529
8136 1195
25328 31759
27073 44983
21347 14700
33420 10419
24450 35918
43298 27621
40123 32773
3022 33307
15051 14520
21506 39828
20294 37436
22686 17447
38515 35458
44640 25328
20150 28759
1145 4356
17461 23048
27030 18008
18008 20294
42095 20473
47945 7504
35120 34479
20876 15350
595 3215
19361 34071
1195 25328
11924 3022
9255 44983
27621 46635
41795 41687
37146 39526
27621 47311
1145 38569
28759 25328
42095 47311
46635 43453
46776 40123
2468 33801
47311 35458
26690 33307
22032 29040
42720 23031
19347 42720
37146 15992
20510 46886
9770 4356
38569 46776
39074 27073
30142 46886
42311 46635
17447 3450
4356 28360
47311 20876
48588 7328
44983 36273
13010 39074
29797 19032
33291 22451
42311 8185
34071 43327
19361 4356
43453 27621
47945 39074
25754 10419
34479 48410
15350 43327
17461 43306
29315 26223
24450 29199
4203 13833
18008 27030
48588 46910
33307 46776
43453 4829
34071 161
20876 39746
26223 48062
23031 12563
28759 13094
33307 22686
34479 30142
18451 27030
4829 38515
18459 40312
22939 15350
49069 13483
27190 48410
28759 47945
41687 15992
29199 4601
41795 6355
25525 46910
4203 14700
39119 20510
37976 20473
20876 10297
29040 39746
35918 38569
46776 46910
36120 15051
8293 46776
34071 47945
21151 9770
4203 41795
27030 22451
46635 20150
39074 5001
47311 161
18908 43298
10419 25754
7048 49738
35458 4829
32773 21506
3406 24450
34071 6754
48410 22032
7048 25765
28360 24105
19032 29040
6355 18908
26463 22451
17874 26223
3450 13483
35131 6754
36228 31759
34071 23048
49069 48791
27621 25525
13483 20876
29009 4601
11632 18908
18459 47311
31759 4356
8139 43327
38515 33307
26005 4203
28421 37976
595 33307
48588 44640
48791 22451
20510 4356
8293 37976
22032 49738
30142 4203
35311 7048
36228 43453
8139 4829
38515 39828
20510 46910
27190 5001
48062 18459
26463 31759
35905 19347
46886 42720
18451 40585
47945 21506
37976 41687
24450 10419
32773 39526
34071 48410
36120 27025
17461 49017
31759 13010
46776 29797
595 13010
35120 26463
595 42311
3406 43306
19347 1195
49069 39285
23048 4356
37146 18908
11632 47945
19868 25754
42720 22939
13010 8293
8185 48588
18605 48588
8139 35131
7328 48410
42720 47311
8185 4356
39119 7048
35311 44983
19868 40585
43453 20294
21151 35131
7328 49738
4829 15992
11924 18908
18908 23048
36120 21347
45230 19868
48791 19347
4356 44640
21506 43298
35131 42311
48062 44983
23048 4885
26223 14520
13010 46635
15992 19347
44983 41687
39119 48410
39746 1013
37976 21316
29797 25765
42311 43298
13833 21506
11924 27621
21347 33307
4601 48410
26529 43453
47311 20510
9770 24058
14520 4356
42720 36273
19361 36228
26463 4829
31759 20150
41795 35905
32169 28360
45230 28476
4203 15051
1145 8340
19361 30142
7504 13010
6355 8340
39285 25754
42311 36273
20876 40312
13010 47311
26005 33307
49738 8136
35311 26223
43506 4203
10419 48791
21151 22451
20294 24450
10297 23048
49069 6754
37436 32773
46910 15350
46910 29797
25328 46776
19868 13483
18605 18908
19868 29040
22032 25765
3450 33307
25328 22451
6355 36228
21347 14520
47945 22451
35120 33420
3406 30142
12563 30142
1195 27190
4829 46910
35905 29260
46886 18008
6216 29797
8293 3450
33420 19361
7328 31759
33420 40312
5001 34479
38515 19868
15350 49017
27030 39119
43453 42095
7328 30142
36273 25328
48791 12563
4203 36120
10297 36120
1145 31759
8293 21151
26223 15051
35131 17447
6355 44640
28759 22032
39119 19361
39526 10297
33291 46910
11924 49017
43453 21151
4601 13010
26223 46910
28759 32169
33801 47945
39746 21316
18908 33307
13833 47311
45230 19032
19361 6216
7328 49017
29315 29009
38569 46910
42095 15051
48062 49017
7048 40585
18296 15992
9770 2468
24450 49017
2468 24058
43298 28360
35843 39746
13483 9255
22939 43506
28476 26690
35905 390
26529 13094
3215 34071
49738 7328
17461 27030
39074 39119
25525 19361
18908 35120
26463 21151
18908 1013
24058 46776
39074 48410
7328 2468
3022 5001
48791 18451
37976 46910
9255 25328
33291 29040
8139 45230
13472 32773
6355 7048
27190 18908
33801 23031
20876 3215
26529 28476
595 4356
33291 36273
11632 3406
4885 44983
6355 43327
7048 1195
22939 11924
35905 41795
48791 38515
4885 4829
48588 36273
18451 15350
4601 36120
43453 18296
8293 29315
25525 42720
42311 8293
4356 24058
22451 20510
17447 27025
9770 27190
3450 8139
29351 25328
43306 47945
25754 43453
43298 595
14520 13472
44983 10297
29040 28360
33307 19347
39828 9770
48062 2468
7328 26223
44983 30142
3406 22032
15350 4885
390 40123
22451 18908
3406 14520
29009 11632
45230 17461
49738 15992
47311 22686
4356 18008
36228 13483
13483 24058
20294 43298
31759 43298
26463 17874
36228 49017
27030 23048
37436 25754
13483 161
25328 24058
33420 34479
46886 29797
19347 49017
35843 8293
38784 25754
28421 26690
20473 43298
26223 11924
34071 25754
26005 38784
15992 47945
8136 13094
29797 1013
595 10419
8136 19347
46886 1145
46635 22032
25754 161
39119 25754
43298 42720
21347 24450
45230 43298
4203 7048
3215 20294
9255 27073
31759 44983
29260 8136
27621 29797
47311 39526
48062 21151
22451 2468
40585 32773
21347 39828
37976 46886
45230 24105
26005 48588
1013 15051
43298 36120
595 46776
5001 42720
33307 5001
25765 2468
47311 29009
15051 21347
33420 29797
29351 46776
43298 22451
33801 29315
25754 4203
7048 48062
46776 41687
15992 18605
10297 4203
40123 29797
18908 8185
39285 6754
1145 45230
48588 17461
23031 26463
48410 37976
13472 7504
27025 41795
20294 36228
6216 40585
14700 6355
29260 39526
5001 37146
49069 42095
19361 14520
8139 7328
38515 46910
5001 27025
161 1013
28476 33420
27621 26690
20150 34071
7504 17447
6355 41687
36120 48588
21316 37146
8139 34479
37436 22451
41795 7504
40585 46910
9255 29351
21316 33420
26005 14520
28759 35311
1145 17461
39746 10297
27073 8136
48062 4203
9770 40312
18451 10419
29009 46776
49017 17874
8185 28421
5001 43506
17461 38515
17447 48791
25754 35120
29199 39746
18008 39074
3406 20473
41795 3406
33420 43306
35843 22451
39285 49069
13010 20510
33291 18296
35905 18605
38569 21506
46635 18605
42095 8185
41795 18908
17461 27621
26690 28476
43453 15992
20510 48791
3406 27030
46910 8139
19868 20150
23031 25328
29797 4601
27025 22686
45230 8293
13472 39119
48062 33420
27190 46776
19032 39285
25765 29351
18451 36228
8136 46635
35120 12563
35131 15051
13483 14520
3215 15051
19347 4885
46910 1195
49069 46886
37146 42095
27190 4203
28421 18605
35905 29040
29797 3406
49017 595
39746 2468
43306 39746
13010 23048
46635 18008
19032 44640
27025 31759
28476 25525
3022 39746
29260 36228
20294 161
8139 17874
40312 1013
29315 3450
390 29797
18605 22939
27073 1195
43453 3406
38569 8185
22686 37436
24105 29040
3215 14700
7328 22939
49738 25328
8139 49069
8136 2468
13833 4203
25765 36120
26223 49017
42095 39074
42311 4601
23031 22939
20150 26005
23048 18908
22939 38569
35918 8136
18605 19347
38569 36273
21151 18451
34071 5001
39119 25765
21347 6754
4829 3450
18605 28476
18908 6355
43506 37976
36120 39828
35311 23031
15051 20510
48062 29199
33307 40123
46776 21151
24105 10419
7048 48791
39526 40585
47311 20294
35120 7328
20294 27025
39526 6216
1195 21316
8340 25525
14520 13833
39285 10419
20876 25765
37436 42720
39119 3450
28360 14700
595 24105
10297 4829
35120 13010
39746 18008
15992 5001
48791 26529
18451 29260
17447 44983
19347 11924
13833 41687
48410 11632
40312 4885
15051 1195
29040 11632
46635 46886
48062 28759
23031 32773
9255 21316
37436 46635
33420 21151
22451 13010
48791 6754
14520 40312
35458 39285
35311 48062
48588 9255
21506 43506
1013 11632
21347 26223
15350 9770
25765 40585
12563 31759
22451 35311
36273 13010
26463 23048
35918 39119
7504 29351
14700 18605
40123 15992
40585 22032
28360 28476
39119 39746
48410 40585
18451 7048
41795 18459
30142 29797
7504 1145
25525 33307
46635 4203
49017 3022
21316 36273
7328 3022
21506 7328
26690 36273
34479 26529
14700 8185
37146 14520
33291 35131
21316 43506
49069 40123
20473 40123
32169 48588
26690 8139
20510 13483
44983 37436
4356 25754
26223 11632
18908 42311
25328 13483
46635 19361
18008 6216
21151 47311
36120 26463
18451 8139
3215 15350
3406 23048
37436 35458
41687 25765
8185 11632
21347 18451
2468 32169
1195 40585
1013 20294
3450 30142
39526 39746
46776 8139
27025 35458
24105 29009
25765 35843
8293 40312
13094 38569
42311 27621
7328 17461
7048 19347
43506 35131
17874 20510
27190 20473
28759 31759
13833 40123
29351 2468
13833 48791
26005 48062
26005 25525
3450 10419
28421 595
22686 46910
43506 12563
29260 7504
43453 35843
27190 39074
4203 40585
39828 49017
35120 18451
49017 29199
20294 20510
3215 17461
22686 595
35311 37146
35458 15350
8293 3406
5001 44983
38569 34071
45230 33307
18908 38784
42311 18459
18908 48062
21506 8340
20510 47945
46635 49738
19868 26005
23048 6355
27030 26690
14700 35311
31759 35905
20150 26463
22939 44983
42311 28759
29009 41687
33801 43506
8185 22939
20294 14520
40312 26223
27190 4601
35905 29315
43306 4601
33801 17874
35311 49738
38784 25328
27025 4356
390 49069
20294 23031
36228 27621
48588 3450
13833 12563
4885 41795
1195 33420
42720 36228
4885 30142
29199 27190
21506 34479
40585 28476
33307 1145
5001 18605
11632 595
19868 8185
13483 1145
21316 4356
18908 36228
37146 1195
48791 39526
20294 35843
24058 34071
20294 39526
36120 1195
35458 18296
46776 27621
49738 43506
12563 8293
19361 17461
18459 13483
22451 29351
48062 36228
31759 15350
19361 13472
20150 29009
18605 35131
27030 21506
595 21316
6754 26005
33420 9255
37436 20510
39074 18296
21151 18908
48588 27025
28759 6216
31759 8293
8185 22451
49017 18008
23031 11924
4203 29199
13833 4829
3215 6754
10419 46886
29040 4203
27621 46776
32169 33420
32169 1195
13472 19868
37146 23048
17447 43453
39074 8185
3406 15992
32773 7504
19032 45230
10419 17461
28360 21347
9770 21506
5001 35120
28421 28360
30142 15051
18296 11924
19032 39828
36120 5001
20510 3022
26005 29315
28421 43327
29040 161
40585 35120
26223 28360
46886 20473
28360 48791
29351 22939
38515 25525
37436 26005
2468 24105
4885 18605
23048 39074
20876 28421
39074 4885
25328 27073
18459 30142
35131 36273
42311 45230
33307 1013
17447 28476
35131 34479
595 34071
46776 1145
38569 2468
43453 18451
18296 28759
41795 3215
15350 29315
33291 48410
8139 43506
39526 25754
33801 25765
12563 27073
23048 35905
40312 24105
36120 35905
28759 161
38515 19032
8139 21506
8139 46776
43298 38515
32169 49017
15350 47311
34071 6216
34071 3450
12563 43453
40585 48791
35843 4829
23048 22686
35905 39828
7504 12563
7328 25765
34479 25754
35120 23048
40123 22032
26529 38515
48062 19347
23048 27621
17461 36120
19347 10419
20150 11632
5001 33307
18008 49017
26463 20876
24450 48588
26690 23048
6754 4885
13472 41687
6754 33801
3450 41795
49069 7328
33291 39526
24058 19361
161 25765
21316 3215
26223 29040
46776 33420
36228 37976
12563 46886
27030 35905
17461 11924
33307 44983
10419 39526
24105 18296
27621 11632
1013 30142
22032 39285
27621 34071
47311 20473
19868 7048
43327 41687
44640 13483
43327 35905
37146 29199
26529 33801
36120 41687
19868 20510
41687 22451
37436 5001
39828 28360
27025 36273
39285 18605
26223 13094
26463 7328
29260 26529
47945 8139
4356 36273
20510 8139
161 15992
21316 11632
33307 23048
15350 5001
595 47311
29351 15350
23048 37436
29315 15992
17447 1013
35918 6216
20510 28360
48791 26223
29797 6754
49017 29797
35905 6216
25328 13833
22032 20473
18605 38515
7048 47311
38784 21151
27621 10419
4203 6216
28759 11632
18296 35311
18451 6754
18296 40123
27030 29315
37436 8340
47945 49069
17461 390
25525 37436
40585 41687
47945 25754
36228 1013
28476 12563
18908 21316
46910 24105
6754 48791
10297 33307
36228 20510
26005 30142
17874 595
18008 22451
18459 15051
48410 29260
24105 30142
19868 29009
3406 46635
43506 23031
42095 27073
161 20510
3022 43453
29315 13010
33291 28759
14700 39119
28759 15051
8136 33291
38569 18908
26690 39828
25754 41795
34071 29797
18459 595
33420 27621
22451 7504
42095 38784
36228 39119
10297 26223
1195 24105
4601 2468
1013 6355
29009 8139
3022 46776
19868 28360
33291 44983
9770 22686
19032 21316
13010 21316
25525 40123
36273 29797
39119 34479
44640 21506
24450 4885
10419 40585
3022 48791
161 42311
15350 20510
29797 39285
7328 21347
39285 4356
35120 9770
1195 36228
7328 27025
4356 4203
27025 27073
13472 17447
18605 33420
13833 46635
8293 18459
24058 17874
27030 36228
22939 45230
28759 25525
8139 39119
39119 29009
34479 39074
38515 48791
25754 2468
32169 18451
29040 39119
9255 22451
390 23031
38569 39074
42095 15992
35918 10297
8293 13483
18908 29351
18605 26463
20876 20150
32773 46635
25525 3022
20510 26223
35120 14520
32773 20294
9255 46776
15992 4829
1195 28421
18451 35120
49738 31759
35918 41795
14520 33291
48062 18451
1145 43298
45230 12563
38569 28360
20150 24105
21316 39119
41687 3406
34071 19347
7048 33291
21316 21347
27025 161
28476 8185
25754 20473
40123 35311
6754 42720
49069 28476
48791 37976
29315 40312
35843 9255
3450 35120
18605 29260
390 20510
47311 39074
35131 22451
20876 28360
48410 27073
39074 26223
6216 39828
3215 36273
38569 31759
28476 35458
35905 26690
26005 36228
39746 29351
46776 12563
43453 49738
11632 40585
33291 2468
30142 18451
20876 21316
9255 26529
44640 36273
19347 8293
22451 27030
35905 21151
25754 24058
43298 48062
29040 39828
1195 26463
390 46635
39119 37436
29009 14520
8139 48410
39119 2468
35311 28360
37146 19361
11924 43453
35918 14520
4885 8136
13833 161
25328 25754
46776 49069
595 15992
43453 37976
37146 49738
43506 26463
10419 4203
42095 26223
8293 36273
42095 11632
32773 9255
40123 23048
44640 1145
20876 390
22939 48062
43327 15992
18908 18296
46635 22686
18296 15051
6216 4601
4203 26529
35918 40312
27621 30142
39828 43306
161 29009
37436 29351
49069 34479
21506 8185
40312 36273
45230 35843
15051 22686
7504 8185
4356 14700
46886 46910
4829 27621
21316 8185
18451 28476
32773 390
33291 35918
8139 19868
390 3215
18605 24450
49069 49017
33307 13010
47311 15051
46776 44983
46635 42720
13094 23048
7504 24450
10297 46886
39285 13833
40585 3215
42720 15350
22451 27621
4829 22686
20150 6754
26529 26463
12563 29797
9255 19347
36228 3450
29260 41687
15992 29260
25328 38515
10419 3406
15992 17447
29351 40123
18459 48588
8136 4601
40312 49069
13483 36273
10419 43306
25525 161
36120 38784
9770 1013
390 29315
8293 45230
3022 49017
4356 7504
39746 39119
12563 20876
43506 42095
39074 46776
47945 29199
45230 14520
17461 37976
23031 25525
29351 4601
2468 45230
38569 47945
48588 8139
7328 20294
43327 33801
12563 25754
32169 8136
4356 4829
46776 2468
6355 18008
7048 24105
37146 43306
43306 23048
23048 22451
35918 24105
19361 15350
18451 33801
8293 17874
7048 20150
25525 39074
9770 45230
27025 43327
22451 45230
7328 36228
46910 1145
15051 44983
49069 22686
24105 161
35905 1195
36120 21316
3215 33307
29040 20876
15350 35131
27073 31759
17461 9770
27190 28476
41795 29351
41687 36273
38515 18459
39526 30142
26529 19347
19347 3406
32773 44983
39119 15350
21347 48410
43327 46776
27030 39828
1195 20876
40312 37976
2468 22686
44983 26223
27073 29040
13483 27030
13472 37146
43453 49017
49017 22451
595 18451
390 9770
29351 8185
32773 27621
161 26005
4356 18459
21316 15350
19361 39526
13483 49017
12563 21506
26529 39119
13833 24105
49017 15350
33420 11632
19347 6754
18296 27025
5001 7048
33801 46776
26529 3022
39746 32773
48588 22939
44983 47945
13472 29315
18908 1145
35311 17447
19032 7048
1145 39526
26690 30142
42311 48410
48410 18008
2468 20473
1195 49017
37146 43506
390 43306
1145 22939
49738 39526
48062 27073
30142 22939
29351 39746
8185 29199
37436 2468
36228 4885
32169 43453
390 13483
26223 33420
24105 40312
19347 17461
13010 27621
43306 31759
33307 11924
36120 34479
29351 37436
46776 47311
18605 27025
595 29315
17874 20876
13010 42720
18908 37436
43327 1145
8185 21151
35311 18296
40585 38569
595 29797
19361 18008
13472 22032
45230 29260
26529 24058
4203 46776
34071 36273
3215 13833
41687 13010
42720 9770
15051 35131
49017 18296
18459 11632
6216 44983
27025 1013
21151 48588
23048 27025
19347 43453
3215 33420
30142 12563
26223 23048
8293 49738
34479 6355
13833 1145
39526 29199
8293 20473
14700 10419
13472 43327
48410 13094
3406 43453
48791 30142
15992 41687
33291 41687
25754 17447
20473 39285
22451 41795
38569 48062
595 20876
43453 39828
38784 27030
25525 41687
38515 39074
21316 33307
595 8139
48791 28421
1145 15992
42311 21316
24105 33291
20473 3406
28476 3406
28476 36120
27190 29260
39828 48062
26223 21151
48062 13483
48062 42095
12563 1145
24450 11924
29040 21151
33801 4356
46776 9770
25765 20510
26529 13833
44983 19347
19361 14700
38515 4885
29797 21151
19347 33801
17461 35311
43306 25328
42720 28360
25525 7328
4356 40312
44983 35843
11924 20150
17447 29040
4829 42095
29351 47945
35843 22686
20473 33420
35311 33307
39746 39828
24058 13010
20876 36228
43306 35918
17461 39074
26529 22451
8185 43506
20294 4601
18459 21347
32169 28476
25765 29315
42720 30142
43306 32169
17447 15051
8340 18451
11632 19347
41687 161
18605 35918
24450 3022
49738 15051
10297 33291
4829 43506
46910 18296
43327 15350
34071 48062
45230 161
18008 7328
31759 595
26690 46635
39119 25525
18459 13472
33420 48062
34479 43306
4601 29797
19868 4829
21316 33801
3406 42311
3022 7328
26463 17461
33291 30142
22939 36120
30142 4601
49069 35843
33307 8185
8293 22032
44640 27030
19032 27073
27190 33307
4829 40312
36273 19032
33420 3450
36120 47945
13010 18459
29315 161
22686 13833
46776 24105
43327 33307
13483 29351
43506 22032
161 27073
43306 45230
9770 37976
6355 25328
43306 37146
20510 40585
11924 43506
34071 38784
23031 36273
3406 15350
38515 6216
41795 25328
40123 14700
35843 20510
35131 35905
27190 17461
12563 21347
21347 38515
22032 29009
33307 25765
35843 46910
19347 43298
17874 8293
6355 20294
15350 25525
35918 3406
1195 20473
42720 35311
27025 40312
1195 1013
37976 26690
28759 43453
21151 39526
48588 31759
46776 20876
26690 35311
390 39828
47945 42095
7504 28360
18605 49738
40585 29199
48791 43453
26005 21316
46886 21151
25525 29040
4203 44983
44983 29260
12563 26529
18296 24105
39746 19361
9770 22451
14520 32773
11632 8293
43453 48410
18459 29040
26690 4829
20876 48588
6754 48062
18296 42720
48791 39074
20150 41687
17874 6355
27025 29199
35843 39074
8340 29260
41795 22451
35905 36120
7048 49069
39285 18296
2468 6754
48588 2468
18296 12563
11924 26690
6216 48062
19361 37976
27621 20150
30142 3450
18451 4601
7504 34479
1195 42311
43453 24058
28759 39119
2468 39119
25754 18908
17447 49738
38569 40585
18451 36273
24105 40123
6355 8136
1195 43327
35131 8293
26690 47945
36228 21506
35843 40312
15992 7328
48588 29040
14520 36120
41687 23031
9255 33291
38515 38784
28360 33307
34071 9255
40312 1145
27030 35120
20150 39285
17461 21151
15350 48410
19868 33307
18908 20473
13833 36120
21347 6216
21151 39074
26463 38515
43298 22032
9255 19361
42311 39119
32773 47945
24058 36120
7504 39828
35311 25328
11632 13010
3215 28476
45230 26463
37146 7328
26005 8139
22032 32773
38784 8139
33801 11632
39746 35458
27190 43298
48791 21506
6754 34071
15051 24450
37146 35131
28476 34071
23031 39074
26690 22451
7328 13094
17447 13833
49738 29797
22451 28476
35843 40585
27621 44983
35918 26463
20150 25754
26529 20294
27621 31759
6754 3450
390 48791
15992 21506
46886 41687
15051 20150
29040 35458
42095 33307
11924 4356
26529 28759
12563 34071
18008 32169
27073 13483
8340 13010
7048 35918
32169 44640
13483 26223
8139 25754
20876 18008
13472 15350
3215 33291
43453 49069
43453 9770
1195 5001
28759 33307
33291 49069
43306 38569
1195 49738
17461 22451
35905 21506
40123 33801
20876 8340
24058 22939
44983 29315
2468 8136
44983 48791
31759 4829
32169 48791
8136 31759
44983 46910
46910 28360
23031 14520
1145 26690
11924 2468
26463 44640
3022 39285
19347 5001
4601 47945
27030 20473
33801 35458
11632 4829
22686 10297
39526 33307
29199 15051
2468 49738
17447 8136
20294 26529
15992 39828
10297 34479
42720 18908
15992 33801
36273 42311
19347 27190
39074 25765
28421 8136
45230 29351
35905 42311
40585 43327
23031 18008
39074 19868
35918 47311
47945 27073
390 5001
17874 7328
34479 43453
48791 41687
26463 46776
20294 43506
24105 48588
36273 29260
22939 40123
39119 3022
21316 38515
1013 47945
19347 18605
18605 21316
21151 36228
33307 35918
43327 18459
46886 18451
37146 6216
24450 23048
49017 7328
7048 39746
4601 41795
23031 595
1145 28421
10297 8293
8340 7328
27030 33801
39526 42095
43453 6216
25765 48410
1195 29040
18296 28421
29351 48062
33420 28476
9770 33420
13472 38515
35458 161
35905 43327
46910 46635
40312 7504
13483 42720
3215 35905
38515 37146
41795 17447
38515 8185
18451 17447
4356 19347
38515 23048
40123 28421
37146 28476
36120 24105
48410 29009
27621 29040
8340 35120
39526 29040
15051 10297
20473 26223
42720 19032
26005 6754
37146 46910
47945 13483
13472 14520
30142 48588
39285 43298
17461 21347
11924 42720
29351 29260
29351 48410
46776 8293
13472 8185
37436 23048
44640 35905
12563 37146
30142 20294
43453 9255
35905 11924
40123 22686
19361 22939
18908 6754
3215 46886
8139 33801
15051 8185
4885 5001
47945 15350
48062 43306
19868 21316
48062 25525
11924 46776
8185 3215
6355 32773
21316 31759
37976 39526
21316 20150
22451 4829
390 48588
19868 25328
37436 33291
10419 3022
40123 48062
39285 49738
40123 23031
29040 26223
36273 10419
43298 18459
36120 2468
9255 26690
26005 39828
39119 35905
38515 20294
8340 15051
8185 49069
39526 27073
41795 20150
18605 17874
43453 35311
26463 10419
14700 18296
1145 20876
4203 26005
42720 29315
33801 390
45230 8136
29199 25328
1145 26529
39074 41795
32773 25765
29199 21347
161 28759
18451 35843
8139 43306
23031 24105
15051 33307
35843 23048
8293 36228
39746 46886
28360 13472
46776 22686
12563 42311
47311 10419
10419 23048
43298 15051
18296 39119
38569 22686
38784 21316
17461 13833
161 6216
11632 49069
6754 46776
33420 30142
30142 27030
27190 43327
42095 17447
48062 40585
22032 24105
29351 25754
15350 46910
13472 6355
49738 3215
41687 1145
46886 28421
35131 38515
4885 19347
3215 20876
11924 29260
29797 37436
48791 20876
43306 2468
48791 37436
32169 42095
27621 18451
1013 19347
21316 27190
48588 3406
17874 3406
32773 17447
20294 37146
6754 1013
17461 44983
37976 19868
42311 42720
27190 28759
29199 47945
29199 8136
26223 47945
4829 43327
29315 21347
24450 25328
49017 46910
33307 29351
10419 31759
29040 44640
11632 28759
29315 35905
25328 42720
11632 18605
24450 35458
36273 18008
38569 33801
23031 44640
49738 3406
23031 43306
44983 39285
18459 14520
3022 17874
26005 37436
40585 4203
26005 23031
45230 6754
25525 27025
46635 1013
36273 41795
21506 3022
26529 26223
34479 42311
20150 29351
43506 3406
22686 42311
47311 39828
19361 27030
19032 35131
14520 6355
18008 43327
49738 21347
25754 18459
39074 39526
21506 390
42720 40585
20294 38569
49069 17461
44640 21316
33307 3406
22939 12563
25328 39119
35131 38569
20510 20473
38515 26223
41687 20150
19868 22939
28360 45230
21316 29315
6754 35843
20876 24450
20510 25525
3215 48791
1013 12563
390 43327
25765 4601
26223 35120
26529 35131
13483 35905
39746 36228
39746 11924
27025 14520
20150 39119
27030 14700
6355 8185
49017 33307
18451 38515
40123 40585
27621 35311
40312 43453
22939 43453
18451 13094
4885 29009
28421 3022
44983 39526
42720 45230
4601 19347
7328 46910
1195 18296
39828 48791
8293 48791
43327 39074
14520 27073
27025 6355
49017 40312
18008 13833
18451 13472
23031 17447
8340 25328
48791 49017
7048 390
35131 20510
25754 40123
40585 39074
46776 25328
24450 31759
27030 43298
24058 39119
28360 1013
12563 14520
18908 43327
39746 4829
36228 7328
1013 24105
29199 11924
4601 1013
30142 26005
40312 22939
25525 9255
8293 38515
3022 43327
4885 36273
39074 43453
22686 48791
48410 7328
21316 26223
14700 9255
20150 7048
22686 35458
39746 26690
15992 22939
37436 4829
20510 45230
9255 35458
20876 6355
38569 21347
29260 4885
4829 42720
8185 13010
17461 4601
18008 37436
31759 25765
19361 36120
15350 14700
43327 26529
40312 3406
15051 28759
24058 20150
8293 35905
39746 7048
4203 45230
22686 29315
43453 32169
13472 43298
42311 46776
46910 35843
44640 8340
49069 28759
4885 43506
6355 42311
9255 29797
37976 27621
13833 24450
29009 32773
29260 49017
29199 20150
161 27030
28421 20510
37976 43298
28421 48791
24450 32169
41687 595
43327 24105
11632 34479
19032 5001
27025 25328
28476 18008
29260 18296
42311 5001
19032 41795
46886 23048
29315 22032
10297 49069
8136 29260
17461 35131
28360 46886
29351 21151
20294 26463
10419 29351
26690 35918
35905 20150
41687 36120
32773 15992
7048 22686
161 20150
26690 10419
20150 27025
22032 48588
46635 39074
15051 18459
22032 13010
42095 35843
40585 2468
27621 13483
22451 595
41687 49017
35120 39285
28759 1013
23031 3022
18605 41795
29040 45230
27190 25525
22939 39119
32169 21506
25754 40585
23031 34479
37146 19032
24450 33420
49017 46886
10297 35843
6754 41795
24450 41795
9255 18008
26223 25765
47945 23031
4356 6216
28759 29009
35905 48410
35131 48062
10419 46635
43298 41795
9255 8185
29040 49069
15992 13833
29351 48791
44983 21316
39828 38515
30142 161
18908 8340
7328 21506
18908 49017
40585 17447
40585 46776
26690 9770
18008 44983
38784 8340
26223 6355
26690 43298
19032 18908
4203 3022
20510 24058
27621 48588
28421 27025
22032 42720
28476 11632
38784 3215
35458 44640
18296 20150
48062 22451
24058 1195
17447 15350
39526 26690
42720 35843
43506 20876
22451 3406
6216 27190
35311 43327
18008 15350
7048 29797
4885 21347
17874 46635
6216 33291
7504 48410
18451 22939
8340 8136
10419 1013
20473 10297
33420 29315
47311 6754
28759 9770
23048 43506
43306 27073
36273 4203
32169 35120
38569 48410
48791 1013
39828 20510
22032 20150
41687 9255
22451 8139
32169 26005
4885 46776
27621 42095
46910 38515
4356 27073
34479 40312
15051 45230
5001 47311
20294 32773
40312 24450
14520 35843
14520 19032
24058 10419
39285 18459
46635 11924
18008 26223
43506 1013
20510 43327
24450 7328
19032 29199
3215 24105
29315 35458
26463 43306
24450 15051
49017 6216
39285 46776
1145 48588
39526 8340
39285 39526
42720 31759
20510 33291
35905 7328
10419 15051
4356 27190
42720 39828
5001 30142
20876 7048
42720 19868
28421 24450
38515 24450
18008 390
1195 22032
25754 36120
28759 19361
40585 42311
35918 15051
8185 6754
19032 19361
24058 39526
29260 18008
42720 29009
8136 13010
48588 18459
40585 28421
1013 40585
39526 13833
20876 44983
35311 42720
26223 17447
18296 3406
32773 14700
33801 28360
37436 3406
9770 22939
35458 11632
27190 17447
26529 43298
9770 24450
35918 27030
40123 22451
17461 41795
26690 24105
26223 33291
7504 33291
41687 43298
3450 24450
21151 25525
5001 11924
11924 13472
26005 25328
29315 24105
6216 39526
39285 15051
26223 39828
10419 37146
42311 13833
39828 35131
35905 29351
36228 25525
40585 25328
38515 23031
32169 6355
22686 18605
43506 23048
25328 28476
1195 22686
22032 19868
28421 10419
18605 8139
18605 43306
14520 35458
4203 48791
9770 3450
38569 35458
24105 20294
595 27073
8340 3450
4601 28759
20473 46635
17874 46776
31759 37436
13472 49738
17447 1195
17874 42095
35458 35311
43306 13483
14520 35311
29040 18296
46910 40123
40312 33801
26005 43327
42720 37976
38515 4601
18451 3022
22939 1195
37146 26005
27025 22451
15051 39526
34071 40585
36120 37976
35843 46886
3215 6355
18605 46910
29199 39526
29009 26005
8139 18459
10419 13833
15350 39526
46776 33801
29199 21506
4829 20150
36228 17874
40123 48791
27025 49738
27621 22686
6216 48410
43327 35918
8293 39746
27025 22032
46886 29315
35918 8185
28421 18008
20473 33801
27025 20473
39119 46776
7328 35131
42095 21506
47945 39746
47311 43298
4601 39526
36228 25754
29315 34479
21151 30142
8136 42095
10419 43506
6355 11924
22032 10419
8139 26223
4356 38515
6754 40312
8293 24450
6216 3406
7048 48410
7328 20473
29260 47945
28476 21316
24105 37146
13010 49069
22451 42311
41687 43506
46910 41795
7504 15051
40312 3215
33420 19032
390 161
30142 10419
33291 42720
8185 39828
43453 33420
18451 21151
18908 31759
25754 18296
12563 33291
19868 3215
35918 22451
20473 28759
15051 4356
18008 2468
27190 32169
28759 595
1145 32773
24058 6754
595 8340
35905 19868
33420 21506
47945 12563
44983 1195
13833 30142
7504 20150
28759 25754
28360 29315
26529 18451
21151 42095
3022 32169
32773 26690
24450 49738
42720 13472
39285 3450
20876 35311
37436 25525
29351 33291
22939 35311
33420 43327
39746 27030
40585 32169
29199 13833
35131 27190
41687 29260
26463 47945
38784 31759
38515 42095
48588 35458
36228 11632
5001 25765
29009 15350
39828 40585
17461 43453
17461 47311
48791 13010
14520 9770
37976 35311
45230 23031
26223 26690
13010 21151
33307 32169
24450 46910
22451 44640
49017 44983
35311 21316
24058 48791
21506 48062
14700 28476
40123 29315
15051 4885
20150 161
46910 29009
8136 8185
25765 18296
20294 3215
35120 36273
48791 32773
3450 8185
34071 29199
13483 49069
28476 35905
43506 21151
46635 41687
39746 39285
33420 46910
38515 25765
19032 29260
10419 7504
24058 7504
26529 18605
4885 13483
42311 17461
38569 20510
42095 42311
37976 12563
29199 39828
10419 17447
18451 15992
43306 13094
6754 28421
21316 39526
26223 24450
33801 26529
20150 29199
48062 39828
19868 27025
4829 35120
37436 39526
12563 40123
25525 13010
1145 35311
23031 24450
38784 11632
49017 48588
47945 14700
43453 35120
20473 32773
29351 27073
27073 390
24450 29260
38569 40312
29199 42720
49738 39074
17461 47945
39119 49738
35918 29797
39526 35458
13833 3450
27030 13833
4829 44983
40585 27621
36120 49738
27025 26223
36273 49738
19032 43506
6355 44983
33291 32169
38515 26529
32169 25328
35311 14520
39746 35905
4885 40123
8139 27190
35131 8139
35131 161
10297 43327
21151 24058
46776 4601
27190 8136
40312 25765
27073 49069
20294 39828
46635 24058
4601 24450
4601 10297
49017 1145
31759 4601
43327 36228
3022 35120
28759 30142
35120 49738
22032 13833
18451 18908
26223 29260
18451 33291
35918 4829
27190 22686
13833 33307
7328 39285
3215 25754
25765 13833
42720 26529
26690 27073
35905 46776
8340 33801
25525 15350
1145 33420
29315 27025
44640 18008
29009 8136
35905 43506
49017 20876
48062 48791
19347 33307
18908 33291
161 14700
18908 45230
18605 29351
22939 25754
21151 19868
20150 4885
35843 45230
3406 4885
36228 35843
7048 43298
43298 26005
47311 32773
45230 10419
48791 46910
19868 32169
35905 27190
29260 34071
3406 48410
26690 26223
35311 29797
40312 33420
19032 48791
40585 13094
6216 7504
34071 17874
20510 14700
26005 15992
17461 28759
36228 19347
13472 26223
36273 46776
29351 24058
15350 11924
1195 33801
14520 595
4601 33801
10419 35843
27190 22032
46776 43306
39828 35918
4203 35918
46886 595
46776 13010
35131 43298
42311 21506
25525 15051
9255 47311
3215 43298
42311 8136
39746 18451
39074 15992
29797 44640
4885 18908
12563 19347
22939 21347
21506 46776
27621 6216
17461 36273
25525 39828
4601 49017
11924 46886
22451 46886
49738 10419
17447 35843
8340 44640
24058 42720
20150 8293
15992 18459
15992 27190
11632 21316
39285 20876
5001 35311
18008 47945
39285 45230
49017 35843
19032 25765
49069 15992
38784 48062
25525 32169
17874 42311
20294 7048
21506 9255
46886 12563
24450 43298
35843 25765
40585 18451
8185 28759
42720 18008
43298 19347
9255 11632
5001 27073
29797 35120
29009 37146
25754 595
8185 28476
27073 28360
39119 32773
46776 6216
29260 37146
19868 8293
390 28360
27030 28759
28476 17461
40312 15051
19361 161
33801 26463
7504 14700
29199 23048
11924 35458
41687 39119
24450 8139
7048 13483
22686 7504
15992 36120
13010 35905
3406 23031
30142 8185
40585 8136
15350 43453
43453 10419
39285 13094
29315 38569
26690 27190
17874 35458
46776 11632
7328 20510
11632 49738
33420 48791
37976 33291
43298 24105
43306 8293
13483 35131
13833 40312
45230 22686
3450 25765
26529 34071
4601 13833
12563 4356
47311 25765
9255 28759
4356 43327
28421 18908
19347 10297
11924 35120
13483 22032
48410 43327
15051 43327
4829 14700
23031 3450
46886 41795
8185 46776
46776 47945
9255 29199
21151 33801
33420 26223
42311 29260
390 32773
8293 25525
46910 11632
7048 15051
35120 26529
3022 26005
4885 42720
35918 29040
21347 35311
25328 22032
35918 30142
42311 32773
7504 37976
43306 21151
18008 20510
18908 1195
22686 28476
48588 39746
15350 27621
9770 35458
38784 161
4601 7328
47311 37436
20473 46910
6355 20473
35120 29009
20150 48791
8136 26690
44640 38515
43506 3450
8139 161
2468 35131
13010 28476
6216 17874
31759 39526
25765 3215
39828 39746
23031 11632
40585 35131
45230 48062
36228 27073
13833 41795
8293 33420
48410 29199
19868 390
32169 8185
35311 21506
41687 34071
41687 39074
49017 22032
20473 19868
13483 18008
9255 48410
47311 19032
27030 15350
44640 24058
45230 42720
25525 29009
15992 34071
49069 28421
48791 42095
7504 49738
161 18008
7048 26223
19361 46776
31759 390
18451 37146
14520 25328
20150 34479
39285 1195
595 35918
48791 3022
20876 24105
24105 26463
33420 40123
17447 28421
13833 42720
3406 39119
1145 40585
29009 35311
3022 44983
43306 1195
4601 42095
35918 3215
20876 21151
44640 8136
8136 13483
37436 40123
27030 10419
15350 41795
39119 27030
18296 13010
29009 161
25525 4885
1195 29797
161 3450
36228 19032
38515 1195
47945 17447
29199 43298
9255 17447
25765 38515
41687 18296
32169 11924
35458 22032
24105 32773
4203 46635
39746 39526
18296 42095
29260 25328
39526 13483
24058 390
23048 1145
14520 39119
2468 8139
9770 10297
6216 6754
7504 14520
26690 12563
44640 9255
34479 13472
35905 13833
49738 36228
48588 21316
44640 37976
26463 20473
26223 37976
47945 38569
15051 28360
6754 27025
25765 29260
40312 4829
48791 9255
19032 8340
28421 46635
8293 48410
48062 42311
39526 19032
13010 3022
13010 49738
13094 29009
27190 44983
390 19361
40312 9255
27030 38569
34071 43298
7048 38515
25765 33307
595 39074
25525 17461
19032 31759
43453 27025
35918 4356
46910 27030
9255 18459
24058 36228
19347 13833
4885 33291
46886 25765
48410 20294
38515 18008
3450 18908
25525 28476
26529 17461
34479 41687
10297 25765
33801 26005
1145 29315
13833 27190
25328 48791
35918 24450
47311 3022
27621 19032
46886 35120
7048 43327
18459 3022
27621 39285
4885 21506
24058 46910
21506 4829
40123 33307
49069 45230
161 1145
7504 8293
29315 29199
27025 7504
32773 29009
34479 35918
17461 45230
42311 25765
23048 33307
20510 40123
26223 22939
161 46910
43306 38515
13094 43453
39828 18451
46776 18908
18008 49069
23031 28421
46910 390
2468 40585
49738 32169
29260 46776
33291 6754
24105 19347
41687 13472
8340 27621
18296 3215
22939 46910
1195 44640
15992 37146
35458 5001
24105 45230
5001 49017
26529 15992
35311 3450
21506 21347
25754 26463
13833 13010
28360 161
18908 2468
29260 3022
39074 13010
39074 15350
9255 29009
48062 37976
37436 44983
43298 42311
43506 44640
26690 35458
18008 46776
27025 21506
45230 39526
40123 27025
35131 19032
27030 21316
23031 4829
18459 18296
29260 36273
1195 36273
35131 43327
20150 1013
22686 22032
26463 36228
49738 22451
3215 26529
4601 17461
29009 48791
13833 49017
20473 49069
36228 33801
15350 13094
26463 38569
26463 28476
32773 20876
29260 20876
1195 20150
13483 4203
18459 45230
13472 28360
27030 35311
20473 36273
29199 26463
8136 35905
26005 26223
25765 13010
46910 15051
36120 48791
20294 35131
22939 3406
18296 49069
41795 48791
46776 3022
24450 27030
8293 20510
38515 28421
46910 21347
25754 390
29199 29315
19032 8293
26005 46635
19361 6754
25765 7048
11632 39746
6355 18296
27030 37976
8340 6754
20876 43306
35905 37146
13010 4356
39746 25754
20876 33420
1195 4829
18605 2468
41687 18605
14520 26223
26529 23048
46635 12563
20510 29199
3450 49017
25328 48410
19868 7504
39074 11632
37976 1145
6355 15992
35120 8139
44983 3450
8136 46776
14700 35458
39746 8185
46776 7328
44640 39526
26223 6754
18605 41687
35918 29009
24105 39074
46910 7328
37976 29351
33307 13833
37436 6355
46635 26529
11924 20473
38569 30142
25765 24105
17874 29315
29009 24058
49738 43453
32169 13472
21151 7048
7504 18908
6754 8185
161 48588
19868 27073
17461 13483
42095 35131
43306 39526
47311 24450
27190 48588
3215 47945
20150 15350
11924 48588
7328 35843
30142 20510
39828 19361
4356 20294
38569 37436
6355 39074
27190 46910
26529 36273
27030 39526
40312 36228
49017 26005
2468 13094
36273 39074
41795 29199
34479 49069
37146 7504
35131 13833
43327 13472
12563 11924
36228 25328
1013 43506
9770 15992
40123 27621
29797 6355
13094 15992
49017 25328
33801 20473
42095 31759
29797 26005
19868 42720
22939 49069
13094 3022
10297 29315
29260 35843
39285 27030
21506 20150
20473 41687
29040 20510
24058 25765
3022 19868
6355 27073
8293 40123
29260 15992
31759 14520
4356 3406
35843 42311
44640 25765
26005 27073
36120 4356
11924 390
40123 41795
1195 48791
36273 39526
9255 13472
13010 29315
18296 8340
25328 21151
22686 24450
22451 29260
39828 32169
13483 28759
390 20876
11632 27621
46886 4829
20294 28360
43327 28476
25525 18451
39526 33291
35905 33291
19361 2468
35120 26005
35131 37146
32773 9770
7504 29040
42095 43506
3450 20294
14700 31759
43506 8139
2468 29797
29040 14700
24058 7328
2468 49069
17874 8185
40585 29260
40312 26005
29009 4829
29351 8139
21506 33307
21316 25328
22032 48062
49017 18459
18296 43327
35458 6355
38515 4829
6355 29260
48791 27073
42720 33291
33801 39285
35918 13472
26690 41687
39746 26005
46635 30142
18008 48410
40585 48588
23048 36120
35458 4601
44640 13010
28360 32773
45230 29315
28421 42311
390 13472
18605 37976
22939 28759
43327 13833
14700 11632
18605 6355
42311 30142
27025 595
23048 9255
32773 29797
35131 2468
18296 48791
38784 4356
4829 8340
27030 4885
36120 4829
35843 42720
29040 10297
18008 40585
49069 36120
595 7048
18008 42095
39074 21151
26223 1195
21506 38569
26005 22451
9770 28476
30142 48410
7504 39074
43453 40312
36228 26223
18605 29009
9770 13094
30142 34071
37146 18451
48410 18605
39074 19032
35918 21316
21151 25328
8185 390
39119 27621
6355 25754
35311 19868
8293 24058
8293 39074
27190 41795
29315 33291
46886 29351
43327 20473
11924 4885
42311 19361
27190 14520
19032 8139
1013 43327
27190 39285
33801 36273
17447 25765
27190 20876
33291 28421
28421 15992
22451 20473
13094 48410
4829 19868
35311 26005
9255 29260
43327 33291
8185 13833
43327 20294
4829 35131
13010 36273
10419 26005
9255 38569
27073 46776
8185 20294
40312 20150
33420 1195
24058 9255
7048 24058
26690 35120
39119 33420
46910 48588
4829 35458
24105 36273
22686 13010
37146 44640
38515 22032
10419 20150
7328 20150
17874 20294
4203 42311
21151 19347
27190 19868
35458 38569
14700 25525
25754 24450
161 29260
37976 24058
595 32169
1145 46635
19868 39285
35131 46886
43453 17461
28360 29040
4601 35311
35905 8293
21151 21347
15992 24058
36228 28476
7328 35311
26529 19361
21316 44640
40585 20510
29199 44983
14520 15350
10297 1013
33307 27073
35131 28759
18459 27073
13483 28476
15051 38569
9770 36228
15350 26005
39119 36120
37146 20294
161 33420
29797 48410
18459 21316
44640 9770
33307 17874
22451 36228
22451 3215
22032 35120
39746 28421
18008 42720
27025 26005
15051 43306
21347 20473
27073 46886
28759 7048
9255 22032
21347 20294
34479 18451
14700 22451
39526 43298
25765 44983
7328 18908
36228 40312
29260 35905
23031 42095
6216 43506
27025 25754
3215 44983
34479 47945
35311 38515
18008 8340
29040 13010
43298 35843
8139 47945
17461 1013
37436 30142
21316 33291
161 37146
49069 39526
43453 29009
18459 18908
23031 7504
2468 32773
41795 9770
29009 43298
13010 4885
3450 32773
23048 32773
48410 13010
26005 3450
23031 8185
43298 35918
13010 20473
6754 23031
6355 10297
28759 13010
26463 390
31759 25328
37436 36273
8139 18451
35843 18296
22686 37976
27025 24058
46910 47945
4601 23031
2468 18451
20876 22686
29199 19868
46886 36273
21506 11924
27621 6355
28476 15350
43506 29040
14700 15992
33307 14520
8293 18605
390 13010
42311 18296
25754 48410
32773 26005
25328 36273
28476 26529
390 42720
36273 18605
22686 15350
48588 48410
42311 595
32169 40123
26463 595
49738 3450
17447 8340
7048 25328
21347 17874
49738 22686
38784 13483
25328 33307
26223 19347
14520 17461
20150 22451
161 390
48588 19868
22451 4356
1145 33291
8185 33420
7048 42095
595 41795
4356 35918
35458 49069
21316 26463
25328 3022
29260 19361
21347 28421
6754 33307
25765 38569
8136 29009
32773 20150
36120 26529
47945 36120
11632 32169
39526 14700
13483 25754
48062 38515
15350 20294
30142 3215
37146 36228
1195 43298
13483 48791
43506 9770
11924 27190
29797 8136
25328 40585
48410 4356
28421 46910
43306 5001
18008 7048
27030 23031
4829 4601
26223 44640
46776 18459
19032 26463
43306 37976
11632 19868
35311 20510
27621 43327
21151 12563
27025 27030
3450 18296
42720 15992
20150 43506
37976 18605
38784 29797
29040 47311
29199 4829
20150 7328
18605 3022
36120 42311
18451 37976
21151 26223
27030 20150
17461 15992
20510 24450
8136 8293
27025 1195
24058 43298
48062 3215
33801 35120
41795 39526
39746 13472
22686 15051
25525 19347
28421 8293
1195 18908
13094 38784
42311 7504
40312 26463
30142 46776
29199 19032
5001 8185
390 15051
17874 43453
15051 6355
25525 36228
24058 29040
49738 39828
42311 29351
44983 24450
39526 37976
9255 39746
46635 42311
42095 6216
37436 13833
29199 31759
34071 36120
13483 39285
36228 29040
8340 37436
28421 17447
20473 35458
32773 45230
20473 27621
37976 8136
39746 34479
3406 40312
28476 11924
2468 8185
17447 26005
29199 8293
27190 35458
13833 18908
48791 29351
33307 19361
13094 39119
22686 31759
35120 15992
18605 6754
20150 17874
25525 390
28360 8185
32169 36228
161 39526
46886 161
13472 20150
24058 4601
29315 9255
29315 48588
33291 20294
28476 1145
10297 19347
46886 9770
47311 28421
6216 19361
36120 7328
6355 13833
35905 6355
14700 39526
8340 18605
46776 15350
37146 9255
26463 18908
32773 2468
24058 29199
33291 15992
19032 47311
19032 21347
20150 24450
19868 11632
7048 13010
8185 31759
12563 35843
36120 48410
39285 43453
17461 34479
37976 35120
46886 43327
10419 4356
32773 24058
35843 3215
49017 48062
14520 29260
3450 28476
161 13094
25328 43327
4829 30142
33307 25525
32169 39526
9255 1013
36228 35120
37976 29199
8340 37146
32169 19868
46776 20150
9255 25525
32169 23031
25754 33801
35131 26005
47945 35311
161 1195
41687 8139
21151 8185
20150 32773
25765 3022
39526 27621
43506 39119
35311 9255
17447 3215
29351 38569
8139 46886
39285 33801
26463 25328
39074 23048
46635 27190
43298 21506
33801 39746
27030 24058
39119 14520
21347 13472
9770 34071
17874 161
42095 26463
26005 7048
161 44983
48588 20150
24105 48410
34071 27025
19361 46886
7504 1195
14520 19868
390 28476
8340 26463
36120 18008
7328 43506
20294 9770
26463 34071
47311 20150
25525 21151
25525 18908
30142 29040
39746 27190
35120 32169
47945 3022
24105 39828
19868 33291
8293 19361
41795 26223
21347 25754
38569 33291
47311 19361
17874 39285
29009 25765
27190 161
46635 35131
49017 10419
30142 26529
35905 22939
38515 43453
49069 38515
40123 25328
6216 48588
39119 23048
43453 42311
33801 29351
37146 36273
29797 10297
40585 29315
24105 48791
38784 35905
18605 20294
29351 26529
2468 43327
18296 46635
1013 33291
29260 22032
10297 42095
46886 35458
49069 37146
40123 43506
27030 24105
19347 595
39828 17447
35311 19361
26529 20876
19347 29797
48588 38515
23031 43327
43453 37146
5001 24058
35918 33420
33801 42720
4203 1145
25328 18008
42720 27073
28360 26223
13833 23031
29315 8136
10419 35918
30142 34479
35905 10297
19361 48410
36228 10297
22686 10419
19347 22686
7328 8139
7048 38784
38784 43327
3450 29040
161 21316
2468 26463
46776 3406
33420 8139
24058 39285
595 33420
45230 36273
41795 21316
7328 17447
49738 25754
35311 3215
38569 35905
3215 36120
24058 2468
13483 39119
20150 19032
20876 3022
6754 35905
27621 39828
8136 15992
40585 1013
1013 42095
4829 13833
46886 48410
23048 8136
6355 40585
48791 29009
20294 1013
14700 36273
28759 21316
35905 22032
7048 46635
39119 46635
40312 7048
31759 27073
3406 18008
13094 18459
19032 7504
8293 39526
2468 10419
22032 37436
4356 43453
49017 42095
36120 23031
19347 25525
22939 26529
8293 39828
31759 37976
46886 46776
25754 34071
44640 595
28360 20510
9770 29009
43306 48062
22032 29199
29797 4885
44983 13472
28476 31759
27621 39074
19361 35120
49069 25525
41795 33420
10297 39285
27190 26529
29260 39746
45230 44983
49017 21347
28476 44983
35131 29040
17461 48062
13833 22686
10297 19361
46886 43453
35131 36228
19347 47945
18296 25525
4829 41687
42095 26529
4601 24058
22032 41687
37146 38515
25328 47311
7504 28759
29351 11632
38515 42311
390 12563
8185 15350
46776 35905
20510 18459
1013 29040
21347 29351
47311 18605
30142 39828
29009 29260
36120 35311
27073 23048
42095 29315
49738 13833
43506 33420
20294 33801
28360 8293
41687 17461
19347 40585
35905 34071
1195 42095
27190 3215
26223 29351
29199 161
38784 8185
24058 35905
22939 4203
29009 46910
31759 1013
36228 13010
40312 21347
23031 48791
390 7328
39285 36273
25328 37976
37436 47945
41795 42311
8136 39119
11632 8139
44983 39074
48062 35311
24105 21506
24105 29351
44640 21347
40123 21506
11632 45230
36120 49069
43506 7048
23048 13094
1145 3450
10419 14700
40312 43306
15350 28759
37976 21506
29040 34071
4203 7328
1145 2468
19032 43298
36120 20150
39746 40123
48588 47945
10297 3022
23048 28421
4356 20876
13010 29797
21316 37976
49017 6355
44983 22451
4356 49017
161 15350
3406 26005
390 14700
31759 29315
43453 18605
27025 8136
29351 35131
8185 38515
25765 17874
15350 13472
38515 28759
20473 4356
39526 8139
1145 17447
25328 11632
32773 36273
48588 22032
35905 44983
43453 4356
18908 12563
30142 27025
33307 29315
161 21506
7048 21347
31759 43506
35311 48588
44983 14700
15992 23031
6216 20294
42720 48588
27030 46886
18459 29199
5001 22032
26463 49738
3022 13833
19361 48791
35311 17461
19347 47311
37976 43506
46776 29315
4885 20294
17874 10419
20876 39119
14520 1195
19868 48410
13833 39285
14700 13472
9255 5001
31759 10297
48062 25328
12563 42095
28759 35458
26223 9770
29009 1013
4829 3022
23031 3406
48791 39285
29199 26005
4203 1013
10297 35458
25754 23031
29199 14700
22939 14700
18296 29351
27073 595
6216 32773
17461 7328
43453 15051
7328 33307
3450 43453
38515 8293
13094 26223
43327 6754
3215 19347
17447 29351
19868 39746
28476 37436
7048 32169
42095 7504
39526 34071
46776 13472
38784 46635
35843 42095
41687 24105
39526 31759
37146 14700
35120 48791
40123 24105
43506 27025
28360 24058
20510 37146
46910 21151
48410 33420
27190 43506
49069 25328
15051 29260
36228 42720
35843 44983
13010 47945
14520 18296
15350 35458
25765 39119
18605 20876
13010 44983
4356 29315
32169 24450
25765 18908
20473 18296
49017 32169
43506 38784
43306 7328
43453 14520
23048 39119
40123 4203
17874 43327
11924 24450
36228 161
20294 35905
29351 35918
28476 29260
23031 9255
43453 12563
35311 6355
41795 40312
13483 5001
22451 161
32169 41795
20876 33307
7328 41687
20294 40123
28421 44640
46910 43298
39285 27621
8185 3450
43327 29315
24450 48410
390 17447
35120 36228
45230 34479
29040 27621
33291 4356
26690 46776
47945 10297
4203 48410
17447 22032
20876 14520
28759 4203
29260 17874
33420 29351
8185 13472
49069 27621
49738 23048
17461 25525
42311 6355
35905 42720
21151 17874
11924 37146
20294 33307
28759 26463
595 6216
43453 47945
6754 26223
10419 46776
13472 29351
8185 20473
23048 35843
43506 27030
29315 28360
29351 390
26690 28360
25328 40123
13483 24105
390 18605
46910 46776
29199 44640
8136 43298
34071 39119
25765 1145
24105 8139
8293 21506
6754 29040
1145 38515
25754 18008
27621 44640
48588 11632
20510 4829
33420 33801
27030 7328
21347 43506
28476 20510
21151 41687
35120 46886
29009 10419
38569 13010
5001 15350
37146 33291
20473 25328
27190 37146
49738 21506
18296 17461
38569 17447
14520 13483
40123 11632
3406 18908
28476 40312
17461 19032
47311 6355
48062 47311
35918 18605
8136 25754
28421 27073
41795 28360
38569 29009
39828 4829
34071 28759
38784 21347
12563 13010
28360 48588
49738 13472
21506 27030
25754 48062
43453 11924
22686 7048
45230 28421
46886 38515
2468 29009
28476 49069
24105 19032
20510 17447
25765 25525
35905 24058
161 26529
35843 13010
13483 39526
39526 47311
41687 29040
36228 18459
1195 15350
34071 22939
47311 13833
18605 39119
595 26529
22451 13472
11632 36228
17874 39526
38515 14700
9770 31759
26690 11632
48588 38784
37976 4829
11924 29199
29797 14520
18296 1195
48791 6216
48791 13094
27621 49738
3022 28759
37146 23031
26690 42720
10419 33307
47311 42311
43306 32773
25765 37976
15992 29199
10419 22451
27025 45230
4356 3215
24105 25328
13483 19361
38784 12563
4203 4356
25765 33291
10419 22686
33307 15992
39119 8139
7048 13094
49069 8185
40312 22686
32169 6216
27190 20294
15051 21506
4356 40585
21347 27190
28360 19868
595 43506
37976 23048
20510 32773
27030 45230
12563 44640
26005 26690
7504 595
40312 3450
28759 38569
42095 44983
18296 8136
40312 6216
8185 8340
28421 19347
28759 28360
18605 34071
21151 20473
24058 43306
26690 15051
21506 23048
49069 6355
46776 13094
46776 45230
39285 13472
29797 4203
2468 21347
33420 39119
47945 48588
43298 29199
22686 41687
43306 43298
29315 35843
13833 8293
25328 7328
46635 8293
43298 40312
33291 36120
12563 7504
20876 19347
26005 49017
38784 28476
28759 40312
49738 44640
39074 29315
29797 48588
33307 4885
41795 18296
48588 40585
11632 41795
41687 5001
39119 28476
35311 36228
25754 41687
32773 25754
33291 38569
29351 23031
44640 17447
36228 27030
28421 30142
20473 3022
8185 24058
24105 46910
4601 18605
38515 3406
32169 37436
6754 26529
29797 36228
14700 37436
13483 29199
33801 25328
7504 18605
41687 19347
32169 44983
25754 46776
29315 43506
25328 37436
40585 6216
39828 26690
161 36120
11632 36273
20150 43327
35131 25754
15992 9255
6754 43453
19032 595
3022 29797
46776 24450
8340 18008
25754 8136
43306 23031
28360 390
12563 28476
12563 32169
43298 26223
18908 7504
26005 9255
49738 46910
18908 22451
29351 4203
34071 39828
20473 22032
49069 27073
42720 1013
4885 35843
48410 6754
9255 40585
42095 28476
20150 27030
6216 35905
42311 390
26529 35918
43453 20473
14700 6216
33307 7048
26463 1013
15992 30142
26690 22032
23048 25754
19032 28421
42095 13094
13833 43327
1195 7328
21151 39119
45230 27190
47945 21347
35905 49069
46910 20294
35458 26690
1013 8136
20510 1195
7504 47945
28476 20473
48410 3022
22451 48062
27030 8136
43453 35458
31759 47311
13483 11632
23048 3215
35458 595
19032 161
36120 4601
31759 41687
7328 15992
28421 48410
20294 39119
43298 29351
49017 40123
35458 28476
25754 29797
39746 48588
39074 161
6355 27621
35131 30142
38784 29040
33420 33291
14520 46886
24450 39119
49069 24450
20510 21347
25328 13472
10419 34479
35120 36120
25525 46776
21347 19361
11924 33801
27030 46776
11924 6754
1145 29797
20473 26005
39074 43327
28360 36120
39526 44640
36273 36228
33291 22939
4601 11632
27025 38569
44983 48588
24058 8136
23031 4203
37146 46635
35458 19032
20150 41795
4829 39285
42311 37436
22686 26529
48588 28759
8136 44983
22451 40123
40312 46886
28360 2468
41687 42095
26463 8139
48588 19032
8293 43306
25328 33291
39828 11924
4885 28759
19032 9255
28421 29315
29199 48791
29260 6355
17874 20473
22939 41687
18605 21506
47945 15051
161 33307
25328 29260
32773 32169
4601 24105
33291 390
4356 30142
25525 33420
8340 161
6216 39746
27030 48588
390 4885
30142 33420
25525 21506
35918 390
24450 13483
9255 3450
27025 30142
11632 9770
29040 40123
14520 36273
29315 7048
35905 10419
38515 35311
25525 21316
9770 11924
27621 20473
44983 42720
3450 41687
3215 28759
24450 28476
41795 27030
48062 32773
42311 38569
24058 1145
18459 33801
43453 6355
25328 39074
25525 47311
7328 28759
17447 13483
37146 28759
35458 48062
29260 39828
43306 47311
4601 3022
9770 18008
21316 42311
30142 28360
1145 25765
39526 5001
12563 2468
17874 31759
21506 3215
23031 19347
27073 27190
20510 22939
27621 42720
23048 29260
43306 33291
35458 13010
39526 17461
33307 4601
48062 5001
19032 7328
33307 47311
3450 18605
36120 29351
36228 49069
11632 25754
9255 36120
17447 11632
24105 43298
13472 46776
4203 28360
11924 12563
33801 21316
20294 49017
29199 49017
35131 6216
13833 595
25328 34479
18605 33801
31759 11924
39285 3406
7328 8293
33420 26005
27073 4885
41687 15350
19868 28476
37436 35918
41795 15992
4203 29315
33420 44983
36273 23031
20294 27073
23031 46635
42720 49738
4356 48588
41687 28759
38569 4601
26529 8139
20510 28476
26223 37146
28476 27190
22451 18296
33307 24105
49069 48062
22686 39526
27025 17447
36273 22451
40123 4601
18908 43453
7328 34071
37436 11632
14700 44983
11924 27025
23048 20876
8340 37976
4885 38569
14520 19347
22939 17461
20150 33420
22686 29009
22032 1195
28476 46886
10419 27073
19361 10419
19347 37146
1013 4601
18296 17447
39526 36120
38569 27190
46910 4203
22686 11632
18451 18008
26529 38569
35905 25754
24450 15350
8139 3406
22032 37146
48062 9255
33420 13094
33420 35918
33291 22686
20876 2468
35120 47311
18908 42720
6355 48588
22451 44983
21151 13010
15992 390
48791 13833
18008 3450
10419 42311
46776 36120
38569 38784
21506 4203
21316 6216
9770 17874
23031 48588
161 36273
29351 33307
37436 29315
14700 22939
18296 4356
48062 35918
4829 23048
23048 22032
20473 29797
26005 19868
43506 33801
28421 13833
24058 18451
42311 25754
5001 46776
15051 27030
33420 35120
37436 33801
4885 48791
161 18451
37436 8136
47945 43506
3022 26463
29315 26463
46910 20150
26005 28360
20150 4203
29260 24450
35120 22032
28759 49738
39746 44983
20473 3450
14520 22451
33420 36228
26223 36120
21316 46776
33801 49738
9255 18605
27073 37976
17461 43298
12563 3022
32169 8340
43327 42720
40123 3022
21316 49738
19347 13010
29351 28476
20150 8185
8185 27621
39119 19868
19361 32169
25328 4356
36228 22939
9770 29260
13483 28360
4203 20473
3022 19032
46910 29260
39119 38784
20473 44640
26463 35120
20150 25765
15992 8136
34071 42720
39526 26005
3022 17461
24105 28759
30142 25525
39119 48062
13472 33801
20150 49017
26463 29040
27030 43306
46886 35905
37976 1013
46635 25328
34071 17461
26529 37436
10297 27073
8136 7328
48588 39828
45230 41795
29199 595
48410 38784
18605 32169
26005 24058
19032 44983
20150 8136
11632 18451
19868 4885
35458 29797
17874 33420
4356 39828
33307 14700
19347 36273
39746 27621
29351 27030
14520 10419
25765 39828
161 18459
35311 1145
48410 28476
26223 5001
595 29009
6355 21316
45230 27030
3450 39119
25525 47945
24450 45230
43453 19361
44640 34071
37146 33420
41687 49069
23048 27073
6355 9255
27190 22451
35131 20876
38569 37146
40123 14520
8185 9255
11632 43327
41795 11632
29351 43298
39074 390
29009 44983
39746 21506
28476 32169
46776 34479
25765 10419
48588 5001
46886 22032
37436 9770
35458 29260
29009 39074
49017 43453
42095 22451
39285 42095
8293 26529
40312 46910
20876 38515
46910 26690
39746 43506
4829 11924
20150 3022
15992 22686
11924 19868
29351 43453
26690 34479
26690 6355
37436 48588
8136 18008
43506 18451
19868 38569
22032 21506
24105 595
13472 6754
4829 38569
27621 28759
17461 25328
4829 15350
1145 30142
29797 19361
39526 40312
45230 27073
29260 41795
40123 8293
42311 35311
44983 25754
48410 18296
43506 3022
24058 35131
29199 3450
49017 30142
38569 19032
17874 27190
35311 27030
19032 32773
28421 33291
4829 49017
28759 20473
18008 29199
7048 26463
22032 25525
27073 33420
20150 46910
38569 11632
43327 29797
14700 37976
40312 27025
35843 41687
8293 42720
28759 15992
27621 19361
28421 5001
17874 35311
8340 48062
24450 29009
13472 39828
25765 39285
47945 24450
28476 30142
36273 21506
48588 33307
595 10297
35458 48410
17874 3215
13094 6355
28476 9255
22032 18008
42095 19032
29199 3022
23048 17874
36273 8185
19032 18296
26463 26005
45230 20473
49069 11924
17461 14700
34479 42720
47945 39285
32773 36120
18605 46776
37146 17447
15350 2468
44640 2468
29315 12563
23048 11632
595 36228
21316 19868
42311 43506
34071 30142
10297 29260
39119 12563
595 3022
15992 32773
26223 7504
35918 35843
29797 3022
12563 23048
35131 28421
23031 8340
43506 39828
47945 19361
7048 45230
46776 35918
39828 46910
39285 44983
26005 29040
22686 22939
48410 2468
11924 4203
5001 40585
17874 19361
19361 22686
29797 36120
27025 39074
42311 39746
18451 26690
43506 27190
4829 33307
28360 37976
21151 28476
42720 46886
43506 8293
35131 15992
39526 595
3406 29797
390 29040
30142 1145
46886 46635
37146 27621
43453 27073
33291 42095
15051 161
20294 13094
35843 10419
39746 13010
8340 49017
